0 0.27554 0.46876 0.1298 0.06184
0 0.21814 0.4052 0.05656 0.02736
0 0.30332 0.39684 0.08456 0.0678667
0 0.123 0.299173 0.01568 0.0918933
0 0.1308 0.22116 0.01308 0.0392267
0 0.14153 0.31188 0.03086 0.120187
0 0.12669 0.139773 0.02962 0.0813067
0 0.18893 0.0408933 0.0425 0.0730933
0 0.18977 0.20812 0.02526 0.0532
0 0.11031 0.232893 0.03202 0.0990667
0 0.37311 0.471787 0.02866 0.0317867
0 0.08481 0.227387 0.02798 0.0861333
0 0.25381 0.411613 0.04762 0.0222667
0 0.21525 0.380573 0.10938 0.0525067
0 0.13539 0.219773 0.0259 0.06584
0 0.09867 0.0291867 0.05462 0.0571467
0 0.16872 0.27096 0.05308 0.0365333
0 0.1547 0.210427 0.01712 0.04896
0 0.29201 0.445973 0.12298 0.03312
0 0.17386 0.340467 0.03344 0.0269067
