0 0.484257 0.615469 0.0319802 0.0171875
0 0.425289 0.6335 0.0366832 0.0358438
0 0.528828 0.609969 0.0572607 0.0326562
0 0.485479 0.611031 0.0381518 0.0244375
0 0.512995 0.618555 0.0555611 0.0247969
0 0.530165 0.628727 0.0448515 0.0180469
0 0.573333 0.601836 0.0208251 0.0230156
0 0.450116 0.633992 0.030066 0.0291094
0 0.460446 0.638219 0.0316832 0.0250937
0 0.489183 0.60007 0.0433498 0.0192344
0 0.436997 0.631211 0.0338284 0.0296406
0 0.416667 0.631312 0.0328053 0.0274375
0 0.551073 0.592984 0.0248185 0.0198438
0 0.419109 0.652016 0.0119142 0.0220625
0 0.55684 0.636195 0.0231518 0.0386094
0 0.398548 0.648383 0.00768977 0.0162031
0 0.556353 0.602078 0.0127393 0.0176875
0 0.53453 0.592586 0.00866337 0.00692187
0 0.434942 0.643117 0.0273762 0.0387344
