0 0.14757 0.612435 0.0451719 0.0434588
0 0.22043 0.569224 0.0458281 0.0220706
0 0.201805 0.5758 0.0275156 0.0163529
0 0.431219 0.848906 0.011375 0.0112235
0 0.273367 0.5838 0.0314219 0.0168235
0 0.290383 0.695412 0.0244531 0.0161882
0 0.26582 0.603647 0.0227344 0.0233882
0 0.163883 0.593012 0.0331719 0.0355765
0 0.331984 0.685506 0.0155 0.0115294
0 0.296961 0.599976 0.0152344 0.0233412
0 0.28982 0.723 0.0310781 0.0225176
0 0.28632 0.861965 0.00617188 0.0124
0 0.299617 0.902906 0.0207344 0.0201647
0 0.219672 0.758388 0.0245 0.0206353
0 0.22768 0.5928 0.0414844 0.0310588
0 0.399695 0.849224 0.0190156 0.00687059
0 0.327578 0.592776 0.0124063 0.0258824
0 0.347172 0.833647 0.0144687 0.00809412
0 0.321883 0.591671 0.0155469 0.0283765
0 0.214531 0.607824 0.0383437 0.0396941
0 0.170422 0.768847 0.0165313 0.0124706
0 0.334586 0.807659 0.0206406 0.0108
0 0.246063 0.867682 0.0536563 0.0192235
0 0.278922 0.817941 0.0160938 0.0117882
0 0.277422 0.886753 0.0396875 0.0228235
0 0.253836 0.603012 0.0159219 0.0376941
0 0.460266 0.853047 0.0152812 0.00576471
0 0.176539 0.595694 0.0304844 0.0446118
0 0.149109 0.769318 0.01075 0.0215059
0 0.219406 0.730012 0.0348125 0.0168706
0 0.245195 0.775141 0.00660938 0.0144235
0 0.154281 0.805612 0.0198438 0.0224235
0 0.240609 0.741282 0.0104375 0.0157412
0 0.18093 0.599706 0.0124219 0.0301882
0 0.451547 0.848588 0.012 0.0105882
0 0.210648 0.7436 0.0184219 0.0159059
0 0.2065 0.775647 0.0129375 0.0145412
0 0.320914 0.686906 0.0256406 0.0193176
0 0.257031 0.846424 0.0165313 0.0130824
0 0.355859 0.809341 0.0219062 0.0161882
0 0.331969 0.813694 0.0203125 0.0136941
0 0.211547 0.790071 0.0169063 0.0189647
0 0.302969 0.589306 0.0255625 0.0228
0 0.327664 0.707753 0.0105469 0.00877647
0 0.177953 0.741082 0.0174687 0.0121882
0 0.153422 0.599776 0.0399687 0.0425176
0 0.335437 0.844224 0.028375 0.0250118
0 0.267992 0.892576 0.0273906 0.0153176
0 0.26282 0.5648 0.0260469 0.0105882
0 0.259016 0.693447 0.0266875 0.0214353
0 0.239 0.617682 0.0309687 0.0411529
0 0.289148 0.714706 0.0427656 0.0288941
0 0.273984 0.828976 0.0128125 0.0149412
0 0.270984 0.740965 0.0254375 0.0227294
0 0.161203 0.756541 0.0250312 0.0152471
0 0.311516 0.602647 0.0130312 0.0171529
0 0.264555 0.560424 0.0199844 0.00851765
0 0.230539 0.721176 0.0331094 0.0203294
0 0.157648 0.788047 0.0217031 0.0162353
0 0.271875 0.904918 0.0461562 0.0154353
0 0.22043 0.8938 0.0373906 0.0282118
0 0.214352 0.622647 0.0432031 0.0414353
0 0.174633 0.796788 0.0152031 0.0136706
0 0.213156 0.561718 0.0417812 0.0150588
0 0.306336 0.585353 0.0266719 0.0243059
0 0.325625 0.867788 0.01025 0.0158118
0 0.165508 0.803341 0.0247969 0.0163294
0 0.300766 0.703588 0.0279063 0.0202588
0 0.271813 0.729906 0.0345312 0.0236706
0 0.224641 0.790906 0.0187812 0.0137647
0 0.189359 0.905859 0.0440625 0.0137882
0 0.140352 0.773482 0.0247969 0.0218353
0 0.256445 0.7046 0.0270156 0.0274588
0 0.233375 0.785682 0.0149375 0.0119765
0 0.331148 0.585365 0.0251094 0.0202824
0 0.259766 0.861388 0.0208438 0.0128941
0 0.319477 0.711682 0.00951562 0.00778824
0 0.18375 0.585459 0.0355625 0.0340235
0 0.262273 0.748176 0.0124219 0.0159765
0 0.251195 0.711576 0.0254219 0.0229647
0 0.305141 0.610776 0.0058125 0.0142588
0 0.182289 0.619906 0.0107656 0.0297412
0 0.274273 0.598059 0.0294219 0.0289176
0 0.336266 0.692824 0.0104375 0.0123294
0 0.118445 0.788859 0.0157656 0.0293412
0 0.318555 0.704894 0.00770312 0.012
0 0.272047 0.690682 0.0144375 0.0146353
0 0.237805 0.709494 0.0347344 0.0102824
0 0.243336 0.887529 0.0291406 0.0237176
0 0.234906 0.757353 0.0251563 0.0138588
0 0.130391 0.761741 0.0178437 0.0121412
0 0.209016 0.808306 0.0091875 0.00988235
0 0.279781 0.568529 0.0124063 0.00872941
0 0.268914 0.625894 0.0149219 0.0132471
0 0.415258 0.846318 0.00920312 0.0105176
0 0.439922 0.846518 0.016375 0.0123765
