1 0.458477 0.427385 0.0876094 0.0712292
1 0.317453 0.767729 0.100469 0.142208
1 0.209797 0.645 0.095 0.0874167
1 0.160148 0.515708 0.105578 0.087875
1 0.438125 0.373094 0.124969 0.0931458
1 0.56668 0.12449 0.0721406 0.0408542
1 0.372555 0.787344 0.105453 0.169896
1 0.51532 0.431719 0.0780156 0.0707708
1 0.837492 0.347573 0.113734 0.0868125
1 0.564422 0.357323 0.105406 0.127396
1 0.658133 0.739708 0.0521094 0.192833
1 0.257734 0.207354 0.0399687 0.060625
1 0.806023 0.285115 0.109141 0.0684375
1 0.763336 0.693719 0.105703 0.144854
1 0.611102 0.78324 0.0922656 0.201521
1 0.362398 0.156188 0.0394219 0.058
1 0.613859 0.1505 0.0549063 0.055875
1 0.175234 0.58825 0.106969 0.0715833
1 0.182664 0.333948 0.0834531 0.0789792
1 0.843695 0.522813 0.102203 0.0902083
1 0.181492 0.417771 0.0794219 0.0526667
1 0.200656 0.290125 0.0687813 0.063125
1 0.85782 0.449417 0.115484 0.0934167
1 0.325492 0.162354 0.0457656 0.0517917
1 0.722656 0.73649 0.08975 0.174687
1 0.225547 0.249885 0.0477812 0.0618125
1 0.793539 0.640354 0.106484 0.16375
1 0.432719 0.801385 0.096375 0.167438
1 0.180188 0.381302 0.0709375 0.0543958
1 0.291477 0.172437 0.0305781 0.045375
1 0.279047 0.711906 0.116875 0.108646
1 0.466117 0.302969 0.0575469 0.0701042
1 0.402781 0.131812 0.0400625 0.0397917
1 0.828773 0.578365 0.0930781 0.127187
1 0.159812 0.455052 0.0923125 0.0546042
1 0.855 0.401187 0.114719 0.0659167
1 0.592633 0.403802 0.0928906 0.0989792
1 0.516297 0.309938 0.0803438 0.123583
1 0.547859 0.786635 0.0781563 0.183854
1 0.660961 0.180083 0.0669531 0.0507917
1 0.717742 0.205313 0.0865469 0.0469167
1 0.446414 0.113708 0.0490469 0.059375
1 0.483977 0.121281 0.0430781 0.0471875
1 0.232016 0.679031 0.0976875 0.110771
1 0.758609 0.232573 0.0816562 0.0458958
1 0.527695 0.117542 0.0638281 0.0500833
