2 0.661289 0.356803 0.0206406 0.0301874
2 0.50443 0.402951 0.0328281 0.0419672
2 0.636414 0.354789 0.0275156 0.0381967
2 0.676313 0.414227 0.0195 0.0202576
2 0.547609 0.398642 0.0359063 0.0453864
2 0.650922 0.413208 0.008375 0.0182201
2 0.585961 0.399871 0.0369219 0.0489696
2 0.616492 0.413899 0.0198281 0.0215222
2 0.69282 0.410492 0.0168281 0.0190632
2 0.668445 0.316674 0.0198281 0.0292272
2 0.654406 0.387799 0.0234688 0.0169555
2 0.659047 0.415984 0.0164063 0.0164169
2 0.641789 0.316803 0.0255781 0.0351991
2 0.631008 0.398126 0.0128281 0.0151288
