0 0.783852 0.29623 0.0605156 0.117705
0 0.359672 0.731827 0.0660625 0.14637
0 0.504523 0.141792 0.0608594 0.121522
0 0.650164 0.75 0.0370469 0.0978923
0 0.0740859 0.174625 0.0703594 0.264192
0 0.254406 0.793548 0.0609375 0.111124
0 0.908977 0.924297 0.0778281 0.143536
0 0.0753828 0.361382 0.0510781 0.136019
0 0.777766 0.872576 0.0494375 0.0945199
0 0.177484 0.691698 0.05625 0.125129
0 0.398031 0.299555 0.0635938 0.0441686
0 0.418344 0.694016 0.025125 0.0664871
0 0.772078 0.0797658 0.077375 0.0807026
0 0.377508 0.223724 0.0878594 0.0659016
0 0.510648 0.575316 0.0473281 0.214426
0 0.88918 0.786803 0.0503906 0.13815
0 0.0231719 0.918513 0.042625 0.160304
0 0.871563 0.952061 0.039375 0.0958782
0 0.524789 0.972564 0.0226406 0.0525761
0 0.0287891 0.317459 0.0575781 0.148923
0 0.423719 0.644169 0.0757188 0.048103
0 0.890664 0.282354 0.135203 0.103583
0 0.628016 0.754286 0.03225 0.104356
0 0.745633 0.0985948 0.0521406 0.0925527
0 0.0238125 0.251171 0.0438438 0.127963
0 0.958789 0.228044 0.0675469 0.123583
0 0.765914 0.4787 0.0573594 0.0517799
0 0.379672 0.425281 0.0922813 0.0805855
0 0.532094 0.615293 0.0399687 0.147494
0 0.307328 0.422951 0.0854375 0.144543
0 0.75043 0.904742 0.0209844 0.124614
0 0.0979063 0.456487 0.0986875 0.110351
0 0.0788125 0.019192 0.0769688 0.0383841
0 0.245844 0.359262 0.038625 0.056089
0 0.442555 0.311534 0.0726406 0.0846136
0 0.189672 0.920176 0.0387813 0.121429
0 0.883422 0.228923 0.118656 0.0581733
0 0.413078 0.0807026 0.105469 0.144871
0 0.0240547 0.637623 0.0481094 0.0959016
0 0.030375 0.684333 0.06075 0.143513
0 0.431711 0.603653 0.0677031 0.0374707
0 0.549141 0.484684 0.036375 0.138033
0 0.187313 0.852834 0.0342187 0.0307728
0 0.596875 0.162881 0.0709687 0.212927
0 0.420484 0.175281 0.102625 0.0812881
0 0.256945 0.604016 0.0731094 0.117494
0 0.170641 0.431803 0.0914688 0.0633255
0 0.359563 0.0738173 0.105125 0.0761593
0 0.877305 0.728653 0.0264844 0.0944028
0 0.588023 0.881487 0.0452656 0.0870492
0 0.656797 0.0974941 0.0777188 0.11452
0 0.278031 0.142061 0.0689375 0.146323
0 0.142969 0.626464 0.0715625 0.0764871
0 0.327422 0.787307 0.0755625 0.116159
0 0.57607 0.493384 0.0331719 0.0764169
0 0.427695 0.740644 0.0423594 0.0830679
0 0.263234 0.650258 0.0725937 0.13897
0 0.216883 0.188665 0.0779844 0.175222
0 0.368453 0.146358 0.101562 0.0762763
0 0.827719 0.617857 0.02525 0.029719
0 0.905641 0.766206 0.0403437 0.127681
0 0.489234 0.857693 0.0123125 0.0625527
0 0.419234 0.550539 0.0379375 0.0507728
0 0.0484609 0.912365 0.0397969 0.160515
0 0.489727 0.412763 0.0492656 0.100515
0 0.746602 0.443115 0.0601406 0.0864637
0 0.827398 0.299461 0.0748594 0.106136
0 0.124797 0.706405 0.0983125 0.0879859
0 0.517797 0.227248 0.0921875 0.138244
0 0.476047 0.850644 0.0240625 0.0637705
0 0.682844 0.961663 0.0170937 0.0766745
0 0.475445 0.522436 0.0508281 0.0448712
0 0.918023 0.596546 0.0329844 0.0689696
0 0.868984 0.314906 0.107844 0.144848
0 0.786789 0.159016 0.0403906 0.109133
0 0.648508 0.942869 0.0362344 0.11281
0 0.691953 0.215246 0.0425625 0.165386
0 0.597867 0.525562 0.0446094 0.146393
0 0.228687 0.640351 0.0548125 0.156347
0 0.0440469 0.141745 0.0662188 0.130984
0 0.181906 0.554274 0.0814375 0.0620843
0 0.879195 0.629251 0.0390469 0.143794
0 0.368516 0.360094 0.102344 0.122717
0 0.9155 0.740843 0.0391875 0.105667
0 0.287922 0.193162 0.0671563 0.173958
0 0.16793 0.944087 0.0453594 0.111827
0 0.338195 0.53911 0.0447344 0.0348946
0 0.631273 0.92192 0.0459844 0.104871
0 0.967617 0.378009 0.0222656 0.072178
0 0.145625 0.901323 0.0581562 0.138197
0 0.746742 0.301827 0.0701406 0.122998
0 0.127055 0.670269 0.0865156 0.0752927
0 0.919797 0.530855 0.07275 0.0718267
0 0.260492 0.058466 0.0592656 0.116932
0 0.846656 0.553712 0.0370937 0.112061
0 0.501266 0.860831 0.0275313 0.105129
0 0.209867 0.438138 0.0776094 0.100258
0 0.0225234 0.564356 0.0450469 0.0506792
0 0.0203125 0.138595 0.040625 0.121499
0 0.301969 0.983583 0.0225625 0.0281967
0 0.187906 0.322365 0.0376563 0.0825293
0 0.561555 0.582904 0.0374844 0.126792
0 0.241414 0.325222 0.0587969 0.120281
0 0.864602 0.511534 0.0405156 0.0974473
0 0.331305 0.735176 0.0557656 0.137564
0 0.827164 0.641792 0.0365781 0.0764169
0 0.598125 0.751148 0.0535 0.113068
0 0.289844 0.274473 0.0744375 0.12459
0 0.664516 0.954742 0.0328125 0.0869087
0 0.514234 0.432822 0.0410313 0.0776815
0 0.684688 0.470129 0.0642812 0.0505152
0 0.819359 0.443056 0.0606875 0.0576815
0 0.730258 0.906206 0.0263281 0.123091
0 0.65793 0.681101 0.0547031 0.0791569
0 0.700203 0.878407 0.0476875 0.0900703
0 0.676711 0.152518 0.0526719 0.102084
0 0.147688 0.932881 0.0635938 0.129227
0 0.767336 0.896534 0.0405156 0.125386
0 0.743797 0.541194 0.0561562 0.047822
0 0.584852 0.671311 0.0328906 0.0730679
0 0.713547 0.184145 0.0504687 0.145199
0 0.904836 0.556628 0.0410469 0.100047
0 0.115344 0.91178 0.0245938 0.0623419
0 0.6885 0.766393 0.0166563 0.051897
0 0.792656 0.596721 0.0504687 0.0485246
0 0.176352 0.0792389 0.0632656 0.155574
0 0.879594 0.792752 0.0498437 0.155059
0 0.85182 0.843454 0.0372656 0.0808665
0 0.608273 0.58144 0.0403594 0.120585
0 0.82225 0.586674 0.0319375 0.0916628
0 0.812859 0.752916 0.0178125 0.0830679
0 0.433688 0.467459 0.0499062 0.11534
0 0.157016 0.204368 0.0659687 0.235995
0 0.586641 0.906956 0.034625 0.0462763
0 0.687625 0.862155 0.0560625 0.102155
0 0.836641 0.754965 0.039625 0.112084
0 0.0239219 0.604789 0.0478438 0.0802576
0 0.620016 0.168888 0.0774375 0.157354
0 0.510227 0.0614403 0.0524844 0.0916862
0 0.590758 0.86363 0.0435781 0.0804215
0 0.791547 0.505269 0.0385 0.0667447
0 0.316914 0.397541 0.0879531 0.131522
0 0.845883 0.315176 0.0786719 0.131663
0 0.947195 0.955141 0.0567031 0.0877986
0 0.368188 0.70123 0.0542813 0.138852
0 0.440922 0.953583 0.0222188 0.0907728
0 0.470641 0.83692 0.0272812 0.0666745
0 0.450477 0.847857 0.0202031 0.0677518
0 0.692883 0.424262 0.0609531 0.0467447
0 0.228227 0.805867 0.0571094 0.0929977
0 0.289555 0.448583 0.0888906 0.169485
0 0.477109 0.231932 0.0951875 0.128782
0 0.551664 0.0314052 0.0541094 0.0623419
0 0.272375 0.594848 0.0825 0.149602
0 0.160938 0.48603 0.0761563 0.0585714
0 0.439813 0.353665 0.0464375 0.0545902
0 0.695211 0.969379 0.0176094 0.0612412
0 0.501836 0.73767 0.0559844 0.110281
0 0.35 0.50582 0.0712812 0.0976815
0 0.233953 0.26829 0.0589063 0.133536
0 0.137422 0.537916 0.0763438 0.0584075
0 0.522883 0.835644 0.0369531 0.105293
0 0.145672 0.802681 0.0262812 0.0208197
0 0.454461 0.947155 0.0427344 0.105691
0 0.0773906 0.898407 0.0514375 0.156019
0 0.211711 0.0792974 0.0677031 0.158595
0 0.0978516 0.547354 0.0630781 0.0638407
0 0.682742 0.501827 0.0641406 0.0738173
0 0.40268 0.950913 0.0369219 0.0981733
0 0.341945 0.0374824 0.132484 0.0728103
0 0.495203 0.725902 0.0182812 0.0430913
0 0.110742 0.214262 0.0809844 0.259204
0 0.0295781 0.0698361 0.0404375 0.0444028
