2 0.648073 0.652016 0.0738958 0.0502187
2 0.928708 0.10393 0.0156667 0.0188594
2 0.829448 0.104742 0.0433125 0.0197344
2 0.418271 0.816945 0.119208 0.0517031
2 0.778833 0.102969 0.0527083 0.0218125
2 0.567146 0.644789 0.0550417 0.0247656
2 0.487865 0.358328 0.0268958 0.0169063
2 0.431354 0.441742 0.0395 0.0262969
2 0.387583 0.702281 0.097375 0.0425625
2 0.163729 0.780516 0.104958 0.0487187
2 0.387875 0.504414 0.0956667 0.0521406
2 0.349375 0.57218 0.085375 0.0299219
2 0.345792 0.429883 0.0260417 0.0152344
2 0.693562 0.314008 0.279208 0.0502969
2 0.69076 0.43618 0.113854 0.0543594
2 0.41999 0.317922 0.0769792 0.0256875
