2 0.568969 0.702469 0.0154375 0.01425
2 0.577792 0.680977 0.01225 0.00898437
2 0.575083 0.642977 0.0148333 0.0125156
2 0.526125 0.677211 0.017875 0.0104844
2 0.344375 0.657039 0.0269167 0.0197344
2 0.366115 0.712703 0.0262292 0.014875
2 0.469531 0.70307 0.0231458 0.00923437
2 0.400281 0.718656 0.0179792 0.0124688
2 0.39926 0.643539 0.0127292 0.00895313
2 0.468438 0.716859 0.0194167 0.0108438
2 0.51026 0.634977 0.0187708 0.00632812
2 0.368635 0.659211 0.0204375 0.0113281
2 0.432167 0.625477 0.01425 0.0101094
2 0.41074 0.7065 0.0201875 0.0119375
2 0.492219 0.662023 0.00864583 0.00726563
2 0.478823 0.610672 0.0131042 0.0167187
2 0.471406 0.625164 0.0321458 0.0111406
2 0.539896 0.634914 0.0152917 0.00898437
2 0.546 0.644141 0.0167083 0.00884375
2 0.504156 0.655664 0.0148125 0.00845313
2 0.395844 0.691531 0.0121875 0.0113125
2 0.476312 0.640492 0.0141667 0.0118906
2 0.412583 0.658813 0.018625 0.0108438
2 0.492969 0.688969 0.0151042 0.0101875
2 0.372687 0.63975 0.018125 0.0106563
2 0.505615 0.689148 0.0139792 0.0112656
2 0.515073 0.674484 0.0075625 0.00521875
2 0.493146 0.616422 0.0100833 0.006
2 0.488187 0.72825 0.012125 0.00565625
2 0.509 0.727945 0.01275 0.0129531
2 0.487781 0.735219 0.0171042 0.00609375
2 0.389417 0.671945 0.01425 0.00457813
2 0.41575 0.620766 0.0145 0.0104063
2 0.424115 0.715672 0.0163542 0.00978125
2 0.467198 0.738531 0.0177708 0.0105313
2 0.520625 0.702562 0.0190833 0.0105313
2 0.342562 0.70243 0.0157083 0.00842187
2 0.494052 0.719836 0.0079375 0.00501563
2 0.393573 0.676492 0.0220208 0.00479687
2 0.422865 0.695742 0.0212292 0.0135156
2 0.367573 0.67532 0.00664583 0.00982813
2 0.405073 0.625937 0.0143958 0.0090625
2 0.387302 0.657844 0.0136458 0.00546875
2 0.354698 0.673414 0.0183542 0.00985938
2 0.553458 0.63968 0.017375 0.00967187
2 0.433052 0.677758 0.0165208 0.0105469
2 0.555698 0.632906 0.0102292 0.0070625
2 0.384219 0.649094 0.0131458 0.009375
2 0.467073 0.647453 0.0140208 0.006875
2 0.497406 0.649148 0.00885417 0.0114844
2 0.400365 0.650672 0.0157708 0.00896875
2 0.481844 0.667086 0.00814583 0.00689063
2 0.436729 0.631203 0.0115 0.00528125
