2 0.228219 0.425671 0.0464387 0.0821555
2 0.219575 0.367527 0.0578302 0.0742756
2 0.265625 0.394452 0.0396462 0.0513781
2 0.308573 0.38189 0.0385613 0.0590459
2 0.198715 0.465477 0.0574292 0.0875618
2 0.235696 0.49871 0.0528538 0.0678799
2 0.18395 0.419982 0.0472877 0.045477
2 0.361899 0.374912 0.0410613 0.109329
2 0.358797 0.296961 0.0538679 0.0745583
2 0.286899 0.544258 0.0403538 0.0619435
2 0.315189 0.257739 0.0491038 0.0662191
2 0.27033 0.328481 0.0618396 0.0774558
2 0.256403 0.54023 0.0418632 0.0675265
2 0.27862 0.43811 0.0631368 0.0781979
2 0.291804 0.358958 0.0370519 0.0603887
2 0.359623 0.526007 0.0513679 0.0654417
2 0.395696 0.34583 0.0439387 0.0703887
2 0.41125 0.426413 0.0609906 0.0842049
2 0.32645 0.319947 0.0512972 0.0740283
2 0.323998 0.50636 0.0678538 0.0742049
2 0.332913 0.415071 0.0525236 0.106325
2 0.310849 0.57841 0.0594811 0.0850883
2 0.272217 0.28447 0.0616038 0.0471025
