0 0.22191 0.658589 0.00974 0.0264264
0 0.21571 0.500646 0.0205 0.028979
0 0.5219 0.267297 0.01092 0.0428228
0 0.5591 0.210045 0.01212 0.0435736
0 0.50977 0.138784 0.01454 0.0525826
0 0.19193 0.691021 0.0135 0.0256456
0 0.20482 0.685901 0.01196 0.0245946
0 0.22754 0.647703 0.00512 0.0271772
0 0.51827 0.201216 0.01314 0.0496997
0 0.54575 0.0792643 0.01378 0.0524625
0 0.49732 0.0749249 0.01784 0.0529129
0 0.54997 0.25012 0.0137 0.0432432
0 0.54175 0.19 0.01126 0.057958
0 0.50231 0.265435 0.01366 0.042042
0 0.57477 0.181066 0.01478 0.0318018
0 0.50462 0.207237 0.01588 0.0446246
0 0.569 0.0192192 0.01808 0.0342342
0 0.19013 0.661411 0.01298 0.0269069
0 0.53159 0.202057 0.01178 0.0481982
0 0.53558 0.0672523 0.01296 0.061952
0 0.4884 0.207237 0.01084 0.0355556
0 0.56423 0.0871772 0.01694 0.0608408
0 0.51053 0.267928 0.01286 0.036997
0 0.19824 0.660916 0.009 0.022012
0 0.56614 0.230916 0.02032 0.0405105
0 0.57138 0.132222 0.00988 0.021982
0 0.49007 0.086021 0.01674 0.0492793
0 0.18288 0.663288 0.01204 0.0182883
0 0.4956 0.267042 0.01948 0.0423123
0 0.21202 0.662342 0.00996 0.0262462
0 0.53109 0.240946 0.0053 0.0330631
0 0.49801 0.211547 0.01938 0.0454354
0 0.48722 0.151547 0.00956 0.0328228
0 0.55603 0.0811862 0.01634 0.0588889
0 0.52399 0.132297 0.00922 0.0415315
0 0.19616 0.7047 0.01416 0.0143844
0 0.17536 0.522748 0.01092 0.027958
0 0.50979 0.0457658 0.01022 0.0412613
0 0.56891 0.163979 0.0123 0.0402703
0 0.19466 0.641922 0.007 0.0187387
0 0.5388 0.148153 0.01648 0.0393694
0 0.23529 0.66006 0.01022 0.0254054
0 0.56336 0.209354 0.01464 0.0478979
0 0.52436 0.016967 0.01148 0.0339339
0 0.55562 0.156682 0.01384 0.0440541
0 0.51535 0.0777628 0.01126 0.0417117
0 0.56784 0.246411 0.025 0.0384685
0 0.23821 0.636877 0.0075 0.0248048
0 0.53641 0.267417 0.01298 0.0438438
0 0.22413 0.68018 0.00702 0.0138138
0 0.56897 0.0955706 0.01998 0.0556456
0 0.21424 0.701336 0.00768 0.0174474
0 0.50263 0.021952 0.01102 0.0439039
0 0.21191 0.641471 0.00922 0.0181982
0 0.2033 0.635811 0.00784 0.0212913
0 0.52458 0.0610661 0.01344 0.0735435
0 0.20394 0.505736 0.01488 0.0427027
