2 0.430469 0.551153 0.03525 0.0341176
2 0.482586 0.558129 0.00735937 0.0215294
2 0.373898 0.521718 0.0316719 0.0336
2 0.233906 0.541941 0.0214688 0.0276941
2 0.432852 0.590482 0.0248281 0.0250588
2 0.451187 0.604012 0.0149062 0.0190353
2 0.475305 0.518588 0.0282656 0.0407529
2 0.239539 0.568388 0.0172031 0.0243529
2 0.386766 0.555494 0.0187187 0.0220471
2 0.235602 0.581012 0.0196406 0.0344941
2 0.380375 0.595506 0.0226562 0.0233412
2 0.441969 0.542235 0.01975 0.0285647
2 0.3245 0.543706 0.02325 0.0262353
2 0.912453 0.0224235 0.054375 0.0448471
2 0.286578 0.549706 0.0253437 0.0252
2 0.47668 0.585259 0.00935937 0.0130588
2 0.302031 0.540859 0.0180312 0.0321176
2 0.268305 0.604706 0.0361406 0.0418824
2 0.369148 0.576694 0.0242969 0.0244
2 0.398891 0.597682 0.01725 0.0211529
