0 0.727672 0.683188 0.0935312 0.065375
0 0.70882 0.744906 0.0791406 0.0582708
0 0.734039 0.802125 0.0721094 0.046
0 0.68143 0.697833 0.0629531 0.0904167
0 0.19543 0.559625 0.0416094 0.0857917
0 0.53375 0.360406 0.139406 0.0569375
0 0.162133 0.560979 0.0373594 0.0555417
0 0.751805 0.734521 0.0819531 0.051875
0 0.647586 0.753135 0.0457344 0.0942708
0 0.769664 0.534438 0.0954531 0.065
0 0.681805 0.619563 0.0958906 0.065125
0 0.527141 0.526094 0.098 0.0360208
0 0.767086 0.653302 0.0700469 0.0471042
0 0.617055 0.618115 0.0490469 0.0637292
0 0.156828 0.531583 0.06 0.0609583
0 0.530867 0.415729 0.0791719 0.0877917
0 0.6085 0.711813 0.0635312 0.0722917
0 0.784648 0.201104 0.126234 0.0440833
0 0.517703 0.662937 0.0846563 0.051125
0 0.567312 0.685 0.07 0.100667
0 0.554258 0.325469 0.108703 0.0622292
0 0.745922 0.822708 0.0270312 0.0225
0 0.726039 0.162 0.0627656 0.070625
0 0.574469 0.264969 0.118625 0.0703958
0 0.757477 0.255917 0.0909219 0.0694167
0 0.52443 0.771406 0.0731406 0.0622708
0 0.384438 0.721344 0.049375 0.100062
0 0.819211 0.363854 0.0642969 0.08575
0 0.735352 0.621448 0.110734 0.0631042
0 0.371875 0.737615 0.0373125 0.0977708
0 0.580492 0.195906 0.101422 0.0925208
0 0.608969 0.403323 0.062875 0.161313
0 0.646164 0.830031 0.0578594 0.0787292
0 0.568227 0.612396 0.0677656 0.0600417
0 0.709055 0.841375 0.0839219 0.0489583
0 0.35025 0.705354 0.0659375 0.0663333
0 0.676281 0.798656 0.083375 0.0610625
0 0.515227 0.621625 0.0671406 0.0658333
0 0.807188 0.36176 0.0818438 0.110604
0 0.79807 0.288438 0.0409531 0.0331667
0 0.416562 0.751229 0.028 0.0917083
0 0.757625 0.380354 0.0939375 0.10625
0 0.781281 0.694604 0.0510938 0.0474583
0 0.72907 0.326042 0.151203 0.0693333
0 0.756148 0.182979 0.106828 0.0413333
0 0.699484 0.537573 0.0874687 0.136646
0 0.742734 0.470302 0.0819375 0.125604
0 0.816336 0.428469 0.0958281 0.0613542
0 0.530773 0.816052 0.0869844 0.0673125
0 0.689297 0.884021 0.0578438 0.0617083
0 0.590695 0.763521 0.0728594 0.0748333
0 0.183563 0.579625 0.0256875 0.072375
0 0.622406 0.183573 0.0287813 0.0439375
0 0.542648 0.562083 0.0930469 0.0620417
0 0.635 0.67176 0.0485312 0.0798125
0 0.519102 0.693885 0.0592031 0.0533542
0 0.55668 0.740677 0.0410156 0.0528125
0 0.640289 0.467958 0.0608594 0.103208
0 0.642352 0.568771 0.0512969 0.0617083
0 0.595117 0.846781 0.0450156 0.0909792
0 0.729242 0.869031 0.0627656 0.0325208
0 0.536586 0.475208 0.0828906 0.0600417
0 0.392672 0.776781 0.0277813 0.0639375
0 0.691227 0.442188 0.0610469 0.081375
0 0.787797 0.447635 0.117594 0.0702708
0 0.694047 0.544635 0.07975 0.0898125
0 0.801047 0.243198 0.138094 0.0631875
0 0.435594 0.783854 0.0239688 0.072125
0 0.567711 0.41475 0.108516 0.15625
