0 0.770891 0.282712 0.0774375 0.215856
0 0.570258 0.330584 0.0908594 0.17736
0 0.187445 0.307576 0.187859 0.185904
0 0.535969 0.423648 0.0465625 0.0416
0 0.597828 0.353288 0.0871875 0.173776
0 0.161875 0.299976 0.159406 0.165744
0 0.528992 0.326952 0.0924844 0.192144
0 0.691586 0.25368 0.0899531 0.176544
0 0.873906 0.236456 0.0879687 0.214576
0 0.0740312 0.285064 0.0278125 0.179344
0 0.0890703 0.275616 0.0545156 0.166688
0 0.614391 0.335032 0.0656562 0.13752
0 0.423633 0.310896 0.0911719 0.19392
0 0.567414 0.436368 0.0337969 0.03728
0 0.38818 0.307272 0.0980469 0.181072
0 0.395336 0.28612 0.124328 0.147504
0 0.342602 0.27976 0.0987969 0.163264
0 0.72182 0.311944 0.118672 0.183376
0 0.702992 0.273072 0.133828 0.208576
0 0.157305 0.3064 0.146359 0.180416
0 0.248977 0.31232 0.123547 0.209088
0 0.726297 0.228944 0.0343437 0.106976
0 0.512094 0.335464 0.0949062 0.180912
0 0.908852 0.239856 0.0692031 0.20496
