0 0.956523 0.524625 0.0755781 0.173333
0 0.869695 0.395896 0.0980781 0.303583
0 0.882477 0.465646 0.150922 0.289
0 0.945477 0.369094 0.108234 0.224896
2 0.22793 0.576708 0.0754844 0.082375
2 0.484977 0.401073 0.0517344 0.0673958
2 0.294109 0.45549 0.0834688 0.0856458
2 0.309195 0.544135 0.0965156 0.106313
2 0.61407 0.546542 0.0453906 0.0664167
2 0.558258 0.439271 0.110828 0.13525
2 0.35207 0.424865 0.0599219 0.0804375
2 0.423086 0.384083 0.0816719 0.0849167
2 0.403391 0.453771 0.09 0.127708
2 0.303203 0.658073 0.1175 0.155646
2 0.360961 0.495854 0.0643906 0.1015
2 0.477797 0.482438 0.0907188 0.129375
2 0.399492 0.631156 0.0828906 0.0958542
2 0.50075 0.538219 0.09125 0.0847708
2 0.233273 0.506771 0.100672 0.114042
2 0.230484 0.40949 0.114969 0.128812
2 0.533117 0.363865 0.0674844 0.0649792
2 0.4035 0.563042 0.096875 0.100167
