2 0.788648 0.635023 0.0836094 0.0716719
2 0.830836 0.41507 0.0958281 0.0815781
2 0.521328 0.16543 0.072375 0.0653281
2 0.497125 0.204828 0.0835937 0.0733437
2 0.568664 0.390312 0.0833281 0.101781
2 0.282414 0.58782 0.0630781 0.0489844
2 0.33782 0.56932 0.105547 0.117016
2 0.322828 0.316672 0.086125 0.058125
2 0.890141 0.256227 0.0653125 0.0663281
2 0.276695 0.339453 0.0435781 0.0841875
2 0.410219 0.241805 0.0785937 0.0752031
2 0.368047 0.492352 0.0582187 0.0457031
2 0.270289 0.399945 0.0592656 0.0315781
2 0.561438 0.139391 0.06125 0.0682813
2 0.459414 0.591086 0.0579531 0.0710469
2 0.779391 0.359945 0.0564375 0.0757031
2 0.546172 0.59875 0.119344 0.114906
2 0.827086 0.32643 0.0808281 0.104328
2 0.659875 0.0547891 0.0640938 0.0505156
2 0.293055 0.527953 0.0482031 0.0487187
2 0.7425 0.187766 0.0611875 0.0992187
2 0.540344 0.310969 0.0407187 0.0630625
2 0.635406 0.547617 0.0704063 0.0763906
2 0.443156 0.555797 0.0712812 0.0401562
2 0.882031 0.355367 0.06125 0.0430781
2 0.794008 0.194148 0.0616719 0.0732344
2 0.726047 0.151016 0.07025 0.0561562
2 0.700805 0.343969 0.0579219 0.0561562
2 0.326086 0.515547 0.0676719 0.0877813
2 0.885805 0.628633 0.147484 0.0598906
2 0.706141 0.672852 0.0954062 0.125172
2 0.508398 0.447164 0.0717656 0.0709844
2 0.833016 0.507125 0.087125 0.066
2 0.486648 0.295383 0.0520469 0.0435781
2 0.612141 0.0739844 0.0648125 0.0506875
