2 0.434656 0.913056 0.128781 0.0801639
2 0.969086 0.873981 0.0598281 0.0930679
2 0.190945 0.984883 0.0759219 0.0302342
2 0.163312 0.8787 0.0668125 0.0426932
2 0.187859 0.839719 0.0614688 0.0359719
2 0.0756094 0.863806 0.0879062 0.0734192
2 0.367922 0.876546 0.0464687 0.0413349
2 0.377781 0.825129 0.0803438 0.0333489
2 0.612219 0.884672 0.028375 0.0435831
2 0.748484 0.852354 0.081 0.0238173
2 0.178406 0.784426 0.0516563 0.0584543
2 0.853867 0.973419 0.0491094 0.0237002
2 0.217164 0.806674 0.0810156 0.0410304
2 0.0169063 0.921405 0.0319688 0.0566745
2 0.651086 0.833255 0.0324844 0.0216393
2 0.771898 0.81178 0.0465781 0.0423419
2 0.430586 0.832939 0.0680781 0.0314988
2 0.514117 0.812939 0.0405781 0.0156674
2 0.610203 0.925105 0.0380937 0.0338642
2 0.420625 0.86733 0.024875 0.0298829
2 0.654273 0.87322 0.0350469 0.0402576
2 0.573133 0.833653 0.0859219 0.030445
2 0.672414 0.925304 0.0463281 0.0248946
2 0.0371328 0.991241 0.0168281 0.0175176
2 0.632805 0.875281 0.0292031 0.0440984
