0 0.0905156 0.732752 0.162875 0.131311
0 0.302273 0.59034 0.131516 0.133232
0 0.455289 0.532494 0.125016 0.115527
0 0.332055 0.360222 0.133984 0.117681
0 0.589141 0.52322 0.0936875 0.103255
0 0.314914 0.525913 0.129422 0.0616159
0 0.0967969 0.394063 0.123438 0.113794
0 0.13143 0.470422 0.116016 0.0874941
0 0.207297 0.421733 0.115906 0.0770023
0 0.508977 0.491066 0.112266 0.101101
0 0.593906 0.615234 0.116688 0.0846136
0 0.0664531 0.54767 0.118938 0.128361
0 0.198672 0.363489 0.077875 0.0821546
0 0.436117 0.446897 0.109672 0.0967916
0 0.0147734 0.392506 0.0277969 0.0679625
0 0.0273047 0.812295 0.0522344 0.0603747
0 0.0237344 0.694649 0.04625 0.131358
0 0.322328 0.450445 0.13425 0.0971429
0 0.0365156 0.465691 0.0730313 0.109836
