1 0.597687 0.576371 0.0666875 0.0803655
1 0.702438 0.69141 0.0807812 0.136292
1 0.562078 0.718499 0.0604688 0.122689
1 0.607164 0.717702 0.0592031 0.13718
1 0.604094 0.653695 0.08675 0.0821149
1 0.673945 0.805287 0.0679844 0.10483
1 0.80025 0.61329 0.0759375 0.113159
1 0.699695 0.546514 0.0776406 0.139713
1 0.803609 0.693525 0.0875313 0.138068
1 0.740906 0.748943 0.065125 0.144621
1 0.655703 0.727089 0.0559687 0.118042
1 0.732977 0.86453 0.0857656 0.108277
1 0.659539 0.594021 0.0614531 0.130078
1 0.758359 0.529621 0.0623125 0.0783551
1 0.794187 0.829517 0.0918125 0.142272
1 0.659094 0.84829 0.0685313 0.128799
1 0.744211 0.623394 0.0865156 0.112219
1 0.548305 0.61376 0.0531719 0.116136
1 0.630563 0.512755 0.0796562 0.145039
1 0.782617 0.753708 0.0474844 0.0753003
