1 0.482164 0.888267 0.0269844 0.0438222
1 0.26482 0.726467 0.0203906 0.0267556
1 0.519008 0.835633 0.0125781 0.0354889
1 0.289109 0.742633 0.0115625 0.0226
1 0.488305 0.808944 0.0178906 0.0296222
1 0.27743 0.744856 0.0190156 0.0223333
1 0.469359 0.864522 0.0335625 0.0465556
1 0.824867 0.6968 0.0204531 0.0196
1 0.491984 0.838544 0.0300938 0.0446
1 0.767273 0.674756 0.0182031 0.0114667
1 0.301328 0.724678 0.0220938 0.0149556
1 0.799531 0.681556 0.0119063 0.0105333
1 0.28807 0.732278 0.0224844 0.0120667
1 0.296547 0.761756 0.02625 0.0196889
1 0.534461 0.819222 0.0324531 0.0364444
1 0.740422 0.670711 0.0122188 0.0135111
1 0.304836 0.751289 0.0265156 0.0211111
1 0.507594 0.838311 0.0227187 0.0361333
1 0.793437 0.678711 0.0076875 0.0105778
1 0.503359 0.876733 0.0279063 0.0444889
1 0.747367 0.678122 0.0163281 0.0170444
1 0.77968 0.672278 0.0218281 0.0176667
1 0.513609 0.812044 0.0172187 0.0216889
1 0.306758 0.736222 0.0233906 0.0160889
1 0.241344 0.727811 0.016375 0.0276667
1 0.499398 0.811344 0.0173594 0.0254
1 0.525656 0.860633 0.0229062 0.0316667
1 0.552914 0.787011 0.0208906 0.0164667
1 0.255055 0.741067 0.0128281 0.0182222
1 0.48268 0.869633 0.0260469 0.0332222
1 0.466273 0.836422 0.0262031 0.0372889
1 0.811063 0.691756 0.0135312 0.0102667
1 0.530898 0.794556 0.0254219 0.0336889
