2 0.699844 0.415352 0.0679687 0.0747781
2 0.347242 0.267232 0.0565781 0.0666841
2 0.729187 0.300379 0.078125 0.0831593
2 0.284648 0.422663 0.100984 0.0878329
2 0.711508 0.198172 0.0564219 0.0639687
2 0.237352 0.358525 0.0212344 0.0249347
2 0.459562 0.2247 0.0533125 0.0731593
2 0.476078 0.437206 0.0814062 0.067624
2 0.258141 0.599621 0.08325 0.104569
2 0.478664 0.642076 0.0846094 0.0691123
2 0.83493 0.518812 0.0834531 0.101384
2 0.290227 0.308368 0.0630469 0.0598695
2 0.539055 0.811462 0.0560781 0.0630287
2 0.163031 0.524256 0.0702812 0.124909
2 0.756945 0.576214 0.0949219 0.109295
2 0.743594 0.382467 0.0436563 0.0290078
2 0.618609 0.180313 0.0548125 0.0443864
2 0.754125 0.498903 0.0381875 0.0590601
2 0.577242 0.332572 0.0446406 0.0882245
