0 0.533135 0.808977 0.189396 0.0769219
0 0.461021 0.668898 0.0765833 0.112047
0 0.370302 0.684242 0.119896 0.100734
0 0.516813 0.880586 0.181875 0.132328
0 0.540146 0.855102 0.178042 0.0942031
0 0.555417 0.40432 0.0329167 0.0113594
0 0.49575 0.397172 0.0329167 0.0172187
0 0.487 0.686672 0.0333333 0.087625
0 0.553333 0.440336 0.0284583 0.0164219
0 0.519312 0.678898 0.0652917 0.100266
0 0.521208 0.405492 0.0295417 0.0211719
0 0.543854 0.692148 0.1235 0.0959531
0 0.40149 0.672484 0.0982708 0.124812
