0 0.935852 0.334365 0.118078 0.0723125
0 0.125367 0.524625 0.141734 0.0922917
0 0.907727 0.752437 0.0667344 0.0684583
0 0.443453 0.891354 0.0640938 0.0457917
0 0.0849219 0.256208 0.05975 0.0417917
0 0.393047 0.326792 0.175156 0.0765417
0 0.595195 0.883021 0.0607031 0.0684583
0 0.14175 0.334458 0.120188 0.144958
0 0.541703 0.856073 0.0761563 0.107438
0 0.85682 0.962521 0.0710781 0.0749583
0 0.899016 0.184802 0.165313 0.0839375
0 0.701461 0.144844 0.0651719 0.100729
0 0.552398 0.957719 0.0557656 0.0845625
0 0.502406 0.545646 0.124969 0.0957917
0 0.226195 0.90476 0.0803594 0.0668125
0 0.153125 0.910302 0.0795625 0.0543125
0 0.797438 0.587437 0.0651875 0.0635833
0 0.794031 0.699083 0.0803125 0.0682083
0 0.666133 0.706542 0.0469219 0.0761667
0 0.805867 0.943 0.0801406 0.0627083
0 0.0932109 0.170896 0.0680781 0.0535833
0 0.148258 0.477812 0.0596094 0.0532917
0 0.33518 0.316406 0.144047 0.0646042
0 0.394023 0.774896 0.0226406 0.0275833
0 0.705906 0.0206458 0.0407813 0.03
0 0.345688 0.185146 0.118219 0.055
0 0.633398 0.255812 0.0606406 0.211292
0 0.133352 0.72051 0.135391 0.0820625
0 0.737633 0.68451 0.0769844 0.0507292
0 0.128227 0.60024 0.115047 0.0813125
0 0.112312 0.946229 0.0645625 0.0581667
0 0.487633 0.617844 0.140609 0.0831875
0 0.50568 0.0639167 0.0800781 0.092125
0 0.652055 0.78449 0.0503906 0.0671875
0 0.980883 0.0639687 0.0353594 0.0421458
0 0.314359 0.129979 0.0435625 0.0809167
0 0.229211 0.679385 0.0503281 0.0702292
0 0.96057 0.278323 0.0788594 0.0776042
0 0.14225 0.683083 0.0951875 0.0682083
0 0.667469 0.272302 0.0708125 0.189938
0 0.681172 0.764396 0.05825 0.05525
0 0.800727 0.520531 0.0963594 0.0938542
0 0.368977 0.585292 0.0782656 0.0482083
0 0.890273 0.809354 0.0703906 0.065375
0 0.843578 0.0547292 0.022375 0.0394167
0 0.896938 0.857854 0.0475 0.0733333
0 0.955227 0.621052 0.0617031 0.0768958
0 0.326633 0.88501 0.0544219 0.0361458
0 0.536289 0.773958 0.0757656 0.06625
0 0.0850391 0.370167 0.0744219 0.175167
0 0.739258 0.13699 0.0479844 0.0543125
0 0.0653828 0.619802 0.128672 0.0728125
0 0.760273 0.884448 0.0879844 0.0696875
0 0.421312 0.749177 0.0674375 0.0533542
0 0.70175 0.564312 0.0341875 0.101333
0 0.647312 0.848302 0.049625 0.0801875
0 0.929328 0.250833 0.141344 0.104875
0 0.713672 0.470896 0.0691875 0.052375
0 0.967352 0.522437 0.0652969 0.117708
0 0.760133 0.201292 0.0675156 0.0772083
0 0.769984 0.639615 0.087125 0.0658958
0 0.241219 0.604187 0.0713437 0.0958333
0 0.4065 0.461062 0.1275 0.0817917
0 0.526203 0.0642396 0.0114687 0.0309375
0 0.209273 0.830187 0.0880781 0.089375
0 0.624719 0.467385 0.0858437 0.127854
0 0.179844 0.782229 0.103813 0.069625
0 0.864992 0.385563 0.105422 0.111542
0 0.42 0.257417 0.16525 0.0989583
0 0.523328 0.692208 0.1 0.0669167
0 0.655898 0.124229 0.0394219 0.07975
0 0.0891328 0.886083 0.0727031 0.0469167
0 0.727852 0.046 0.0370781 0.0725833
0 0.333523 0.791531 0.0739531 0.0934375
0 0.496641 0.740969 0.110625 0.0630208
0 0.968602 0.813208 0.0627969 0.104875
0 0.780219 0.310219 0.073375 0.0893542
0 0.334352 0.661781 0.0728906 0.0738542
0 0.484789 0.22224 0.127891 0.137104
0 0.280547 0.720812 0.0719063 0.081375
0 0.750391 0.581833 0.0654687 0.0635
0 0.729555 0.0988438 0.0440469 0.0371875
0 0.206039 0.726646 0.0868281 0.0852917
0 0.741672 0.758979 0.0575 0.0630833
0 0.148016 0.854844 0.106625 0.0814792
0 0.92893 0.481406 0.0778906 0.102188
0 0.829602 0.297052 0.0952031 0.103854
0 0.509406 0.975656 0.0734062 0.0486875
0 0.178344 0.971875 0.0833438 0.05625
0 0.22618 0.287906 0.0861719 0.155854
0 0.950469 0.0271771 0.029625 0.0430625
0 0.745305 0.439927 0.0645469 0.0526875
0 0.295516 0.637302 0.0887187 0.0990625
0 0.905687 0.660438 0.0574687 0.0929167
0 0.0906328 0.208229 0.0859219 0.0655833
0 0.331094 0.852604 0.0588437 0.0855833
0 0.94168 0.825875 0.0497969 0.101625
0 0.829414 0.828 0.0903906 0.0732917
0 0.102859 0.842729 0.0904688 0.05475
0 0.931547 0.0325417 0.022375 0.0645417
0 0.508344 0.880333 0.0592188 0.0667083
0 0.814992 0.882135 0.103797 0.0653125
0 0.497883 0.411333 0.156734 0.0922917
0 0.103242 0.134396 0.0305781 0.0601667
0 0.595086 0.295771 0.0880781 0.115125
0 0.890375 0.522573 0.0913438 0.120688
0 0.574055 0.345646 0.118672 0.12225
0 0.290586 0.851708 0.0540156 0.0887917
0 0.63825 0.191458 0.0393125 0.093875
0 0.309812 0.571073 0.0725 0.0928125
0 0.449219 0.713521 0.0680313 0.0465417
0 0.061 0.462177 0.122 0.0760208
0 0.977547 0.94899 0.0423437 0.0996042
0 0.766477 0.467562 0.0630781 0.0495
0 0.967055 0.025125 0.0467344 0.035375
0 0.764359 0.960021 0.0524687 0.0799583
0 0.0415937 0.582469 0.0831875 0.0350625
0 0.664102 0.925083 0.0517344 0.0422917
0 0.603641 0.15474 0.0417187 0.102313
0 0.853258 0.449604 0.0987969 0.0880833
0 0.59893 0.0360104 0.0176094 0.0446458
0 0.867102 0.900646 0.0855781 0.0766667
0 0.380219 0.0953542 0.0696875 0.0594583
0 0.0961406 0.539104 0.177313 0.084375
0 0.503305 0.944073 0.0863281 0.0461458
0 0.757781 0.347427 0.0408437 0.0320208
0 0.0396094 0.367167 0.0780625 0.144833
0 0.61532 0.0358229 0.0302969 0.0548542
0 0.862195 0.714104 0.0812031 0.078
0 0.87293 0.60351 0.109609 0.0858958
0 0.223094 0.363573 0.06875 0.113021
0 0.88925 0.977521 0.0482187 0.0449583
0 0.47368 0.788385 0.0734219 0.0483958
0 0.390648 0.115052 0.0681406 0.0477292
0 0.678078 0.888385 0.0398125 0.0484792
0 0.563148 0.522906 0.0908281 0.111312
0 0.743852 0.826302 0.0855156 0.0614792
0 0.782773 0.761542 0.0752031 0.064625
0 0.840953 0.64849 0.0850937 0.0887708
0 0.724445 0.644323 0.0493906 0.0419792
0 0.806852 0.378302 0.0907031 0.0722292
0 0.924937 0.144719 0.0575625 0.0326042
0 0.54193 0.915646 0.0634531 0.06975
0 0.844688 0.765167 0.0990313 0.0838333
0 0.416 0.831615 0.047125 0.0456458
0 0.0509609 0.74399 0.0946719 0.0510208
0 0.547305 0.630687 0.110703 0.0714167
0 0.518633 0.823937 0.0946406 0.0621667
0 0.107727 0.258031 0.0563594 0.0387708
0 0.931906 0.888073 0.05 0.0628125
0 0.63143 0.662823 0.0655781 0.0758958
0 0.970195 0.682354 0.0522969 0.07025
0 0.17057 0.481865 0.114766 0.167021
0 0.965555 0.750396 0.0650781 0.0717083
0 0.63057 0.0262188 0.0210469 0.0332292
0 0.406797 0.105875 0.0274063 0.0507083
0 0.277234 0.549104 0.0885312 0.0843333
0 0.976805 0.883021 0.0463906 0.1035
0 0.748727 0.705927 0.0561719 0.0652708
0 0.635813 0.561229 0.075 0.0605
0 0.830766 0.192469 0.0993125 0.0848958
0 0.355828 0.25074 0.163625 0.0773125
0 0.256688 0.240813 0.0460938 0.125917
0 0.899766 0.300844 0.0554375 0.183688
0 0.376266 0.0556354 0.0486562 0.0428125
0 0.0547422 0.656687 0.0709531 0.0433333
0 0.835758 0.525896 0.0980781 0.1005
0 0.428148 0.601979 0.133484 0.0666667
0 0.176445 0.940198 0.0997969 0.0706458
0 0.329883 0.0634583 0.0269219 0.0228333
0 0.0805625 0.71875 0.1125 0.0830833
0 0.424258 0.795375 0.0590156 0.0462917
0 0.63457 0.0947396 0.0382656 0.0346875
0 0.595273 0.933844 0.0542344 0.102562
0 0.369172 0.377146 0.167219 0.0611667
0 0.122055 0.982771 0.0721719 0.0344583
0 0.671344 0.405469 0.125 0.0910208
0 0.634852 0.888073 0.0477656 0.0828542
0 0.979984 0.368031 0.0388437 0.0841458
0 0.809766 0.456979 0.072625 0.0619167
0 0.46875 0.676719 0.1125 0.0589792
0 0.398891 0.659708 0.0664687 0.057625
0 0.303086 0.480844 0.0815781 0.109312
0 0.27157 0.882948 0.0559531 0.0792292
0 0.731672 0.0232292 0.0257812 0.0435417
0 0.734906 0.514542 0.0509687 0.0479583
0 0.673203 0.531667 0.042875 0.105625
0 0.767352 0.27076 0.0480156 0.0367708
0 0.382531 0.156146 0.137313 0.141542
0 0.721609 0.0812604 0.0374375 0.0418958
0 0.236852 0.495969 0.0747031 0.133854
0 0.743148 0.261073 0.0867969 0.0549792
0 0.774312 0.817688 0.069625 0.0666667
0 0.573352 0.721417 0.0778906 0.0730833
0 0.376727 0.506073 0.109422 0.0510208
0 0.910078 0.930208 0.0523438 0.0848333
0 0.23018 0.965896 0.0640469 0.0682083
0 0.680531 0.337604 0.114813 0.127167
0 0.227445 0.194302 0.0350156 0.0532708
0 0.395398 0.728052 0.0541719 0.0419792
0 0.953828 0.0765417 0.0363438 0.0238333
0 0.468492 0.340792 0.0507969 0.0538333
0 0.28382 0.959698 0.0574219 0.0792708
0 0.423828 0.437437 0.134031 0.0661667
0 0.635461 0.0728125 0.0355781 0.0333333
0 0.347383 0.456083 0.0615781 0.0500833
0 0.354125 0.0273021 0.0288438 0.0305208
0 0.127969 0.796458 0.112875 0.0717917
0 0.655852 0.623458 0.0890469 0.0935833
0 0.48418 0.901479 0.0728594 0.056375
0 0.955664 0.933917 0.0521719 0.0819583
0 0.702422 0.0682396 0.0217188 0.0235625
0 0.904133 0.0402292 0.0297656 0.0684167
0 0.668109 0.153833 0.0538438 0.110792
0 0.089125 0.67051 0.055 0.0307708
0 0.249117 0.166406 0.0596094 0.0912708
0 0.879883 0.0756979 0.0109531 0.0076875
0 0.268164 0.173083 0.0430781 0.0784583
0 0.636977 0.0506771 0.0207344 0.0199375
0 0.0349766 0.401021 0.0490469 0.061125
0 0.912391 0.0927292 0.039875 0.0382917
0 0.0572656 0.8425 0.0298125 0.044625
0 0.673711 0.345969 0.0331406 0.0406458
0 0.706164 0.215938 0.101297 0.0460833
0 0.630086 0.132052 0.0230781 0.0420625
0 0.46318 0.132031 0.133141 0.170354
0 0.0812891 0.924083 0.0684219 0.0494583
0 0.607859 0.96276 0.061625 0.0730625
0 0.949047 0.0500104 0.0613437 0.0523125
0 0.329313 0.924604 0.08825 0.05775
0 0.499891 0.471531 0.024625 0.0523125
0 0.625727 0.734531 0.0559844 0.0746458
0 0.828328 0.0527083 0.014875 0.0363333
0 0.419766 0.53075 0.163938 0.0826667
0 0.543133 0.18076 0.0992656 0.191521
0 0.287484 0.141667 0.0426562 0.0484167
0 0.725781 0.114583 0.0240313 0.0305
0 0.60093 0.782375 0.0666719 0.0685417
0 0.341656 0.0902917 0.025125 0.034625
0 0.574977 0.449292 0.0984531 0.106667
0 0.765367 0.392177 0.0672969 0.0739375
0 0.820867 0.238854 0.0557656 0.0982083
0 0.178055 0.61675 0.0992969 0.115292
0 0.298852 0.760292 0.119797 0.0974583
0 0.596953 0.839875 0.0563438 0.0715417
0 0.196109 0.674479 0.0219375 0.023
0 0.28443 0.413167 0.0729531 0.0926667
0 0.61 0.60351 0.0695313 0.0662292
0 0.262414 0.804469 0.0667031 0.0725625
0 0.736047 0.937823 0.0723125 0.0387292
0 0.475367 0.83525 0.0865469 0.0530833
0 0.693953 0.72925 0.0389688 0.0633333
0 0.719984 0.610635 0.0409687 0.0356458
0 0.679969 0.822562 0.0411562 0.06
0 0.973297 0.165833 0.0532188 0.097875
0 0.988031 0.61851 0.0239375 0.0963958
0 0.72018 0.799615 0.0646094 0.0387292
