0 0.4525 0.810285 0.03392 0.0523843
0 0.02795 0.945391 0.03134 0.109217
0 0.61242 0.746868 0.02956 0.0882562
0 0.20209 0.800996 0.01426 0.0323132
0 0.27522 0.887349 0.00992 0.0203915
0 0.45316 0.757847 0.00992 0.0451601
0 0.29357 0.836103 0.03774 0.0843772
0 0.28813 0.873434 0.03078 0.0230961
0 0.1882 0.807456 0.026 0.0327046
0 0.70169 0.630712 0.03474 0.0278292
0 0.2071 0.894146 0.0214 0.0465125
0 0.06302 0.926441 0.04632 0.0948754
0 0.47222 0.787224 0.01792 0.0879004
0 0.73614 0.703132 0.04136 0.0561566
0 0.24591 0.886726 0.03902 0.058363
0 0.68455 0.689306 0.03114 0.0324911
0 0.73243 0.611032 0.01374 0.0233452
0 0.78476 0.690658 0.02044 0.0707829
0 0.2415 0.859413 0.0224 0.0674377
0 0.62437 0.765925 0.05202 0.0536299
0 0.44357 0.755089 0.02378 0.08
0 0.07856 0.878915 0.05644 0.0620285
0 0.70126 0.713238 0.016 0.0356584
0 0.01171 0.950231 0.02342 0.0995374
0 0.71422 0.662028 0.01524 0.0355872
0 0.68416 0.677829 0.0316 0.0319573
0 0.69164 0.710053 0.0218 0.029573
0 0.74405 0.663132 0.01218 0.0165125
0 0.74158 0.638167 0.02788 0.012847
0 0.24623 0.802331 0.02562 0.0386121
0 0.30386 0.824039 0.04292 0.0740569
0 0.71791 0.714395 0.0171 0.0327758
0 0.26894 0.830605 0.02208 0.0305338
0 0.66866 0.481477 0.0472 0.096121
0 0.17993 0.894199 0.02038 0.0387189
0 0.80095 0.676904 0.0255 0.0485409
0 0.79746 0.636566 0.02532 0.0174021
0 0.76956 0.689751 0.02436 0.0792883
0 0.79869 0.650925 0.02766 0.0182206
0 0.2566 0.892313 0.02344 0.0386477
0 0.60175 0.745552 0.0221 0.0785765
0 0.5751 0.724964 0.02456 0.0585409
0 0.22887 0.86911 0.02642 0.0935943
0 0.07048 0.839164 0.05244 0.0323488
0 0.07833 0.865498 0.06154 0.0591103
0 0.26021 0.781228 0.01702 0.0180427
0 0.19148 0.895641 0.01232 0.0442349
0 0.03647 0.858292 0.02598 0.0281139
0 0.76129 0.642206 0.0157 0.0275445
0 0.73021 0.711762 0.03226 0.0456584
0 0.18054 0.845623 0.02436 0.0187189
0 0.40574 0.815107 0.04268 0.0551957
0 0.78025 0.624698 0.01762 0.0403559
0 0.04957 0.937883 0.0397 0.10637
0 0.62364 0.727171 0.01644 0.0582562
0 0.74993 0.675605 0.0095 0.0223843
0 0.20264 0.84984 0.02148 0.0448043
0 0.68547 0.700356 0.03118 0.0288968
0 0.44289 0.820641 0.02666 0.047331
0 0.64373 0.480854 0.0351 0.105409
0 0.4329 0.827402 0.01352 0.045694
0 0.3967 0.808986 0.03388 0.0564057
0 0.79304 0.628594 0.0274 0.030427
0 0.71152 0.604982 0.01924 0.0163701
0 0.57794 0.717972 0.05416 0.0882562
0 0.7358 0.657989 0.018 0.0267972
0 0.17501 0.844288 0.02906 0.0502135
0 0.26078 0.847456 0.02068 0.0456584
0 0.69458 0.659769 0.01964 0.0198932
0 0.25916 0.811744 0.03184 0.0306762
0 0.18607 0.813416 0.01406 0.0111744
0 0.65142 0.743541 0.02768 0.0429537
0 0.58938 0.726726 0.02128 0.0738078
0 0.70995 0.713452 0.0107 0.0333096
0 0.67741 0.482936 0.03966 0.0730605
0 0.41341 0.827794 0.02086 0.0528826
0 0.76481 0.688932 0.02162 0.072669
0 0.07956 0.913416 0.07188 0.0947331
0 0.45871 0.768843 0.01002 0.0564057
0 0.39089 0.754911 0.01342 0.0297509
0 0.39468 0.736904 0.02312 0.038363
