2 0.849578 0.317039 0.0539375 0.0687709
2 0.437055 0.143128 0.0417344 0.0808939
2 0.553367 0.37433 0.0406094 0.0751397
2 0.481086 0.392304 0.0463594 0.0925978
2 0.493914 0.282737 0.0434531 0.0669274
2 0.489367 0.105154 0.0387031 0.0707542
2 0.731914 0.42405 0.0483281 0.0582123
2 0.936305 0.197486 0.0492031 0.12514
2 0.463117 0.113184 0.0307969 0.0412849
2 0.980563 0.407989 0.0382188 0.070838
2 0.427281 0.112821 0.0422187 0.0741899
2 0.466242 0.337486 0.0432656 0.0758659
2 0.528227 0.20845 0.0543906 0.0826536
2 0.521617 0.11655 0.0366406 0.0684637
2 0.530531 0.408897 0.0325625 0.0618156
2 0.484641 0.186969 0.04475 0.0794693
2 0.455203 0.465251 0.049 0.0700559
2 0.419273 0.170154 0.0357031 0.0654469
2 0.567023 0.274623 0.0557969 0.0820391
2 0.916188 0.031662 0.0753125 0.0458939
2 0.745508 0.0907123 0.0518594 0.0977933
2 0.444961 0.282165 0.0499531 0.0876257
2 0.501422 0.154972 0.0256563 0.0387709
2 0.50993 0.339665 0.0484844 0.087933
2 0.411602 0.28398 0.0390156 0.0771788
2 0.893188 0.517696 0.0697187 0.0523184
2 0.541578 0.252975 0.03575 0.0628212
2 0.993305 0.293296 0.0127031 0.0347486
2 0.802039 0.458212 0.0579531 0.0582123
2 0.425992 0.231732 0.0298594 0.0373743
2 0.409891 0.35986 0.0445313 0.0787151
2 0.444531 0.396313 0.0354063 0.0759218
2 0.539078 0.172598 0.0371563 0.0543575
2 0.514742 0.433715 0.0142031 0.0253631
