0 0.986938 0.926771 0.0232187 0.103375
0 0.3255 0.772906 0.035875 0.109271
0 0.550789 0.96374 0.0479531 0.0706875
0 0.127461 0.56824 0.0192969 0.103979
0 0.212656 0.367417 0.0462813 0.0829167
0 0.955625 0.870406 0.03125 0.0918125
0 0.444359 0.872115 0.04425 0.0607708
0 0.714609 0.890635 0.06425 0.0402292
0 0.326266 0.286313 0.0350625 0.0472917
0 0.110484 0.823375 0.0305312 0.116083
0 0.788086 0.870042 0.0312344 0.134917
0 0.0400234 0.600146 0.0216406 0.00966667
0 0.380195 0.913594 0.0635156 0.114062
0 0.0756641 0.911844 0.0603281 0.135521
0 0.0562344 0.885656 0.0721563 0.171313
0 0.373773 0.959437 0.0368906 0.081125
0 0.283375 0.750969 0.0060625 0.0166875
0 0.291164 0.322594 0.0169531 0.0515625
0 0.454141 0.776583 0.0759375 0.182708
0 0.852133 0.780562 0.0539531 0.10975
0 0.718945 0.820802 0.0580469 0.0498542
0 0.802141 0.776406 0.0512188 0.0857708
0 0.251125 0.480479 0.048875 0.071625
0 0.171703 0.735417 0.019375 0.0617083
0 0.3115 0.702198 0.0253437 0.0764792
0 0.667555 0.942677 0.0372344 0.114646
0 0.581242 0.962531 0.0359531 0.0749375
0 0.224445 0.80174 0.0623594 0.134187
0 0.285641 0.821177 0.0412187 0.150354
0 0.0755313 0.966021 0.0352188 0.0679583
0 0.827047 0.792865 0.043125 0.0916458
0 0.682266 0.864219 0.0241875 0.0549792
0 0.834984 0.902427 0.0304375 0.145271
0 0.724961 0.970635 0.0353281 0.0587292
0 0.021875 0.617406 0.024875 0.0139792
0 0.749133 0.813323 0.0480469 0.0775625
0 0.907109 0.813719 0.08375 0.105646
0 0.10575 0.767469 0.0484375 0.0430625
0 0.249195 0.362948 0.0186406 0.0856875
0 0.044875 0.708396 0.0429688 0.0724583
0 0.219664 0.535479 0.0183594 0.05225
0 0.0449609 0.589865 0.0171094 0.0116875
0 0.885859 0.852781 0.0301875 0.124062
0 0.257547 0.653208 0.0320625 0.10975
0 0.265125 0.378375 0.0495937 0.08125
0 0.334625 0.786542 0.0419375 0.058375
0 0.295609 0.727073 0.0369688 0.147146
0 0.25718 0.830375 0.0388281 0.096
0 0.211328 0.757948 0.0895312 0.102604
0 0.149938 0.583115 0.0415937 0.0768542
0 0.491836 0.750406 0.0502344 0.118021
0 0.681844 0.784302 0.0765 0.0693958
0 0.746914 0.963313 0.0412656 0.073375
0 0.0767969 0.567698 0.0175313 0.0215625
0 0.778336 0.944354 0.0304844 0.111292
0 0.254727 0.512698 0.0351406 0.0878125
0 0.49707 0.76651 0.0705469 0.183479
0 0.731961 0.783854 0.0439531 0.0521667
0 0.389844 0.349104 0.0521875 0.0695833
0 0.395352 0.950229 0.0477344 0.0960417
0 0.275766 0.49849 0.0245938 0.0818125
0 0.126852 0.734875 0.0197656 0.0364583
0 0.0172344 0.602823 0.0155625 0.0128542
0 0.0113203 0.850083 0.0226406 0.090125
0 0.232039 0.57601 0.0589219 0.0795208
0 0.189219 0.955719 0.0528438 0.0691458
0 0.857477 0.843271 0.0310156 0.0987083
0 0.138406 0.715333 0.0282187 0.058
0 0.899281 0.910292 0.0325937 0.110042
0 0.164086 0.851385 0.0487656 0.123687
0 0.147211 0.796531 0.0475469 0.0801458
0 0.465531 0.946833 0.0706563 0.106333
0 0.985453 0.990229 0.0290938 0.0195417
0 0.700305 0.965146 0.0387656 0.0657083
0 0.950984 0.942156 0.0409687 0.0768542
0 0.596898 0.899198 0.0381719 0.111687
0 0.0537266 0.824344 0.0830469 0.127521
0 0.325039 0.342281 0.0227344 0.0614375
0 0.911695 0.975938 0.0352031 0.0473333
0 0.391914 0.35999 0.0481406 0.0647292
0 0.235477 0.80801 0.0521406 0.137229
0 0.530344 0.968667 0.0415 0.060125
0 0.333563 0.938292 0.0465313 0.122708
0 0.236578 0.483781 0.0383437 0.0741458
0 0.44275 0.780115 0.0431875 0.0690208
0 0.552469 0.91101 0.0655312 0.0841458
0 0.163812 0.591625 0.0303438 0.065125
0 0.952625 0.983375 0.0613437 0.030625
0 0.246133 0.513615 0.0410156 0.0890208
0 0.411992 0.759969 0.101672 0.140354
0 0.0278438 0.794823 0.0522813 0.0688542
0 0.408531 0.893313 0.0351562 0.0978333
0 0.856625 0.937802 0.0244062 0.117688
0 0.0644688 0.593073 0.0181562 0.0231042
0 0.205531 0.903615 0.0228437 0.0656042
0 0.18868 0.911979 0.0437969 0.082375
0 0.975109 0.865937 0.0497812 0.0959167
0 0.403828 0.975854 0.02625 0.0482917
0 0.424375 0.357729 0.0360625 0.058
0 0.21882 0.936281 0.0317031 0.0813542
0 0.317578 0.938219 0.056 0.123563
0 0.41707 0.820844 0.0414531 0.0541458
0 0.152711 0.716458 0.0243594 0.070625
0 0.248414 0.96999 0.0471406 0.0600208
0 0.0157266 0.910573 0.0314531 0.0757292
0 0.620906 0.866667 0.045875 0.0732917
0 0.656336 0.877135 0.0390469 0.0980625
0 0.476117 0.80901 0.0420156 0.0692292
0 0.264039 0.380021 0.0132344 0.0409583
0 0.306406 0.852052 0.0254688 0.125146
0 0.922617 0.943854 0.0302031 0.07575
0 0.0498359 0.988146 0.0197344 0.0237083
0 0.29775 0.936312 0.0689375 0.124333
0 0.142031 0.572688 0.0379063 0.09375
0 0.27743 0.343208 0.0108594 0.0447917
0 0.510328 0.969469 0.03625 0.0610625
0 0.398523 0.763552 0.107797 0.150354
0 0.626062 0.917938 0.0410937 0.103667
0 0.681031 0.963917 0.0334688 0.0721667
0 0.414297 0.344073 0.0371875 0.0606042
0 0.265742 0.404979 0.0617656 0.0698333
0 0.305758 0.356979 0.0237344 0.0732083
0 0.254891 0.877302 0.0475938 0.141896
0 0.234203 0.377625 0.016375 0.0400417
0 0.0859375 0.569552 0.00765625 0.0223125
0 0.457539 0.932542 0.0441094 0.116042
0 0.882602 0.942125 0.0308906 0.11575
0 0.112359 0.719531 0.0325625 0.0523125
0 0.42543 0.94576 0.0285781 0.108271
0 0.302414 0.278646 0.0229219 0.0476667
0 0.913984 0.878146 0.0445313 0.131042
0 0.490367 0.949542 0.0630156 0.100917
0 0.0815078 0.737333 0.0299531 0.0482083
0 0.018 0.611917 0.0215312 0.010625
0 0.303523 0.325625 0.0206094 0.0515417
0 0.218234 0.736938 0.0531563 0.115833
0 0.752414 0.847458 0.0415781 0.0614583
0 0.035875 0.62925 0.0169063 0.01475
0 0.00894531 0.740906 0.0178906 0.0675208
0 0.639313 0.825521 0.0318125 0.0245417
0 0.34682 0.952437 0.0287031 0.095125
0 0.759617 0.856604 0.0350156 0.0985
0 0.213836 0.619646 0.0196094 0.0234167
0 0.392703 0.746688 0.0324375 0.046
0 0.224008 0.417625 0.0136406 0.0347083
0 0.151273 0.947667 0.0450469 0.0545417
0 0.459758 0.880083 0.0475156 0.0867917
0 0.81768 0.95151 0.0266094 0.0969792
0 0.280898 0.90124 0.0262344 0.0861458
0 0.31975 0.700042 0.0547188 0.14075
0 0.00590625 0.708677 0.0118125 0.0625208
0 0.163391 0.879479 0.037375 0.081375
0 0.268031 0.72726 0.0270625 0.160396
0 0.489281 0.896948 0.03375 0.0653542
0 0.256391 0.91649 0.0251563 0.0723958
0 0.656031 0.818344 0.0441563 0.0556875
0 0.399453 0.817667 0.0497187 0.0435
0 0.0223516 0.599875 0.0102656 0.00954167
0 0.491461 0.844625 0.0274844 0.0611667
0 0.33225 0.296073 0.0389375 0.0512292
0 0.0313438 0.706885 0.0340937 0.0628125
0 0.395375 0.850406 0.0554063 0.0660625
0 0.190578 0.826375 0.024375 0.092875
0 0.146219 0.830583 0.0287187 0.08925
0 0.277117 0.933521 0.0408594 0.0652917
0 0.0210234 0.641333 0.0181719 0.0144583
0 0.0984609 0.570656 0.0158594 0.0183542
0 0.0381641 0.744229 0.0147969 0.031625
0 0.0197266 0.62851 0.0287344 0.0201875
0 0.67993 0.806615 0.0448594 0.0669792
0 0.121898 0.782365 0.0555781 0.0576875
0 0.114305 0.583937 0.0123906 0.07025
0 0.128109 0.889958 0.03425 0.1465
0 0.921539 0.867281 0.0512344 0.107438
0 0.568352 0.902656 0.0567031 0.0946875
0 0.606367 0.958729 0.0287031 0.0825417
0 0.0714609 0.728156 0.0513281 0.0723542
0 0.226094 0.875646 0.027 0.0775
0 0.0109141 0.956719 0.0218281 0.0865625
0 0.10143 0.941781 0.0421719 0.116437
0 0.50743 0.84575 0.0257656 0.0838333
0 0.0659766 0.707365 0.0530156 0.0719792
0 0.320961 0.278594 0.0405781 0.0494375
0 0.970242 0.919708 0.0174219 0.048375
0 0.222836 0.971677 0.0497969 0.0566458
0 0.189867 0.878802 0.0372344 0.0406458
0 0.0626172 0.583885 0.0225781 0.0248125
0 0.0990781 0.583156 0.015625 0.0116458
0 0.217273 0.499708 0.0248594 0.0766667
0 0.402828 0.367573 0.0496875 0.0527292
0 0.373609 0.760281 0.0356563 0.0689792
0 0.163602 0.803313 0.0277656 0.0740833
0 0.367617 0.876635 0.0247969 0.0782292
0 0.0995781 0.736688 0.0185 0.036375
0 0.727242 0.85725 0.0209531 0.0362083
0 0.0651016 0.572104 0.0289531 0.017
0 0.0386641 0.591625 0.0209219 0.00929167
0 0.541281 0.821531 0.024625 0.106937
0 0.173781 0.906073 0.0330312 0.0323542
0 0.0280391 0.959594 0.0342344 0.0775625
0 0.231344 0.658125 0.0307812 0.11075
0 0.283406 0.630021 0.02375 0.0865
0 0.0921953 0.569437 0.00735937 0.02425
0 0.815 0.853187 0.0311563 0.131875
0 0.283492 0.992104 0.0148281 0.0148333
0 0.637664 0.953375 0.0399219 0.09325
