0 0.706195 0.716212 0.0766719 0.0687118
0 0.499305 0.581146 0.0514844 0.0867031
0 0.579602 0.64929 0.0825781 0.0922489
0 0.60125 0.879585 0.105406 0.0860262
0 0.453406 0.503417 0.0754062 0.175
0 0.561531 0.896463 0.0840313 0.0820524
0 0.425234 0.59679 0.0420937 0.0882096
0 0.558992 0.80155 0.0728906 0.0964192
0 0.419859 0.663046 0.0957812 0.0998908
0 0.394594 0.813657 0.0899062 0.0789301
0 0.626203 0.615098 0.128719 0.0956987
0 0.452781 0.781801 0.0741563 0.13286
0 0.671977 0.327959 0.174891 0.084738
0 0.50793 0.761976 0.0590469 0.167271
0 0.649969 0.713079 0.12925 0.0951965
0 0.692523 0.475371 0.0850781 0.127162
0 0.673516 0.767271 0.0574375 0.0429694
0 0.715187 0.631583 0.0623125 0.0726419
0 0.589828 0.342828 0.143219 0.0990611
0 0.480406 0.66417 0.0442813 0.0951965
0 0.41375 0.461343 0.0580625 0.20941
0 0.666992 0.816954 0.122734 0.0577511
0 0.378656 0.722686 0.092375 0.125633
0 0.643938 0.533974 0.0240625 0.0250655
0 0.554398 0.672314 0.103859 0.166157
0 0.713578 0.489061 0.0734062 0.101004
0 0.617938 0.79881 0.0933125 0.0824236
0 0.634984 0.69369 0.102563 0.0791266
0 0.398375 0.557555 0.149219 0.141659
0 0.386437 0.630513 0.037625 0.0536463
0 0.694828 0.415317 0.131531 0.0951747
0 0.568805 0.554061 0.0918594 0.101528
0 0.626742 0.455044 0.136234 0.140961
0 0.658508 0.875164 0.0870781 0.0774454
0 0.3935 0.465513 0.176187 0.0807642
0 0.438211 0.863057 0.0906719 0.0877293
0 0.681937 0.59 0.0408437 0.0271616
0 0.69293 0.616976 0.0603906 0.0589301
0 0.72368 0.654181 0.0323906 0.0485371
0 0.508 0.898996 0.0554063 0.101223
