0 0.0668359 0.291906 0.0253594 0.0766458
0 0.0700781 0.643135 0.0151875 0.0656875
0 0.0762188 0.528917 0.026125 0.0549583
0 0.0188516 0.534187 0.0185781 0.07175
0 0.0416172 0.574625 0.0400781 0.0757917
0 0.0760938 0.294719 0.0168125 0.0765625
0 0.0190078 0.629667 0.0261719 0.0944167
0 0.0972891 0.540979 0.0190469 0.06775
0 0.107641 0.540188 0.0211562 0.0627083
0 0.0909922 0.657281 0.0221719 0.0853542
0 0.0709219 0.661906 0.02225 0.0887292
0 0.0885391 0.29351 0.0215469 0.0730625
0 0.0323906 0.57551 0.035375 0.0853958
0 0.079125 0.661156 0.020375 0.0894792
0 0.0496016 0.46775 0.0130781 0.0809583
0 0.0381563 0.464865 0.0226875 0.0810208
0 0.095875 0.295802 0.0244062 0.0770625
0 0.0616562 0.464302 0.015125 0.0774792
0 0.007875 0.531281 0.0120938 0.0638542
0 0.0115781 0.304156 0.0203438 0.0658125
0 0.00413281 0.296594 0.00789063 0.0453958
0 0.0852734 0.540646 0.0215469 0.065375
0 0.00932812 0.630792 0.0186562 0.0974167
0 0.0594062 0.576156 0.0326875 0.0794792
0 0.00971875 0.418802 0.0187187 0.0673542
0 0.0965859 0.648552 0.0210781 0.0876042
