0 0.403836 0.274145 0.00820313 0.0366745
0 0.705836 0.291651 0.0161406 0.0415691
0 0.402125 0.334239 0.0112812 0.0453864
0 0.302102 0.182916 0.0155781 0.0256909
0 0.625883 0.422951 0.00992188 0.0325527
0 0.481563 0.183361 0.00875 0.0235363
0 0.818539 0.217061 0.00951562 0.0238173
0 0.714484 0.429742 0.01 0.0309602
0 0.720234 0.282681 0.0117813 0.0450351
0 0.707383 0.27603 0.0194844 0.0397424
0 0.492891 0.147998 0.0131562 0.0277049
0 0.624898 0.340913 0.0135469 0.0341452
0 0.692398 0.12466 0.00564062 0.0148946
0 0.407727 0.224871 0.0129844 0.0363934
0 0.699937 0.361101 0.0146563 0.0454333
0 0.413023 0.170574 0.0166094 0.0144028
0 0.734172 0.250258 0.015375 0.0225761
0 0.910242 0.32589 0.0138594 0.0164169
0 0.871695 0.320773 0.0198281 0.0194848
0 0.289992 0.100504 0.0132344 0.0275644
0 0.489438 0.210012 0.01125 0.0211944
0 0.784656 0.315773 0.0143125 0.0382436
0 0.73082 0.270047 0.0178281 0.0347541
0 0.422063 0.333103 0.017 0.0384309
0 0.312594 0.140808 0.0170313 0.0348244
0 0.878875 0.258208 0.0164063 0.0179625
0 0.535023 0.32671 0.0189844 0.0240984
0 0.71825 0.186874 0.0106875 0.0322951
0 0.867422 0.300258 0.0136875 0.0241218
0 0.502719 0.124742 0.0119688 0.0207728
0 0.682242 0.346581 0.00664062 0.0387822
0 0.492312 0.116054 0.00996875 0.0173068
0 0.428219 0.27123 0.0188125 0.0294848
0 0.730352 0.183911 0.0193594 0.0302108
0 0.332961 0.317307 0.00898437 0.0541452
0 0.408094 0.312155 0.0177813 0.0325527
0 0.294602 0.168337 0.0109531 0.0340984
0 0.333445 0.409555 0.0154219 0.070726
0 0.322727 0.311405 0.0117969 0.0577049
0 0.892594 0.303841 0.0291875 0.0260422
0 0.389523 0.186862 0.00826563 0.0219672
0 0.345031 0.277951 0.0112812 0.0466745
0 0.405133 0.406323 0.0150469 0.0248712
0 0.797594 0.249391 0.0112187 0.0316159
0 0.641352 0.407564 0.0102656 0.0366745
0 0.798578 0.186019 0.01625 0.0146136
0 0.486734 0.152939 0.0109375 0.0305152
0 0.41043 0.399005 0.0178594 0.0232084
0 0.870516 0.243759 0.0145313 0.0176815
0 0.702688 0.407635 0.0149687 0.0117564
0 0.490773 0.185679 0.0107656 0.027096
0 0.403617 0.242447 0.0105781 0.0291569
0 0.91475 0.216382 0.02325 0.0202576
0 0.548359 0.30534 0.0136875 0.0284309
0 0.921344 0.331909 0.0106563 0.00798595
0 0.539258 0.34103 0.0205156 0.0307728
0 0.299633 0.0691803 0.0182969 0.0218267
0 0.876805 0.225445 0.0122344 0.0171663
0 0.549953 0.319356 0.0109375 0.0299532
