2 0.643906 0.719451 0.127562 0.1325
2 0.759547 0.726273 0.101344 0.126379
2 0.597141 0.759393 0.108625 0.123598
2 0.418133 0.75611 0.0877656 0.0665654
2 0.836273 0.849252 0.112859 0.127804
2 0.236516 0.69764 0.0715937 0.113645
2 0.476406 0.880093 0.149281 0.125981
2 0.739414 0.831986 0.119141 0.187523
2 0.569102 0.692056 0.0803906 0.0670093
2 0.442039 0.680549 0.106547 0.0933879
2 0.337133 0.809498 0.0967656 0.141939
2 0.886102 0.811005 0.0723281 0.092243
2 0.881281 0.752745 0.0743125 0.0946495
