0 0.349812 0.744927 0.0541562 0.134012
0 0.175727 0.298981 0.0572344 0.0967568
0 0.0833359 0.28422 0.0697656 0.134844
0 0.614852 0.390593 0.0369219 0.111081
0 0.3115 0.230322 0.0765938 0.218191
0 0.0274063 0.62815 0.053 0.156216
0 0.0776172 0.19578 0.0722344 0.119002
0 0.362109 0.293181 0.04975 0.113015
0 0.600453 0.260114 0.094375 0.213368
0 0.149148 0.210094 0.0891406 0.0832225
0 0.505828 0.104137 0.10725 0.208274
0 0.102625 0.339387 0.0985625 0.114615
0 0.0589609 0.437183 0.117922 0.143555
0 0.134016 0.55026 0.06775 0.174532
0 0.209406 0.396341 0.0579687 0.130977
0 0.0320625 0.143233 0.064125 0.0795218
0 0.533641 0.537568 0.104688 0.280291
0 0.216312 0.343493 0.059 0.137297
0 0.14543 0.397308 0.0894531 0.122225
0 0.143922 0.641414 0.0600938 0.170894
0 0.464953 0.871185 0.017625 0.134927
0 0.190836 0.571289 0.0570781 0.154304
0 0.67693 0.157609 0.0837344 0.196674
0 0.0772812 0.626195 0.0712187 0.189397
0 0.605742 0.0870998 0.0561719 0.1742
0 0.258078 0.344116 0.042625 0.0993763
0 0.310133 0.581778 0.0979531 0.305717
0 0.231273 0.14447 0.0436406 0.195717
0 0.456422 0.216445 0.0688125 0.254886
0 0.0213125 0.359252 0.042625 0.17921
0 0.575531 0.133181 0.0975625 0.210478
0 0.279563 0.473971 0.129188 0.277256
0 0.470227 0.803181 0.0517031 0.0620374
0 0.53018 0.862796 0.0943594 0.271663
0 0.599344 0.575114 0.105094 0.291393
0 0.632375 0.158368 0.0272188 0.187214
0 0.523438 0.721611 0.0725 0.271081
0 0.0612344 0.545977 0.0690937 0.159314
0 0.478797 0.322443 0.0924062 0.166299
0 0.606172 0.772547 0.100031 0.272827
0 0.361078 0.865364 0.0429688 0.159917
0 0.27718 0.65499 0.0687344 0.176507
0 0.377156 0.568992 0.0842813 0.327547
0 0.0261797 0.224595 0.0523594 0.0920166
0 0.386008 0.194428 0.0728281 0.281996
0 0.459922 0.496175 0.11625 0.254969
0 0.558188 0.366819 0.117375 0.234678
0 0.176281 0.453274 0.0449688 0.0848857
0 0.565867 0.950083 0.0318281 0.0998337
0 0.457453 0.63895 0.0863125 0.317318
0 0.0134844 0.18631 0.0269688 0.0230977
0 0.548773 0.032474 0.0620781 0.064948
0 0.661656 0.0831601 0.0747812 0.165114
0 0.431211 0.132983 0.0745156 0.262432
0 0.283008 0.115104 0.113172 0.229002
0 0.254187 0.257141 0.022 0.0743243
0 0.348797 0.114304 0.0925625 0.228607
0 0.0223125 0.294106 0.044625 0.0867152
0 0.603344 0.881195 0.0691563 0.230083
0 0.704992 0.0877547 0.0663906 0.175509
0 0.0262812 0.511362 0.0525625 0.0866736
0 0.382445 0.692859 0.0975469 0.318981
0 0.537016 0.251445 0.120562 0.302848
0 0.279414 0.27053 0.0304219 0.171289
0 0.0152344 0.563514 0.0304687 0.0472765
0 0.0287422 0.459626 0.0574844 0.0286071
0 0.730258 0.109688 0.0310469 0.161247
