1 0.89468 0.97049 0.04056 0.0462824
1 0.79083 0.979856 0.02486 0.0385014
1 0.71774 0.996455 0.02692 0.00708934
1 0.81603 0.960807 0.02778 0.0262248
1 0.83292 0.983833 0.04332 0.0318156
1 0.767 0.934107 0.03064 0.0385879
1 0.74554 0.949914 0.027 0.0536599
1 0.79813 0.934957 0.03914 0.0517003
1 0.7676 0.971873 0.02824 0.0478386
1 0.78849 0.998012 0.02186 0.00397695
1 0.87595 0.990605 0.03734 0.0177522
1 0.85788 0.965288 0.03188 0.0497695
1 0.77215 0.901282 0.02942 0.0384726
1 0.72974 0.974611 0.02972 0.0420749
1 0.83234 0.938818 0.03032 0.0495101
1 0.90919 0.99183 0.02634 0.0140922
1 0.75253 0.988343 0.03414 0.0233141
