0 0.641867 0.611938 0.0264531 0.0413437
0 0.968063 0.68168 0.0132188 0.0251406
0 0.979477 0.584789 0.0121719 0.0166719
0 0.568242 0.566008 0.0224844 0.0394219
0 0.527961 0.608203 0.0148906 0.0385
0 0.0320938 0.553531 0.008125 0.00790625
0 0.118539 0.554164 0.00554687 0.00754687
0 0.681633 0.610422 0.0167031 0.0407813
0 0.389344 0.564484 0.0174375 0.00896875
0 0.710664 0.6045 0.0259844 0.0358438
0 0.572133 0.578445 0.0292344 0.0307656
0 0.271266 0.566922 0.004875 0.0123125
0 0.927195 0.667852 0.00945312 0.0252656
0 0.832648 0.589461 0.0159219 0.0346719
0 0.544078 0.559719 0.032 0.0421562
0 0.337625 0.588641 0.0115312 0.0079375
0 0.260125 0.563391 0.00396875 0.00628125
0 0.930727 0.591992 0.0158281 0.0387656
0 0.699828 0.612797 0.0179375 0.0435938
0 0.914047 0.581281 0.0309375 0.03175
0 0.977266 0.676234 0.00884375 0.0341562
0 0.909609 0.671938 0.0152187 0.025375
0 0.76532 0.664 0.0153906 0.0423125
0 0.12493 0.538188 0.00420313 0.01075
0 0.841484 0.606453 0.015875 0.0301563
0 0.751922 0.654219 0.027 0.0315625
0 0.495516 0.610437 0.02975 0.0376875
0 0.0183047 0.536203 0.00801563 0.00359375
0 0.35825 0.583969 0.0123125 0.00640625
0 0.906797 0.561719 0.0415312 0.0161563
0 0.578531 0.589344 0.0370313 0.0391562
0 0.556773 0.563852 0.0277031 0.0517969
0 0.0856016 0.545312 0.00614063 0.00590625
0 0.297289 0.565305 0.0153906 0.00564062
0 0.796258 0.657695 0.0246094 0.0369219
0 0.0473125 0.547086 0.0125 0.00417188
0 0.300805 0.573133 0.0127031 0.0127031
0 0.669172 0.606953 0.015625 0.02175
0 0.853234 0.603352 0.017875 0.0234531
0 0.246984 0.562656 0.0071875 0.007625
0 0.359297 0.518641 0.00640625 0.0110312
0 0.604094 0.559523 0.0160938 0.00704687
0 0.383055 0.570898 0.0130781 0.00795313
0 0.548992 0.608 0.0225156 0.0382813
0 0.279336 0.562359 0.0113594 0.00903125
0 0.668656 0.590141 0.01125 0.004625
0 0.047 0.537102 0.00628125 0.00595313
0 0.0983281 0.527 0.00353125 0.005875
0 0.500766 0.514445 0.0228125 0.0327344
0 0.361516 0.494227 0.0110312 0.00795313
0 0.594031 0.600516 0.031125 0.0384688
0 0.316937 0.558828 0.0065625 0.008875
0 0.442594 0.545562 0.0075 0.0088125
0 0.939984 0.588977 0.01025 0.0322969
0 0.419953 0.563484 0.0111875 0.00584375
0 0.492031 0.624875 0.015375 0.0225625
0 0.820367 0.596148 0.0179531 0.0369219
0 0.411109 0.588789 0.009625 0.0167031
0 0.774445 0.663328 0.0127656 0.0405937
0 0.425055 0.543398 0.0160156 0.0129531
0 0.142398 0.553141 0.00792188 0.0089375
0 0.538891 0.609359 0.0119063 0.037375
0 0.460516 0.563156 0.015125 0.0110312
0 0.364984 0.591281 0.0123125 0.0117813
0 0.0681172 0.538336 0.00795313 0.00435938
0 0.595109 0.613328 0.0264062 0.0364063
0 0.308242 0.576258 0.00820313 0.0102656
0 0.98718 0.675523 0.0140469 0.0393906
0 0.20775 0.557695 0.00471875 0.00460938
0 0.424141 0.578008 0.00859375 0.0162031
0 0.919719 0.585898 0.0274375 0.0333281
0 0.982992 0.587945 0.00770312 0.0153906
0 0.337969 0.524117 0.00478125 0.00817188
0 0.253438 0.564617 0.00640625 0.0117969
0 0.809906 0.602742 0.0138125 0.0373906
0 0.961258 0.682266 0.0120469 0.0279063
0 0.344914 0.525258 0.00539063 0.00845313
0 0.457227 0.556281 0.0169219 0.0079375
0 0.351648 0.540516 0.00667187 0.00359375
0 0.213727 0.561148 0.00526563 0.00870313
