2 0.395609 0.64725 0.103156 0.123792
2 0.294562 0.461865 0.0588125 0.0488542
2 0.463047 0.173458 0.0630625 0.0343333
2 0.314172 0.249031 0.0505313 0.0398958
2 0.872414 0.499187 0.0286094 0.0215417
2 0.546281 0.249698 0.0525312 0.0368542
2 0.170492 0.494771 0.0880156 0.0694167
2 0.712117 0.352719 0.0170781 0.0131875
2 0.157992 0.435115 0.0365781 0.0592292
2 0.125945 0.416073 0.0726406 0.0922292
2 0.480516 0.461938 0.0734687 0.0654167
2 0.525461 0.656302 0.0459844 0.0483542
2 0.473148 0.75174 0.0789219 0.0874792
2 0.577305 0.56775 0.0655156 0.0525833
2 0.660484 0.33849 0.0551562 0.0465625
2 0.319914 0.504208 0.0319844 0.0510833
2 0.206586 0.348219 0.0632344 0.0509375
2 0.733039 0.418156 0.0359531 0.0479375
2 0.751891 0.251104 0.0175313 0.023875
2 0.702945 0.20249 0.0167969 0.0206458
2 0.504492 0.319198 0.0481406 0.0371875
2 0.847742 0.297708 0.0248594 0.0294583
2 0.653695 0.215458 0.0435469 0.0277917
2 0.415703 0.427625 0.0340312 0.0250417
2 0.869117 0.447562 0.0396094 0.0450833
2 0.441844 0.236917 0.0156563 0.031
2 0.445414 0.597719 0.0356094 0.0703542
2 0.236953 0.30074 0.0784688 0.0498542
2 0.458789 0.215052 0.0625156 0.0512292
