1 0.337938 0.366133 0.088125 0.0717656
1 0.344563 0.563828 0.0950417 0.0954688
1 0.426469 0.433531 0.111187 0.0570625
1 0.429542 0.519602 0.0896667 0.0673906
1 0.17026 0.467648 0.128854 0.0928281
1 0.213958 0.555914 0.104333 0.0903281
1 0.232115 0.377523 0.121979 0.0846094
0 0.426396 0.471695 0.125208 0.0761719
0 0.287365 0.366031 0.0787708 0.0724375
0 0.18324 0.521422 0.123104 0.0823438
0 0.266958 0.564438 0.097875 0.0986875
0 0.388781 0.55 0.0966875 0.0872187
0 0.402583 0.394453 0.110042 0.0785625
0 0.196979 0.413094 0.128583 0.0875313
