0 0.683852 0.859063 0.228782 0.0909062
0 0.697471 0.311047 0.24267 0.0904375
0 0.68123 0.690656 0.249578 0.112969
0 0.216698 0.416492 0.29466 0.124234
0 0.700738 0.487109 0.223208 0.110969
0 0.701651 0.218539 0.234918 0.0921094
0 0.147377 0.607133 0.166745 0.0458906
0 0.217131 0.225992 0.292857 0.120422
0 0.20123 0.833422 0.281803 0.100719
0 0.216827 0.307852 0.29726 0.125703
0 0.183817 0.729227 0.243841 0.0899531
0 0.123478 0.352477 0.111593 0.0333906
0 0.17692 0.139078 0.212576 0.0639375
0 0.683126 0.143203 0.283115 0.0575312
0 0.688126 0.768211 0.234005 0.107391
0 0.164274 0.641617 0.201663 0.0863906
0 0.692834 0.400039 0.243091 0.0990781
0 0.721452 0.594289 0.170211 0.0918281
0 0.322037 0.641508 0.0363466 0.0340781
0 0.289098 0.798555 0.149485 0.0572656
0 0.20692 0.481547 0.285176 0.0539687
0 0.2063 0.526234 0.28281 0.0622812
