0 0.717461 0.194167 0.0440781 0.100458
0 0.703766 0.194323 0.109094 0.205854
0 0.713273 0.0540312 0.0774531 0.108062
0 0.383328 0.0191562 0.069875 0.0355208
0 0.712305 0.448219 0.0490469 0.304812
0 0.125977 0.141417 0.0611094 0.105375
0 0.523297 0.477833 0.147125 0.342583
0 0.227625 0.0366875 0.036625 0.060625
0 0.567727 0.199802 0.169266 0.396521
0 0.191461 0.453167 0.101859 0.467208
0 0.45932 0.230313 0.0273281 0.0675833
0 0.600781 0.222698 0.141969 0.445396
0 0.295906 0.22176 0.130156 0.294479
0 0.0747422 0.426052 0.149484 0.488437
0 0.420117 0.194531 0.0932656 0.194521
0 0.778117 0.502563 0.0976719 0.360208
0 0.770508 0.25001 0.0552656 0.121063
0 0.173805 0.117625 0.0517344 0.0885
0 0.527625 0.146969 0.128719 0.293938
0 0.835359 0.48426 0.0887813 0.407521
0 0.541195 0.553125 0.0539844 0.2125
0 0.435398 0.54599 0.114016 0.440188
0 0.691039 0.460448 0.0765156 0.340854
0 0.645156 0.446292 0.101469 0.339375
0 0.0710313 0.145073 0.0989688 0.235271
0 0.770352 0.0720937 0.0993594 0.143437
0 0.723383 0.25924 0.0568281 0.174479
0 0.681227 0.08475 0.0321406 0.0420833
0 0.262211 0.426406 0.110047 0.422854
0 0.0978828 0.0165104 0.0564219 0.0330208
0 0.588492 0.457406 0.0367969 0.126021
0 0.431562 0.375 0.0166875 0.087375
0 0.639297 0.173219 0.073875 0.346438
0 0.764383 0.372323 0.0790781 0.173229
0 0.12343 0.176385 0.0611406 0.0566458
0 0.268031 0.0580625 0.070625 0.116125
0 0.117469 0.444771 0.120156 0.470458
0 0.662648 0.263021 0.0551719 0.0433333
0 0.497992 0.52874 0.134734 0.420354
0 0.738969 0.0474583 0.0368437 0.0949167
0 0.457789 0.286646 0.0551719 0.060875
0 0.356211 0.522604 0.108484 0.427542
0 0.455922 0.0429792 0.0584687 0.0859583
0 0.240359 0.167229 0.0814375 0.165917
0 0.372289 0.347917 0.0624219 0.124542
0 0.151953 0.0334896 0.0639687 0.0669792
0 0.194539 0.0188958 0.0222031 0.0377917
1 0.968078 0.418333 0.0638438 0.0927917
1 0.951234 0.467937 0.038375 0.0299583
1 0.993641 0.0690521 0.0127188 0.0383125
1 0.837172 0.198219 0.0424375 0.0480208
1 0.86593 0.0755208 0.0430781 0.0609583
1 0.888414 0.259229 0.0415781 0.0570833
1 0.845992 0.0527292 0.0267344 0.044375
1 0.901734 0.0740937 0.0345 0.0383958
1 0.903344 0.340365 0.0466875 0.0917292
1 0.830219 0.12201 0.0329688 0.0448125
1 0.90957 0.155542 0.0412656 0.07
1 0.968938 0.498292 0.055375 0.0771667
1 0.948031 0.15824 0.0411562 0.0484375
1 0.856961 0.215979 0.0464844 0.0490417
1 0.92393 0.110229 0.0387969 0.0584167
1 0.952313 0.342969 0.0776875 0.0776875
1 0.824586 0.164979 0.0376094 0.0416667
1 0.888156 0.292698 0.0382188 0.0349792
1 0.889734 0.115167 0.0482812 0.063125
1 0.929914 0.41776 0.0591719 0.0744375
1 0.90582 0.0253437 0.0421406 0.0506875
1 0.959039 0.102958 0.0505469 0.069125
1 0.852484 0.264802 0.041875 0.0486042
1 0.979125 0.0618229 0.0304375 0.0461458
1 0.876398 0.0275104 0.0418594 0.0550208
1 0.962625 0.0250313 0.0359063 0.0472708
1 0.990414 0.354271 0.0191719 0.052875
1 0.980063 0.151229 0.0375625 0.0537083
1 0.968852 0.296792 0.0497344 0.054
1 0.938867 0.0543229 0.0437656 0.0509792
