0 0.34607 0.52467 0.03358 0.0383516
0 0.77287 0.542995 0.0181 0.0776923
0 0.3369 0.529327 0.01916 0.0270055
0 0.76636 0.586209 0.02044 0.0201648
0 0.76246 0.551003 0.01232 0.0350275
0 0.7462 0.540852 0.02176 0.04
0 0.35089 0.541154 0.02162 0.028022
0 0.74192 0.586635 0.0284 0.0245879
0 0.72675 0.586099 0.01186 0.0196154
0 0.31391 0.545426 0.01702 0.0236538
0 0.32608 0.514423 0.01344 0.00950549
0 0.73723 0.55147 0.03338 0.0417857
0 0.74036 0.572198 0.03028 0.0243956
0 0.36262 0.536813 0.01312 0.0194505
0 0.98926 0.388379 0.01836 0.0495604
