0 0.523645 0.242477 0.103832 0.0679531
0 0.493797 0.327125 0.0777804 0.054375
0 0.517044 0.180406 0.0577804 0.0871875
0 0.648084 0.294555 0.099486 0.0516094
0 0.663551 0.251563 0.0747196 0.0526875
0 0.447091 0.202703 0.068014 0.0615938
0 0.563493 0.229641 0.0546028 0.0784688
0 0.64722 0.358078 0.0643458 0.0515312
0 0.523914 0.324562 0.0668458 0.0665
0 0.658797 0.213602 0.030257 0.0730781
0 0.691939 0.404859 0.0983645 0.0273438
0 0.595421 0.211961 0.0384112 0.0977031
0 0.62604 0.334797 0.0418925 0.0831875
0 0.485175 0.362172 0.0911916 0.02975
0 0.617874 0.290328 0.0371495 0.03625
0 0.451928 0.240828 0.0809579 0.0306563
0 0.462932 0.265453 0.0817523 0.0183437
0 0.451414 0.248766 0.0896495 0.0333437
0 0.474626 0.380594 0.0856075 0.0159375
0 0.686822 0.253125 0.0548131 0.048
0 0.55743 0.327984 0.0658411 0.0669063
0 0.481764 0.188914 0.0943692 0.0637344
0 0.45785 0.366094 0.134579 0.0340625
0 0.499766 0.214695 0.0923364 0.0523281
0 0.672979 0.366164 0.109883 0.0393906
0 0.546589 0.296094 0.0278505 0.035875
0 0.477056 0.332789 0.0731776 0.0437969
0 0.626297 0.213312 0.0539486 0.0900938
0 0.649521 0.320242 0.0643692 0.0274531
0 0.622535 0.232781 0.065257 0.08525
0 0.655491 0.39182 0.0953738 0.0328906
0 0.516671 0.298055 0.0467523 0.0405156
0 0.598902 0.38007 0.0360748 0.0347031
0 0.553072 0.37318 0.0483879 0.0506406
