0 0.75987 0.883288 0.0727 0.114264
0 0.75647 0.74512 0.13534 0.0841742
0 0.96759 0.94 0.0325 0.101021
0 0.66425 0.738048 0.05902 0.0543544
0 0.63067 0.816922 0.0349 0.0717417
0 0.67626 0.874324 0.04448 0.219459
0 0.88989 0.896787 0.05246 0.145646
0 0.4538 0.831907 0.14224 0.111922
0 0.92114 0.677117 0.06928 0.11015
0 0.56335 0.803273 0.01554 0.0623423
0 0.70907 0.912508 0.03818 0.0847748
0 0.8504 0.911441 0.03716 0.177117
0 0.85816 0.678033 0.02664 0.0759459
0 0.61441 0.789234 0.02142 0.107357
0 0.93521 0.779009 0.12202 0.202042
0 0.73537 0.831562 0.05806 0.0833033
0 0.81673 0.772342 0.09446 0.140721
0 0.71378 0.971246 0.03164 0.0453754
0 0.82527 0.933018 0.06802 0.133964
0 0.90989 0.758859 0.12606 0.13027
0 0.57409 0.815015 0.01338 0.0414414
0 0.78391 0.718574 0.05882 0.086036
0 0.78954 0.904985 0.114 0.178378
0 0.91117 0.670886 0.06298 0.125676
0 0.91529 0.760526 0.13546 0.172703
0 0.8878 0.93491 0.04476 0.13018
0 0.917 0.748438 0.037 0.104805
0 0.83899 0.764234 0.13886 0.180841
0 0.77793 0.766366 0.11798 0.134595
0 0.52871 0.804459 0.01754 0.0431532
0 0.77183 0.904505 0.11442 0.178559
0 0.92513 0.730541 0.02866 0.0646847
0 0.93901 0.941937 0.0601 0.111802
0 0.65301 0.814505 0.02826 0.0784384
0 0.98918 0.93991 0.02164 0.12018
0 0.98293 0.833544 0.03414 0.0672072
0 0.59963 0.820751 0.01642 0.0458258
