0 0.94 0.290336 0.0409465 0.0378594
0 0.895206 0.511937 0.0952263 0.082375
0 0.833354 0.358727 0.0363374 0.0379531
0 0.061142 0.27568 0.0394033 0.0329219
0 0.715093 0.670891 0.0359465 0.0487187
0 0.96034 0.396133 0.032284 0.0601719
0 0.13251 0.268633 0.067284 0.0290781
0 0.137644 0.373508 0.0788683 0.0640156
0 0.0713992 0.444 0.0567078 0.0613437
0 0.0572737 0.242977 0.0466461 0.0341406
0 0.87179 0.430148 0.0714403 0.0727656
0 0.634146 0.625125 0.0958642 0.039875
0 0.838549 0.68782 0.0452469 0.0228281
0 0.0463169 0.314359 0.0435391 0.0364063
0 0.907603 0.520516 0.0671811 0.0871875
0 0.130144 0.417719 0.0449383 0.047375
0 0.0786728 0.329516 0.0431893 0.0526875
0 0.0597737 0.545656 0.0532099 0.0885937
0 0.901842 0.291859 0.0552469 0.0371563
0 0.0361831 0.545508 0.023642 0.0730781
0 0.920998 0.317406 0.0529835 0.0370625
0 0.0951337 0.288766 0.0584156 0.0389688
0 0.867479 0.296906 0.0561934 0.0376563
0 0.789588 0.621922 0.0695473 0.0385937
0 0.144918 0.308805 0.0584362 0.0490469
0 0.162459 0.338195 0.0624074 0.0373281
0 0.937706 0.370688 0.0392798 0.0566562
0 0.620864 0.667758 0.0500823 0.0294219
0 0.174043 0.361523 0.0472222 0.0246406
0 0.158148 0.414711 0.0455967 0.0469219
0 0.1832 0.418508 0.0267695 0.0351094
0 0.623128 0.68932 0.055144 0.0343281
0 0.0668313 0.372305 0.0509877 0.0569219
0 0.856451 0.393813 0.0410905 0.036125
0 0.0933745 0.547656 0.0139918 0.0225625
0 0.695535 0.680219 0.0299177 0.0238125
0 0.689671 0.65582 0.044856 0.0305156
0 0.701399 0.622812 0.0547737 0.0376875
0 0.128621 0.481023 0.0719342 0.0728281
0 0.895473 0.495305 0.09893 0.0792344
0 0.166451 0.273258 0.0573045 0.0307969
0 0.805658 0.694922 0.0330864 0.0179375
0 0.825648 0.64907 0.0601029 0.0295469
0 0.126163 0.44818 0.0837654 0.0519531
0 0.880874 0.319945 0.0499383 0.0305156
0 0.940267 0.517156 0.029177 0.0766563
0 0.907881 0.350977 0.0668724 0.0519531
0 0.589949 0.66618 0.0594856 0.0276094
0 0.0890947 0.254117 0.0646914 0.0297656
0 0.0337757 0.37032 0.0203909 0.0526719
0 0.775628 0.616164 0.0829012 0.0446719
0 0.868611 0.35807 0.0558642 0.0547656
0 0.777695 0.689242 0.055144 0.0210781
0 0.904084 0.682273 0.0359053 0.0222344
0 0.686296 0.626328 0.0851029 0.0412813
0 0.123066 0.334492 0.0642798 0.0585781
0 0.735761 0.691805 0.0379424 0.0243594
0 0.655556 0.666086 0.0316049 0.0291406
0 0.832881 0.626086 0.103128 0.0266094
0 0.850298 0.327688 0.0461523 0.0245312
0 0.948117 0.416922 0.0158642 0.02
0 0.759599 0.661609 0.0711728 0.0351875
0 0.835833 0.403 0.0354527 0.0361563
0 0.847233 0.363086 0.0508848 0.0523594
0 0.0306276 0.247352 0.0124897 0.0261406
0 0.894866 0.386281 0.0489506 0.0571875
0 0.1768 0.299891 0.0409671 0.0255625
0 0.891235 0.684617 0.0378189 0.0215469
0 0.738261 0.646664 0.0351235 0.0189844
0 0.883045 0.455242 0.0794239 0.0689219
0 0.901163 0.664719 0.0266872 0.0216875
0 0.104928 0.199281 0.0594444 0.0266562
0 0.835123 0.461789 0.0186008 0.0251719
0 0.922521 0.516766 0.0534774 0.0801875
0 0.605823 0.636797 0.10535 0.0315312
0 0.0596091 0.205961 0.0441152 0.0458906
0 0.856327 0.284977 0.076358 0.0299219
0 0.0879938 0.222766 0.0582922 0.0361563
0 0.175381 0.384102 0.0384979 0.0446094
0 0.170648 0.305352 0.0668107 0.0418594
0 0.833796 0.313609 0.0298148 0.02825
0 0.925833 0.404234 0.0415432 0.0576875
0 0.175082 0.257016 0.0430453 0.0224062
0 0.965082 0.36218 0.0216049 0.0510156
0 0.0462037 0.54857 0.0419547 0.0818281
0 0.0904218 0.406008 0.053642 0.0487344
0 0.838724 0.428977 0.0428807 0.0441094
0 0.033323 0.221219 0.016893 0.0364063
0 0.673292 0.687438 0.0482716 0.0225625
0 0.871471 0.659469 0.0562346 0.0298438
0 0.182778 0.333258 0.0223457 0.0247656
0 0.136029 0.244094 0.0802881 0.0271562
0 0.0688477 0.483078 0.0297119 0.0220625
0 0.0990021 0.503688 0.0967695 0.0870625
0 0.894136 0.260508 0.0901235 0.0343906
0 0.965072 0.282492 0.0208848 0.0362031
0 0.0459362 0.403141 0.0438889 0.0582187
0 0.07893 0.528805 0.0833333 0.0742031
0 0.624949 0.647773 0.10784 0.0243906
0 0.0411626 0.481156 0.022284 0.015125
0 0.86573 0.686406 0.0489506 0.025125
0 0.109877 0.376406 0.0560494 0.06
0 0.0332613 0.273 0.016893 0.0279375
0 0.132047 0.221758 0.0704321 0.0325781
0 0.970864 0.250625 0.00979424 0.029
0 0.933909 0.438688 0.036214 0.0298125
0 0.827788 0.664883 0.0277572 0.0243594
0 0.731265 0.614227 0.0253292 0.0258906
0 0.788158 0.651922 0.0668519 0.0335937
0 0.806307 0.673211 0.0287037 0.0269219
0 0.847922 0.499711 0.0439095 0.0437031
0 0.860895 0.641797 0.0938066 0.0224375
0 0.957541 0.323016 0.0371399 0.04975
0 0.582191 0.688312 0.0434362 0.0297187
0 0.863282 0.666 0.0462757 0.0255937
0 0.0334053 0.443961 0.0214609 0.0611094
0 0.0283642 0.483227 0.00866255 0.0230469
