2 0.780367 0.739615 0.0271094 0.0581875
2 0.714508 0.653208 0.0230781 0.0371667
2 0.805602 0.654594 0.0215469 0.0374375
2 0.780789 0.716708 0.0107656 0.0215
2 0.747297 0.646792 0.0251875 0.035125
2 0.764664 0.619844 0.0247969 0.0185208
2 0.756344 0.608 0.0188437 0.0328333
2 0.727602 0.700698 0.0297969 0.0258958
2 0.724695 0.636062 0.0207969 0.0257917
2 0.738109 0.718854 0.0657812 0.0397917
2 0.701797 0.681188 0.0487187 0.0421667
2 0.699852 0.718156 0.0497031 0.0471042
2 0.760352 0.670635 0.0562344 0.0599375
2 0.773445 0.632177 0.0244219 0.0238542
2 0.759711 0.720927 0.0258906 0.0172708
2 0.734773 0.68 0.0188594 0.03075
2 0.71925 0.671281 0.0246562 0.0196042
2 0.761867 0.69551 0.0243281 0.0302708
2 0.764906 0.779479 0.0544063 0.0834583
2 0.710492 0.633271 0.0334844 0.066125
2 0.740969 0.582729 0.0540625 0.0474167
2 0.788133 0.698677 0.0305781 0.0305208
2 0.707008 0.698458 0.0121094 0.0164167
