2 0.771195 0.846221 0.0424219 0.0560563
2 0.701484 0.9073 0.034875 0.0419249
2 0.752938 0.731796 0.0245625 0.029554
2 0.679164 0.860692 0.0354531 0.0457512
2 0.698023 0.779777 0.0291406 0.0457512
2 0.758414 0.811174 0.0320781 0.0525822
2 0.769633 0.879859 0.0189531 0.0457277
2 0.692039 0.74223 0.0272344 0.043615
2 0.70757 0.71885 0.0293281 0.0279343
2 0.668336 0.980211 0.0352969 0.0388263
2 0.817484 0.799671 0.0519063 0.0555869
2 0.808492 0.826796 0.0431406 0.0625587
2 0.864437 0.891796 0.0491562 0.0625117
2 0.628156 0.799707 0.0329375 0.0523239
2 0.727266 0.936784 0.0365938 0.0574648
2 0.743563 0.780951 0.0200625 0.0309624
2 0.603125 0.93162 0.0368437 0.0575587
2 0.624305 0.843122 0.0263906 0.0368075
2 0.572109 0.931056 0.033375 0.0569014
2 0.893023 0.748075 0.0307031 0.0642723
2 0.544562 0.927923 0.0275313 0.0559859
2 0.621555 0.967805 0.0381406 0.0618545
2 0.710914 0.818005 0.0339531 0.0479812
2 0.780047 0.928286 0.0452188 0.0614085
2 0.90832 0.957441 0.0436094 0.0630516
2 0.601117 0.819988 0.0279844 0.039507
2 0.766922 0.967171 0.0435313 0.0632629
2 0.846219 0.968134 0.0415 0.0637324
2 0.82543 0.976784 0.0450781 0.0464319
2 0.692797 0.838509 0.0263437 0.0267371
2 0.803305 0.970845 0.0285781 0.0522066
2 0.641508 0.882876 0.0328594 0.0503521
2 0.549633 0.875211 0.0342969 0.0530986
2 0.679031 0.886045 0.03475 0.0555634
2 0.747352 0.873791 0.0370156 0.059507
2 0.626437 0.735763 0.0295625 0.0479108
2 0.927469 0.773627 0.0363438 0.06223
2 0.801508 0.767852 0.0327656 0.0400235
2 0.711773 0.866221 0.0361719 0.0530986
2 0.860961 0.823944 0.0402344 0.0561972
2 0.663914 0.711526 0.0324531 0.0376995
2 0.671992 0.753826 0.0307344 0.0492958
2 0.813203 0.742594 0.0315625 0.0351408
2 0.745812 0.984495 0.041375 0.0310094
2 0.589477 0.981479 0.0415469 0.0370423
2 0.671094 0.930646 0.0354063 0.0565493
2 0.894086 0.86892 0.0477656 0.0753991
2 0.600273 0.793063 0.0230156 0.025892
2 0.650008 0.771573 0.0218906 0.0332394
2 0.583555 0.889073 0.0344844 0.051385
2 0.671531 0.798134 0.034125 0.0451408
2 0.553344 0.979707 0.0325625 0.0298826
2 0.782062 0.881068 0.0085625 0.0236854
2 0.900203 0.82088 0.0412813 0.0546244
2 0.682016 0.827441 0.0236875 0.0253991
2 0.698383 0.930258 0.0233281 0.0197183
2 0.769672 0.754965 0.02575 0.025892
2 0.639961 0.942852 0.0363906 0.0642488
2 0.931328 0.825563 0.0354688 0.0533333
2 0.741555 0.744941 0.0288281 0.0428404
2 0.635852 0.91189 0.0320469 0.0235915
2 0.860758 0.777664 0.0535156 0.0550469
2 0.717742 0.748756 0.0243906 0.0459155
2 0.935461 0.916397 0.0492656 0.0628404
2 0.766789 0.773239 0.0307031 0.0420657
2 0.649211 0.849566 0.0321094 0.055892
2 0.70107 0.965634 0.0404219 0.0625822
2 0.784047 0.748063 0.0286875 0.0460329
2 0.593063 0.852664 0.03725 0.0582394
2 0.661445 0.736937 0.0225156 0.0351408
2 0.598273 0.754413 0.0311719 0.0504695
2 0.688984 0.992746 0.0326562 0.014507
2 0.740242 0.832089 0.0320781 0.038169
2 0.730695 0.793545 0.0317656 0.0441315
2 0.739234 0.922148 0.0371875 0.0479577
2 0.56 0.963216 0.0255 0.0330047
2 0.954508 0.806643 0.0273906 0.0320188
2 0.565367 0.863275 0.0214844 0.0302582
2 0.618078 0.885845 0.0272812 0.0564319
2 0.640727 0.986408 0.0262656 0.0271831
2 0.551625 0.99142 0.0339062 0.0171596
2 0.824289 0.912606 0.0380469 0.0750704
2 0.892609 0.911972 0.0366875 0.0374178
2 0.644742 0.745739 0.0143281 0.0296479
2 0.83725 0.863967 0.0323125 0.0728169
2 0.799867 0.878087 0.0308906 0.0562207
2 0.962023 0.97331 0.0626406 0.0506573
2 0.967891 0.836948 0.0504062 0.0407512
2 0.782227 0.801655 0.0272969 0.0337793
2 0.646437 0.797911 0.0180625 0.03723
0 0.537844 0.315904 0.0510938 0.0835446
0 0.103648 0.677406 0.0339844 0.0487559
0 0.348555 0.55534 0.0248281 0.0643897
0 0.544078 0.455599 0.02575 0.097723
0 0.501844 0.528216 0.015875 0.0696714
0 0.57268 0.277535 0.0184844 0.0640376
0 0.167281 0.724472 0.0696875 0.058662
0 0.262719 0.957066 0.04025 0.0858685
0 0.405578 0.41561 0.026125 0.0589202
0 0.320383 0.292746 0.0508281 0.0392019
0 0.453055 0.515692 0.0226094 0.100869
0 0.310445 0.335493 0.0667031 0.0635211
0 0.399945 0.673099 0.0345781 0.0741784
0 0.432242 0.952911 0.0582031 0.075493
0 0.141539 0.903122 0.0346719 0.110845
0 0.271227 0.404378 0.0288281 0.0518075
0 0.399352 0.370563 0.0388906 0.0846479
0 0.269523 0.645634 0.0448594 0.0659155
0 0.448125 0.441702 0.029 0.0289906
0 0.31507 0.577523 0.0155156 0.0415728
0 0.110953 0.935246 0.037 0.129507
0 0.605797 0.280059 0.0579687 0.0580516
0 0.217664 0.678157 0.0336719 0.0985211
0 0.409086 0.38973 0.0484219 0.0620892
0 0.280477 0.38162 0.0222656 0.0503756
0 0.333672 0.908592 0.0743125 0.0797653
0 0.34607 0.704883 0.0332656 0.0602817
0 0.41307 0.29973 0.0528906 0.0666901
0 0.473727 0.407324 0.0521094 0.036385
0 0.352875 0.38412 0.0165313 0.0463146
0 0.398656 0.305023 0.0362813 0.021831
0 0.365992 0.515962 0.0271094 0.0651174
0 0.205734 0.774425 0.0863125 0.0798357
0 0.561438 0.47561 0.0199063 0.111362
0 0.241344 0.457958 0.0350937 0.0516901
0 0.376359 0.613169 0.0450625 0.0585915
0 0.303922 0.841526 0.0661875 0.0604695
0 0.316359 0.713146 0.034625 0.0695305
0 0.149172 0.593685 0.0480938 0.0707981
0 0.460219 0.28385 0.0445313 0.0681221
0 0.496313 0.273216 0.0245312 0.066338
0 0.173437 0.870235 0.0513125 0.087277
0 0.461992 0.6773 0.0397344 0.0530986
0 0.338055 0.660258 0.0380156 0.0733803
0 0.288273 0.606913 0.0324531 0.0663615
0 0.483203 0.644085 0.0300312 0.0686854
0 0.153156 0.946362 0.037 0.107277
0 0.306539 0.521092 0.0397344 0.0446244
0 0.326672 0.405657 0.0291563 0.0679343
0 0.179625 0.918251 0.050375 0.100446
0 0.300047 0.334308 0.0641875 0.045
0 0.307648 0.411561 0.0377031 0.064108
0 0.42407 0.64919 0.0266406 0.0808216
0 0.191195 0.639296 0.0401406 0.109765
0 0.209813 0.879754 0.0539375 0.0750469
0 0.562391 0.268345 0.01075 0.0424178
0 0.603852 0.263392 0.0433594 0.0381925
0 0.4865 0.26527 0.01325 0.0199296
0 0.406734 0.465481 0.0215 0.0369249
0 0.243875 0.922676 0.0460938 0.0837559
0 0.286867 0.699178 0.0311719 0.0456808
0 0.375008 0.546256 0.0283906 0.0443427
0 0.0729453 0.707664 0.0390781 0.0478169
0 0.256211 0.424002 0.0336094 0.057723
0 0.250109 0.560728 0.0160313 0.0741315
0 0.47225 0.321197 0.044625 0.0864319
0 0.216305 0.961385 0.0446719 0.0756808
0 0.249211 0.626913 0.0272031 0.0649061
0 0.455305 0.316068 0.0527031 0.077723
0 0.353555 0.413286 0.0250781 0.0679812
0 0.521156 0.317207 0.0538125 0.0580751
0 0.412656 0.714308 0.0295 0.0666901
0 0.264969 0.576033 0.0250625 0.0933803
0 0.402578 0.546362 0.0245625 0.058216
0 0.428055 0.488122 0.0229844 0.060939
0 0.549016 0.496585 0.0224375 0.102183
0 0.415242 0.507899 0.0237031 0.0697418
0 0.429453 0.973451 0.0409375 0.0530986
0 0.301484 0.662676 0.0322812 0.06
0 0.21293 0.794519 0.0886719 0.0414789
0 0.147133 0.580399 0.0544219 0.0877465
0 0.304758 0.31696 0.0808594 0.0507746
0 0.160188 0.66838 0.0709687 0.0867136
0 0.511117 0.662735 0.0281406 0.0636854
0 0.388164 0.728369 0.0372656 0.0541549
0 0.318789 0.630469 0.0262656 0.0697653
0 0.132711 0.724883 0.0629531 0.0602817
0 0.368414 0.595646 0.0570156 0.0776761
0 0.471711 0.395915 0.0501406 0.0492488
0 0.317062 0.797547 0.0812812 0.068615
0 0.261516 0.460364 0.0375625 0.0421831
0 0.340773 0.853873 0.0906719 0.0507981
0 0.444461 0.456972 0.0196094 0.0425822
0 0.220422 0.601315 0.02925 0.0951174
0 0.42575 0.603146 0.0337812 0.0674648
0 0.207742 0.585164 0.0173906 0.0749765
0 0.60807 0.268169 0.0644844 0.0625822
0 0.548531 0.330634 0.0465625 0.07723
0 0.415086 0.263685 0.0500781 0.0474648
0 0.258422 0.723169 0.0436875 0.0457746
0 0.383562 0.491467 0.0235313 0.0688028
0 0.280219 0.51966 0.0519063 0.0547653
0 0.494359 0.613697 0.0278125 0.0800235
0 0.558266 0.543216 0.0561562 0.0959155
0 0.375555 0.453169 0.0270469 0.0797653
0 0.19493 0.585739 0.0254219 0.0800235
0 0.366242 0.973991 0.0240781 0.0520188
0 0.367016 0.644859 0.0337812 0.0679812
0 0.531828 0.530927 0.043625 0.0980047
0 0.25407 0.678345 0.0407344 0.0484272
0 0.289867 0.468908 0.0377969 0.0692254
0 0.282 0.890211 0.0538125 0.0648357
0 0.516734 0.617594 0.0272812 0.0584742
0 0.358828 0.797019 0.048375 0.0211737
0 0.133031 0.6875 0.0358438 0.0238263
0 0.525188 0.466221 0.019875 0.121362
0 0.470664 0.960962 0.0572656 0.0761502
0 0.202867 0.822934 0.0805469 0.0497183
0 0.506547 0.288697 0.0249062 0.067723
0 0.375625 0.684589 0.0340312 0.0657042
0 0.44075 0.715845 0.0345312 0.0697653
0 0.313445 0.46608 0.0281406 0.073615
0 0.288234 0.558181 0.022375 0.0558451
0 0.253586 0.810364 0.0388906 0.0366901
0 0.303891 0.37412 0.023875 0.039507
0 0.50025 0.449577 0.012625 0.0174648
0 0.391836 0.966925 0.0344219 0.0661502
