0 0.645953 0.750152 0.0654687 0.16822
0 0.603547 0.804438 0.0310625 0.0828806
0 0.623867 0.746101 0.0720781 0.169251
0 0.545773 0.773724 0.0617031 0.150304
0 0.532461 0.597119 0.0479219 0.114333
0 0.430164 0.77308 0.0361406 0.149204
0 0.671609 0.733208 0.0875313 0.136628
0 0.403891 0.760562 0.0394688 0.172693
0 0.542773 0.662026 0.0372969 0.0403981
0 0.376555 0.755948 0.0388281 0.161077
0 0.478766 0.613536 0.0520312 0.148384
0 0.493945 0.594941 0.0468906 0.121124
0 0.567055 0.772002 0.0468906 0.128876
0 0.355086 0.754251 0.0578906 0.15993
0 0.663625 0.747213 0.0817812 0.157986
0 0.469172 0.768068 0.0319688 0.14897
0 0.489766 0.767951 0.0600625 0.160585
0 0.623648 0.676276 0.0832344 0.0489461
0 0.517648 0.593958 0.0395469 0.116956
0 0.530383 0.675 0.0318594 0.049719
0 0.594734 0.63041 0.0815937 0.0710773
0 0.581766 0.781007 0.0310625 0.137986
0 0.616516 0.641511 0.085 0.0699532
0 0.439828 0.77719 0.0375313 0.157752
0 0.346359 0.75548 0.0615625 0.157752
0 0.52275 0.716546 0.025375 0.043911
