2 0.320281 0.161292 0.07975 0.1
2 0.668602 0.215729 0.0966406 0.0784583
2 0.504844 0.492198 0.12375 0.194437
2 0.683281 0.399979 0.0756875 0.0725
2 0.798508 0.19126 0.0712031 0.0908125
2 0.572742 0.1175 0.0601094 0.0833333
2 0.196555 0.243365 0.0737344 0.0832292
2 0.838156 0.39549 0.115969 0.121813
2 0.587359 0.240479 0.087125 0.068125
2 0.227164 0.387927 0.0664844 0.118354
2 0.479242 0.329135 0.0883594 0.0629375
2 0.515156 0.14374 0.064 0.0928958
2 0.711055 0.262688 0.0741719 0.058
2 0.314953 0.60476 0.128344 0.132687
2 0.442781 0.173344 0.0859688 0.113146
2 0.783195 0.45301 0.125297 0.127438
2 0.614844 0.132854 0.0954062 0.105
2 0.500305 0.29374 0.102891 0.0910208
2 0.15993 0.411542 0.0829844 0.114417
2 0.674406 0.578448 0.101312 0.113687
2 0.754539 0.399438 0.0646719 0.0815
