2 0.164266 0.506927 0.095375 0.120521
2 0.3125 0.553729 0.105438 0.123792
2 0.416586 0.428833 0.103453 0.103625
2 0.700125 0.475667 0.0344687 0.0428333
2 0.833586 0.270125 0.0271094 0.01975
2 0.749984 0.457052 0.032875 0.0361458
2 0.350461 0.352375 0.105734 0.144375
2 0.282773 0.467052 0.0880781 0.0853958
2 0.568914 0.395281 0.0371406 0.0562708
2 0.242383 0.376802 0.0880781 0.0776875
2 0.811797 0.410854 0.0220312 0.0198333
2 0.835195 0.309281 0.0172969 0.0287292
2 0.703898 0.365187 0.0373594 0.0320833
2 0.62525 0.248781 0.0287813 0.0386875
2 0.789937 0.358458 0.039625 0.0369167
2 0.670805 0.287438 0.0347031 0.0298333
2 0.646742 0.331552 0.0211406 0.0287292
2 0.658016 0.51526 0.0363438 0.0341042
2 0.738836 0.193719 0.0232656 0.0218958
2 0.560953 0.305594 0.01625 0.0258125
2 0.656055 0.386927 0.0253906 0.0276875
2 0.731844 0.414344 0.029 0.0465208
2 0.643398 0.43875 0.0296094 0.0366667
2 0.70257 0.24001 0.0412656 0.0454375
2 0.651875 0.481125 0.0429062 0.036125
2 0.728477 0.319885 0.0311094 0.0322292
2 0.784383 0.480063 0.0373906 0.0421667
2 0.830289 0.523948 0.0572969 0.0449792
2 0.752461 0.303667 0.0319219 0.034875
2 0.839578 0.387958 0.0165313 0.0182083
2 0.789164 0.451073 0.0181719 0.0170208
2 0.670477 0.318594 0.0169219 0.0212708
