0 0.00778906 0.834789 0.0150469 0.112061
0 0.0369063 0.635539 0.0710937 0.126019
0 0.0220781 0.724719 0.0441563 0.0967447
0 0.0273516 0.671077 0.0547031 0.08
0 0.0222812 0.74192 0.0445625 0.0970492
0 0.0500703 0.646698 0.0711094 0.147588
0 0.01525 0.809473 0.0280938 0.143489
2 0.773523 0.546815 0.0447656 0.0604684
2 0.726133 0.54411 0.0496719 0.0734192
2 0.935828 0.623302 0.0494062 0.0467447
2 0.685797 0.631042 0.0356563 0.0546838
2 0.824891 0.540796 0.0579687 0.0874941
2 0.772359 0.635714 0.047625 0.0595316
2 0.697359 0.580422 0.0482187 0.063185
2 0.977867 0.563794 0.0406094 0.0675878
2 0.663734 0.573759 0.0359375 0.0495316
2 0.974844 0.617799 0.0475625 0.0665105
2 0.933563 0.57637 0.0498125 0.0711944
2 0.722102 0.634731 0.0493906 0.064356
2 0.635984 0.601241 0.0311563 0.0370492
2 0.189352 0.534614 0.0740156 0.08
2 0.876133 0.64178 0.0547031 0.0441686
2 0.881492 0.53685 0.0656406 0.100773
2 0.639234 0.623489 0.0345312 0.0562061
2 0.133461 0.513724 0.0302656 0.0369087
2 0.745836 0.591674 0.0476094 0.0744496
2 0.793375 0.585878 0.05 0.0686183
2 0.125508 0.492681 0.0544219 0.0573536
2 0.0234922 0.457834 0.0462344 0.0700937
2 0.231336 0.575363 0.0288906 0.0335831
2 0.0263047 0.561183 0.0526094 0.0357143
2 0.0712344 0.576183 0.0360625 0.0877752
2 0.0820391 0.513407 0.0826406 0.0936066
2 0.843922 0.594742 0.0540625 0.0709836
2 0.659781 0.624426 0.0399375 0.0612178
2 0.0217734 0.503021 0.0425781 0.0917096
2 0.821492 0.636382 0.0560469 0.0562295
2 0.893445 0.600703 0.0505781 0.0693208
