0 0.208125 0.598862 0.0347187 0.084108
0 0.195719 0.796737 0.0591563 0.194742
0 0.550445 0.508474 0.0519531 0.086385
0 0.682328 0.592606 0.0267812 0.0523005
0 0.406188 0.612207 0.03975 0.14108
0 0.712141 0.586538 0.0502812 0.0742958
0 0.406914 0.638815 0.140609 0.0565962
0 0.521039 0.580387 0.0598906 0.0496479
0 0.237633 0.829225 0.0533594 0.0825352
0 0.891953 0.756021 0.172031 0.093169
0 0.410648 0.612664 0.126047 0.0366432
0 0.379133 0.690258 0.187016 0.0726291
0 0.102172 0.783709 0.140813 0.159531
0 0.168359 0.838603 0.0394688 0.0769718
0 0.31632 0.608627 0.0712969 0.0788498
0 0.964938 0.809002 0.0560625 0.0624648
