0 0.452305 0.660433 0.00529688 0.00283372
0 0.560672 0.544742 0.00290625 0.00437939
0 0.598922 0.56897 0.00334375 0.00674473
0 0.355828 0.67308 0.0053125 0.00540984
0 0.490555 0.632986 0.00292187 0.00583138
0 0.410602 0.68267 0.00832813 0.00548009
0 0.486508 0.669977 0.00573437 0.00725995
0 0.551039 0.572693 0.00326562 0.00796253
0 0.320672 0.678724 0.004625 0.00512881
0 0.536242 0.534157 0.00426563 0.00615925
0 0.318148 0.687693 0.00345313 0.00564403
0 0.587852 0.624485 0.00357813 0.01
0 0.445398 0.591604 0.00501563 0.00709602
0 0.458781 0.673009 0.00721875 0.011733
0 0.387937 0.681276 0.0126562 0.0071897
0 0.44425 0.654637 0.0040625 0.00290398
0 0.420766 0.580094 0.00396875 0.00861827
0 0.386328 0.583806 0.0043125 0.0081733
0 0.55375 0.577049 0.0044375 0.00641686
0 0.42625 0.538583 0.00409375 0.0059719
0 0.412945 0.522635 0.00460938 0.0110304
0 0.501352 0.512693 0.00460938 0.00744731
0 0.601695 0.527049 0.00564062 0.011007
0 0.550898 0.558232 0.00410938 0.0075644
0 0.498922 0.654988 0.00375 0.0102576
0 0.482117 0.573208 0.00307813 0.0130679
0 0.469211 0.660445 0.00542188 0.00552693
0 0.367516 0.631405 0.0085625 0.00693208
0 0.317937 0.656276 0.004625 0.00641686
0 0.586742 0.632049 0.00342188 0.00822014
0 0.514078 0.521464 0.00290625 0.00742389
0 0.474188 0.520176 0.009 0.00395785
0 0.415914 0.493841 0.0104844 0.0171429
0 0.296211 0.686066 0.00392188 0.00487119
0 0.470367 0.589684 0.00210938 0.0063466
0 0.304258 0.639742 0.00551562 0.00885246
0 0.367828 0.580761 0.004375 0.00765808
0 0.355469 0.556464 0.00684375 0.0076815
0 0.56957 0.627752 0.00973437 0.00871194
0 0.604859 0.649871 0.0044375 0.00587822
0 0.593344 0.648876 0.00434375 0.00632319
0 0.546727 0.595632 0.00173438 0.00311475
0 0.604711 0.577002 0.00923437 0.00487119
0 0.608484 0.627623 0.00284375 0.0120609
0 0.589813 0.580644 0.00546875 0.0115457
0 0.623234 0.607436 0.00496875 0.00976581
0 0.598195 0.520515 0.00342188 0.00871194
0 0.314641 0.583454 0.0105938 0.00845433
0 0.381266 0.662693 0.00528125 0.00594848
0 0.536359 0.634871 0.005125 0.00922717
0 0.43393 0.592307 0.00376563 0.00925059
0 0.566188 0.649742 0.0025625 0.0076815
0 0.368359 0.5413 0.0061875 0.0109836
0 0.336828 0.685375 0.00684375 0.00564403
0 0.58507 0.506979 0.00595313 0.00627635
0 0.535828 0.648407 0.00246875 0.0058548
0 0.328023 0.545972 0.00748437 0.00711944
0 0.438867 0.562237 0.00329687 0.00728337
0 0.507531 0.504005 0.006375 0.00515222
0 0.327414 0.579778 0.00632812 0.00667447
0 0.341687 0.633583 0.0061875 0.00641686
0 0.429344 0.496253 0.0035 0.00641686
0 0.524 0.512201 0.005625 0.0103513
0 0.447266 0.58466 0.00840625 0.00922717
0 0.50007 0.536405 0.00342188 0.00409836
0 0.55882 0.51363 0.00301563 0.00337237
0 0.312633 0.618454 0.00667187 0.00819672
0 0.449547 0.598419 0.00721875 0.00953162
0 0.580164 0.529344 0.00382813 0.00861827
0 0.541477 0.62185 0.00479687 0.00515222
0 0.588727 0.667693 0.00223437 0.00615925
0 0.57825 0.553197 0.0025625 0.00555035
0 0.385641 0.592588 0.00359375 0.0138407
0 0.400984 0.676487 0.00709375 0.00538642
0 0.428734 0.672892 0.0061875 0.00714286
0 0.357305 0.591733 0.00595313 0.00660422
0 0.388797 0.510761 0.011625 0.0138407
0 0.428539 0.680141 0.00617188 0.00651054
0 0.362977 0.672693 0.00889063 0.00538642
0 0.48582 0.515937 0.00392188 0.00728337
0 0.482375 0.638513 0.00546875 0.00564403
0 0.446844 0.662799 0.00815625 0.00629977
0 0.506969 0.672506 0.0039375 0.00590164
0 0.390992 0.63397 0.00367188 0.00358314
0 0.518984 0.624461 0.004625 0.00793911
0 0.465359 0.634965 0.0050625 0.0040281
0 0.364781 0.685644 0.0071875 0.0112881
0 0.395969 0.543326 0.0100938 0.0287119
0 0.605203 0.611733 0.00565625 0.00590164
0 0.318273 0.632389 0.00392188 0.00716628
0 0.51982 0.666546 0.00492188 0.00592506
0 0.540602 0.667529 0.00485937 0.00540984
0 0.57468 0.592201 0.00379688 0.010445
0 0.441547 0.6237 0.002375 0.0137705
0 0.464984 0.513326 0.005625 0.0070726
