0 0.837374 0.454031 0.0331933 0.0278125
0 0.388424 0.508117 0.0169328 0.0175781
0 0.402668 0.444977 0.0147899 0.0109219
0 0.900683 0.490773 0.0134244 0.0241094
0 0.948918 0.457945 0.0113655 0.0215469
0 0.752658 0.451719 0.0285924 0.0295
0 0.530273 0.460766 0.0106723 0.014875
0 0.440168 0.444617 0.00827731 0.0117969
0 0.423361 0.435891 0.0133613 0.007625
0 0.534065 0.514539 0.0151471 0.0110156
0 0.504569 0.49857 0.0242647 0.0117656
0 0.938277 0.486672 0.0260504 0.0245
0 0.391355 0.449961 0.0160294 0.0173281
0 0.609149 0.51907 0.0127941 0.0172344
0 0.541029 0.462758 0.00495798 0.0155469
0 0.483193 0.456602 0.0135714 0.0111406
0 0.378088 0.454734 0.0101261 0.0195312
0 0.938666 0.456156 0.0147689 0.016125
0 0.797752 0.449352 0.0292857 0.0243594
0 0.947973 0.486414 0.0261975 0.0235781
0 0.953046 0.459922 0.00894958 0.0187187
0 0.608477 0.469797 0.00758403 0.0133437
0 0.379926 0.452242 0.00888655 0.0156094
0 0.422279 0.500687 0.0144748 0.004875
0 0.4752 0.436234 0.0142647 0.00478125
0 0.911744 0.452437 0.0213445 0.0325625
0 0.765294 0.450305 0.0244538 0.0328281
0 0.474884 0.499461 0.0151891 0.00635938
0 0.495074 0.455281 0.0118697 0.0135937
0 0.600735 0.468555 0.0103361 0.0171094
0 0.851712 0.45532 0.027416 0.0303906
0 0.439989 0.490383 0.0148109 0.00589063
0 0.899254 0.454328 0.0267437 0.0343437
0 0.446176 0.483633 0.00415966 0.00795313
0 0.510137 0.452773 0.00745798 0.00873437
0 0.810158 0.448844 0.0217017 0.03
0 0.600315 0.5165 0.0121429 0.0152187
0 0.399128 0.501188 0.0136765 0.00615625
0 0.553708 0.515641 0.0128361 0.01275
0 0.552342 0.464539 0.00619748 0.00485937
0 0.461008 0.439102 0.0203361 0.00642188
0 0.547332 0.451875 0.00714286 0.0135937
0 0.615483 0.508039 0.0191597 0.00882813
0 0.455084 0.448969 0.0186134 0.0136562
2 0.286313 0.576633 0.0153992 0.00585938
2 0.261796 0.571586 0.0182563 0.0117969
2 0.293929 0.563406 0.0163025 0.0124375
2 0.346197 0.563133 0.0163025 0.0150469
2 0.246071 0.569469 0.0153361 0.0085625
2 0.32792 0.556477 0.0182353 0.0111094
2 0.27583 0.554281 0.0165336 0.00896875
2 0.32166 0.56582 0.0131092 0.00539063
2 0.33625 0.577313 0.0136765 0.004875
2 0.306502 0.563969 0.0104832 0.00575
2 0.295956 0.556406 0.0182563 0.005125
2 0.563782 0.791781 0.0191597 0.007625
2 0.31895 0.571852 0.0191597 0.0137969
2 0.338267 0.571469 0.0196429 0.0106563
2 0.276523 0.562281 0.0164076 0.00865625
2 0.625998 0.777359 0.0196429 0.0187187
