2 0.347766 0.311844 0.09875 0.0843125
2 0.433266 0.319448 0.0463438 0.0441458
2 0.779039 0.679125 0.0681406 0.118875
2 0.218531 0.514875 0.107125 0.1185
2 0.511164 0.720781 0.120797 0.206354
2 0.610305 0.477188 0.0765469 0.0560833
2 0.598539 0.226625 0.0715781 0.0802917
2 0.413148 0.863354 0.116953 0.0902083
2 0.657148 0.322563 0.0487344 0.0574167
2 0.677445 0.236188 0.0701719 0.1125
2 0.465578 0.62025 0.0673125 0.117958
2 0.228039 0.679042 0.0746719 0.0848333
2 0.83775 0.543479 0.062 0.114458
2 0.778102 0.34626 0.127359 0.0999375
2 0.557375 0.333198 0.0419375 0.0410625
2 0.833109 0.400333 0.08525 0.0886667
2 0.510289 0.902417 0.0174219 0.0548333
2 0.725562 0.839677 0.086625 0.153354
2 0.482375 0.218865 0.0522813 0.0619792
2 0.367445 0.469375 0.0669844 0.0932917
2 0.6435 0.532646 0.0637812 0.135417
2 0.750773 0.25949 0.0780781 0.0525208
2 0.440805 0.387156 0.0458594 0.0659792
2 0.313977 0.674302 0.0882656 0.0826875
2 0.468414 0.56125 0.0204219 0.03325
2 0.685391 0.364115 0.0409687 0.0410625
2 0.295125 0.501729 0.0780625 0.0710417
2 0.229445 0.431604 0.0566094 0.0592083
2 0.500234 0.385948 0.0501562 0.0685625
2 0.582938 0.8005 0.0930625 0.0879167
2 0.774211 0.504 0.0578594 0.109375
