2 0.704359 0.326688 0.02325 0.0299167
2 0.743453 0.125052 0.0155 0.0241042
2 0.663164 0.643823 0.0642969 0.0639792
2 0.310859 0.470177 0.0357188 0.0373125
2 0.606922 0.739198 0.0515938 0.0674375
2 0.892828 0.177437 0.0325312 0.0211667
2 0.624531 0.348094 0.027 0.0295208
2 0.626031 0.517771 0.087875 0.107792
2 0.469922 0.392073 0.041125 0.0548125
2 0.770531 0.14849 0.0232187 0.0263542
2 0.803617 0.0996146 0.0244219 0.0333958
2 0.817867 0.1245 0.0421719 0.0332083
2 0.839008 0.178656 0.0324219 0.0232292
2 0.7285 0.536604 0.0377188 0.0430833
2 0.706398 0.488354 0.0324219 0.0604583
2 0.521227 0.250198 0.0522656 0.0534375
2 0.863312 0.110344 0.02075 0.0150208
2 0.602734 0.351844 0.035125 0.0440625
2 0.876391 0.169448 0.0227187 0.0229375
2 0.42175 0.393719 0.0665313 0.114062
2 0.674523 0.34876 0.0179844 0.0275625
2 0.499367 0.708115 0.0759531 0.0626042
2 0.777344 0.111958 0.0334688 0.0477083
2 0.276664 0.433344 0.0399219 0.0598958
2 0.327313 0.513354 0.0206563 0.0305833
2 0.443164 0.190688 0.0500469 0.0373333
2 0.748578 0.0919896 0.0397813 0.0291042
2 0.759648 0.432312 0.0349531 0.052625
2 0.840648 0.149917 0.0274844 0.0215
2 0.873414 0.133177 0.0245156 0.0311042
2 0.60757 0.677312 0.0567344 0.05425
2 0.662023 0.241458 0.0293281 0.0239583
2 0.161719 0.407177 0.0282813 0.0314792
2 0.565633 0.600646 0.0592656 0.0509167
2 0.573359 0.407635 0.042375 0.0494375
2 0.287219 0.64374 0.043 0.0391458
2 0.295258 0.254167 0.0385156 0.0457083
2 0.857133 0.17651 0.0260156 0.0283125
2 0.417609 0.650083 0.0427812 0.0355833
2 0.719047 0.0882917 0.0322188 0.05425
2 0.507063 0.489125 0.04875 0.0752083
2 0.894547 0.136833 0.0194375 0.0226667
2 0.696953 0.537083 0.04475 0.0453333
2 0.794281 0.0798229 0.0117813 0.0143125
2 0.806445 0.165573 0.0297031 0.0300208
2 0.192687 0.489052 0.057 0.0397292
2 0.560547 0.210094 0.0307187 0.0338958
2 0.878813 0.149792 0.0436563 0.0259167
2 0.259039 0.394771 0.0410469 0.026125
2 0.812805 0.0699375 0.0248594 0.0239167
2 0.310203 0.348104 0.0288125 0.0432917
2 0.475531 0.251063 0.0217188 0.02825
2 0.240773 0.659937 0.0542969 0.0589167
2 0.835398 0.118302 0.0507969 0.0473958
2 0.370875 0.47175 0.0489687 0.0762917
2 0.88443 0.122552 0.0210156 0.0286875
2 0.221695 0.350104 0.0336406 0.0349583
2 0.586797 0.260021 0.0402813 0.037
2 0.29043 0.217906 0.0332656 0.0253542
2 0.751484 0.138187 0.0246875 0.0323333
2 0.664227 0.352646 0.0112656 0.016375
2 0.787422 0.0926979 0.0263125 0.0289375
2 0.283828 0.338583 0.0215312 0.029125
2 0.782672 0.161615 0.0278438 0.0281875
2 0.375547 0.284833 0.046125 0.0447083
2 0.681445 0.461604 0.0400781 0.058625
2 0.400867 0.186062 0.0511406 0.0345
2 0.256336 0.601417 0.0355156 0.0328333
2 0.339086 0.266115 0.0355469 0.0528958
2 0.821602 0.0897708 0.0223594 0.0127083
2 0.670937 0.280719 0.0295312 0.0536458
