0 0.861836 0.938344 0.0588906 0.0761845
0 0.441492 0.575503 0.0140156 0.0630818
0 0.856938 0.7837 0.106438 0.068826
0 0.441742 0.627453 0.0152969 0.0501258
0 0.387141 0.563941 0.0134687 0.0297275
0 0.724578 0.855556 0.0634062 0.0933753
0 0.27932 0.429392 0.0142031 0.0197904
0 0.286539 0.394277 0.00735937 0.0308595
0 0.854844 0.73087 0.076 0.0919287
0 0.32518 0.413396 0.0115781 0.0257862
0 0.410398 0.463805 0.0136094 0.046478
0 0.35982 0.406635 0.0189531 0.0518868
0 0.703734 0.959937 0.0642812 0.0668344
0 0.361906 0.430881 0.0211875 0.0366038
0 0.398031 0.443983 0.01675 0.0599161
0 0.821961 0.950618 0.0361094 0.0727673
0 0.473977 0.691771 0.0165156 0.0572117
0 0.818992 0.638239 0.0532344 0.174298
0 0.643969 0.685346 0.0589063 0.0516981
0 0.290125 0.392065 0.00625 0.0284067
0 0.649898 0.589665 0.0460156 0.0918239
0 0.601547 0.771321 0.0239063 0.0481342
0 0.397305 0.476237 0.0206094 0.037673
0 0.684836 0.909308 0.0414844 0.0681342
0 0.581875 0.754958 0.0302812 0.0586373
0 0.783883 0.935629 0.0369219 0.080608
0 0.57693 0.675409 0.0211406 0.0985325
0 0.862937 0.632631 0.0395 0.164004
0 0.366602 0.553784 0.0138281 0.0151572
0 0.289594 0.454822 0.0130625 0.0196646
0 0.458438 0.490587 0.0116875 0.0586164
0 0.42032 0.437075 0.0106406 0.0645912
0 0.544422 0.777966 0.0224375 0.0338784
0 0.530391 0.670084 0.0189375 0.0870021
0 0.819898 0.698836 0.0539531 0.118679
0 0.857727 0.873512 0.0999844 0.0833333
0 0.663531 0.636719 0.0326562 0.0626625
0 0.633937 0.573218 0.0252188 0.0944444
0 0.818797 0.853595 0.0341875 0.0868134
0 0.856734 0.972652 0.0754688 0.054696
0 0.361258 0.532484 0.0222031 0.0350314
0 0.555094 0.718795 0.03125 0.0765409
0 0.414672 0.537746 0.0151562 0.0396855
0 0.400719 0.561562 0.0105313 0.0310482
0 0.622648 0.836457 0.0434531 0.0451153
0 0.458094 0.633029 0.0198438 0.0496226
0 0.568719 0.799612 0.0438125 0.0408595
0 0.267047 0.432579 0.0066875 0.0127463
0 0.690273 0.834015 0.0433906 0.115577
0 0.334508 0.554182 0.0212031 0.0302516
0 0.689914 0.976866 0.0307344 0.0462683
0 0.522961 0.814958 0.0269531 0.0328512
0 0.420562 0.523994 0.011375 0.0413208
0 0.651516 0.739015 0.0324688 0.0810482
0 0.488398 0.638564 0.0125781 0.0185535
0 0.844437 0.85544 0.089375 0.101195
0 0.608273 0.581247 0.0184219 0.0725157
0 0.292891 0.407264 0.00559375 0.0253878
0 0.390563 0.507055 0.013375 0.0253459
0 0.668578 0.802935 0.0264688 0.122935
0 0.27975 0.408229 0.0174063 0.0219078
0 0.349695 0.460283 0.0133594 0.0260168
0 0.310477 0.486447 0.0171094 0.0212788
0 0.378883 0.507925 0.0238906 0.0448637
0 0.589734 0.601635 0.031 0.0890147
0 0.468578 0.720493 0.019875 0.0448428
0 0.885477 0.632254 0.0518906 0.148784
0 0.681172 0.86348 0.0745625 0.0776939
0 0.328867 0.499832 0.0165469 0.0331237
0 0.303664 0.450388 0.0125469 0.0268553
0 0.452219 0.715063 0.0198438 0.0495388
0 0.345047 0.430912 0.028 0.0440461
0 0.785227 0.980566 0.0391094 0.0388679
0 0.665531 0.975356 0.023 0.0476939
0 0.522563 0.719036 0.02075 0.0648218
0 0.623898 0.792233 0.0293281 0.057086
0 0.375828 0.441101 0.015 0.0402725
