2 0.422859 0.631335 0.023 0.0238876
2 0.250672 0.730773 0.032 0.0309133
2 0.218492 0.596721 0.0355156 0.0362529
2 0.356711 0.596874 0.00992188 0.0223185
2 0.491398 0.695726 0.0522656 0.0349649
2 0.319852 0.694485 0.0248594 0.0258314
2 0.532977 0.632974 0.0154844 0.022623
2 0.277523 0.684379 0.0156406 0.024637
2 0.451594 0.634906 0.030125 0.0222717
2 0.341617 0.577541 0.0368281 0.0223888
2 0.295461 0.651874 0.0176406 0.0274941
2 0.306008 0.594403 0.0204531 0.0291335
2 0.166492 0.585316 0.0208281 0.0276347
2 0.467297 0.649286 0.0214375 0.0262998
2 0.518617 0.634215 0.0161094 0.0176581
2 0.226008 0.686581 0.0582969 0.0349883
2 0.371828 0.690234 0.0242812 0.0305855
2 0.276266 0.58671 0.0309687 0.0203513
2 0.316187 0.573548 0.0427812 0.0201639
2 0.179719 0.650644 0.0264375 0.0300468
2 0.35293 0.561077 0.0181406 0.0160187
2 0.297047 0.71767 0.043625 0.0240984
2 0.388508 0.649625 0.0297656 0.0189227
2 0.433742 0.650023 0.0260156 0.0139578
2 0.214102 0.620539 0.0346094 0.0274941
2 0.326906 0.723759 0.041625 0.0254567
2 0.181172 0.700351 0.022875 0.0222482
2 0.549094 0.62945 0.0239688 0.0322014
