2 0.718227 0.542947 0.0472656 0.0697018
2 0.857734 0.672982 0.0429375 0.0686239
2 0.75525 0.472649 0.0470938 0.0370872
2 0.800016 0.662122 0.0535 0.0693349
2 0.829516 0.661319 0.0395313 0.066445
2 0.732539 0.5268 0.0390469 0.0739679
2 0.718984 0.483165 0.0343437 0.0329358
2 0.86157 0.596479 0.0536406 0.0431881
2 0.788656 0.500642 0.0310937 0.0567431
2 0.690117 0.509633 0.0491406 0.0516514
2 0.755812 0.512878 0.04275 0.072133
2 0.870359 0.588521 0.0555625 0.0418578
2 0.835281 0.620849 0.0509687 0.0406422
2 0.873469 0.634851 0.0451562 0.0693807
