2 0.932008 0.679262 0.0628906 0.0714553
2 0.989625 0.47262 0.0184687 0.072973
2 0.592789 0.857568 0.0356094 0.0766736
2 0.449953 0.0885655 0.0410313 0.0696466
2 0.65525 0.725395 0.0567187 0.0788565
2 0.296227 0.154387 0.0486719 0.046736
2 0.933547 0.130385 0.0461875 0.072578
2 0.577586 0.599543 0.0359844 0.0919751
2 0.565602 0.0171206 0.0452344 0.0322869
2 0.554461 0.599584 0.0417656 0.0879418
2 0.685578 0.396674 0.05125 0.0486902
2 0.642062 0.145946 0.0320937 0.0646154
2 0.507547 0.741559 0.0303438 0.0571726
2 0.825305 0.114449 0.0454219 0.051185
2 0.964914 0.385478 0.0494844 0.0517464
2 0.883305 0.485426 0.0485156 0.0355925
2 0.864914 0.312266 0.0673594 0.0679418
2 0.369805 0.779574 0.0617969 0.0574844
2 0.526977 0.454792 0.0186719 0.0443451
2 0.625445 0.117963 0.0497969 0.0673597
2 0.542687 0.412911 0.0469687 0.0615385
2 0.986016 0.209023 0.0243125 0.0495634
2 0.516414 0.510593 0.0563906 0.0643451
2 0.559102 0.378212 0.0467656 0.0630769
2 0.478945 0.489615 0.0319531 0.0361538
2 0.347594 0.481175 0.0349375 0.062973
2 0.491914 0.946798 0.0562344 0.0749272
2 0.793352 0.458389 0.0555469 0.052578
2 0.289312 0.35026 0.045625 0.0644283
2 0.676078 0.794096 0.0633125 0.0753846
2 0.309594 0.300988 0.0402813 0.0638877
2 0.519359 0.280125 0.0419687 0.0674428
2 0.414367 0.751663 0.0667969 0.0551351
2 0.364453 0.340603 0.049875 0.037921
2 0.851547 0.705312 0.0328437 0.0594387
2 0.490617 0.184283 0.0408906 0.0664033
2 0.485469 0.0128378 0.0309063 0.0245946
2 0.388 0.535842 0.0591563 0.0651559
2 0.612898 0.224491 0.0357969 0.101788
2 0.917289 0.538326 0.0517656 0.0792308
2 0.823008 0.801518 0.0671719 0.0964657
2 0.381836 0.287173 0.0537031 0.0569231
2 0.775922 0.0764033 0.0565937 0.0830769
2 0.671641 0.259501 0.038875 0.0571726
2 0.870461 0.131985 0.0472031 0.0711642
2 0.645211 0.607796 0.0284531 0.0794179
2 0.777891 0.5721 0.0392813 0.067817
2 0.745203 0.303919 0.0456562 0.054158
2 0.782023 0.419678 0.0486719 0.0499168
2 0.766312 0.380686 0.048875 0.061289
2 0.842961 0.39684 0.0425469 0.0797505
2 0.694805 0.862287 0.0491094 0.070104
2 0.671594 0.525249 0.0328437 0.0651351
2 0.757227 0.511383 0.0597031 0.055447
2 0.204867 0.515561 0.0270781 0.0335759
2 0.426523 0.600541 0.0522969 0.0657796
2 0.570172 0.416923 0.023875 0.0481913
2 0.643164 0.240364 0.0385469 0.0596466
2 0.802352 0.61262 0.0658906 0.0889397
2 0.265297 0.197058 0.0665937 0.0623077
2 0.217586 0.449615 0.0539844 0.0702495
2 0.504664 0.370301 0.0512031 0.0933264
2 0.886148 0.111019 0.0491719 0.0731393
2 0.464844 0.866279 0.0373437 0.0864033
2 0.363938 0.17448 0.0483125 0.0884615
2 0.278406 0.835301 0.0435 0.0505198
2 0.307352 0.650146 0.0727969 0.0514345
2 0.369437 0.388119 0.0487812 0.0366944
2 0.593758 0.225707 0.0336406 0.0763202
2 0.896414 0.191538 0.0417656 0.0692308
2 0.68843 0.471123 0.0621719 0.0551351
2 0.268117 0.733846 0.0588906 0.0843659
2 0.495984 0.337651 0.0565312 0.0693139
2 0.642125 0.383222 0.0695937 0.0485239
2 0.46768 0.226154 0.0563906 0.0656549
2 0.683633 0.665509 0.0452344 0.0664033
2 0.746063 0.733628 0.05525 0.0558628
2 0.783273 0.232214 0.0323906 0.0807692
2 0.523164 0.696476 0.0445156 0.072578
2 0.450758 0.890437 0.0392656 0.0740956
2 0.565094 0.547121 0.0443438 0.0317879
2 0.804984 0.971871 0.062875 0.0553846
2 0.251492 0.348669 0.0398281 0.0647817
2 0.295727 0.11158 0.0498594 0.0584615
2 0.779031 0.278306 0.0319063 0.0532017
2 0.460961 0.995665 0.0228906 0.00866944
2 0.373609 0.993067 0.0220938 0.0106653
2 0.716773 0.665478 0.0542031 0.0779002
2 0.686883 0.424865 0.0518594 0.0472349
2 0.435828 0.767308 0.0585 0.0776923
2 0.647789 0.516518 0.0342031 0.0709563
2 0.305148 0.462952 0.0575469 0.0664033
