0 0.0368267 0.19418 0.0641452 0.0527031
0 0.562389 0.27693 0.167728 0.133484
0 0.263653 0.303695 0.429368 0.134047
0 0.240878 0.26893 0.412248 0.0980156
0 0.626815 0.189375 0.0669321 0.07225
0 0.198091 0.171602 0.0568852 0.0954531
0 0.166241 0.220141 0.0485948 0.0616563
0 0.57637 0.208508 0.037377 0.0391719
0 0.0991101 0.224664 0.1963 0.216828
0 0.478981 0.195586 0.107002 0.0626094
0 0.201792 0.307609 0.279602 0.0438125
0 0.72185 0.280367 0.187963 0.107234
0 0.527717 0.255641 0.141944 0.0720313
0 0.303852 0.228984 0.0609602 0.0387813
0 0.0455152 0.336266 0.0910304 0.0617188
0 0.357951 0.212211 0.109157 0.0454219
0 0.532728 0.201687 0.0623653 0.063125
0 0.243653 0.235969 0.0622482 0.0525312
