0 0.653856 0.731195 0.114293 0.0509844
0 0.191812 0.32643 0.0728792 0.0719219
0 0.287853 0.234148 0.0348329 0.0256094
0 0.237057 0.560172 0.0618766 0.035125
0 0.172121 0.171305 0.0414653 0.0567344
0 0.59838 0.791859 0.178098 0.061125
0 0.911195 0.875719 0.101722 0.08525
0 0.122506 0.280844 0.0925707 0.0570312
0 0.915283 0.819648 0.155758 0.0763594
0 0.615823 0.404938 0.0608997 0.0879375
0 0.47383 0.375781 0.0438046 0.0307187
0 0.621774 0.457531 0.0374807 0.0252812
0 0.753085 0.828875 0.0538303 0.092875
0 0.339422 0.898617 0.0913882 0.0857656
0 0.261067 0.201125 0.0468638 0.046875
0 0.115553 0.399055 0.0519794 0.117016
0 0.910129 0.405398 0.146375 0.117891
0 0.352918 0.836289 0.108612 0.0590781
0 0.0839203 0.394773 0.0849614 0.114391
0 0.0919409 0.749992 0.120077 0.0633281
0 0.30536 0.594437 0.0815681 0.0424687
0 0.898303 0.34218 0.0825707 0.0952656
0 0.571195 0.403695 0.066144 0.0850781
0 0.974859 0.502961 0.0438046 0.0606094
0 0.540244 0.847398 0.0786375 0.0538906
0 0.96635 0.871703 0.0673008 0.0506562
0 0.146054 0.789898 0.0599743 0.0618906
0 0.29635 0.753266 0.100771 0.0610938
0 0.262712 0.864977 0.0557584 0.0865781
0 0.884422 0.515516 0.0682776 0.0544687
0 0.877635 0.819867 0.134396 0.0746406
0 0.769499 0.749383 0.0525707 0.0693594
0 0.0771851 0.236234 0.038329 0.0220312
0 0.508201 0.176477 0.02 0.0187031
0 0.216311 0.59393 0.0450129 0.0479844
0 0.823008 0.750016 0.0769666 0.0665625
0 0.912481 0.561789 0.110154 0.0512344
0 0.712339 0.745914 0.0647815 0.0665156
0 0.440077 0.881422 0.0717738 0.0515938
0 0.217147 0.332664 0.0957326 0.0915781
0 0.185874 0.558602 0.0451157 0.0360469
0 0.894692 0.599781 0.0752956 0.0400625
0 0.837429 0.328078 0.051671 0.0712812
0 0.165668 0.399453 0.0493316 0.122344
0 0.687224 0.329891 0.0714139 0.0791562
0 0.952108 0.562234 0.0957841 0.05525
0 0.193625 0.398773 0.093419 0.146422
0 0.134023 0.141898 0.0272237 0.0361719
0 0.393586 0.377461 0.0367866 0.0278281
0 0.194871 0.867344 0.0871208 0.085125
0 0.724434 0.870289 0.0586375 0.108547
0 0.803805 0.346109 0.0751157 0.0925625
0 0.095 0.84943 0.145578 0.0625156
0 0.10383 0.902898 0.115733 0.0706719
0 0.0841517 0.591305 0.0704627 0.0239844
0 0.648612 0.864016 0.0592288 0.101813
0 0.744087 0.172602 0.0348586 0.0641094
0 0.213496 0.907422 0.0706941 0.0998437
0 0.653882 0.81525 0.118098 0.0843125
0 0.317301 0.148195 0.0436504 0.0463281
0 0.261787 0.595672 0.0666581 0.0454375
0 0.641774 0.326 0.0745501 0.0671875
0 0.0483162 0.203805 0.0424936 0.0516719
0 0.279602 0.906477 0.0600771 0.0954844
0 0.136324 0.563 0.0631362 0.0334688
0 0.222751 0.209 0.0385604 0.05875
0 0.455977 0.334945 0.08491 0.0694844
0 0.346144 0.340781 0.0877121 0.0783438
0 0.386298 0.783875 0.0848843 0.0401875
0 0.929383 0.388719 0.141234 0.106937
0 0.188458 0.276625 0.0371208 0.0476875
0 0.703817 0.145477 0.0769923 0.0660781
0 0.699473 0.831711 0.0684576 0.0937344
0 0.367853 0.338844 0.0675835 0.0673438
0 0.193638 0.23882 0.0333419 0.0233906
0 0.0986247 0.321836 0.0905141 0.0746094
0 0.369614 0.160984 0.0532134 0.079625
0 0.396388 0.835781 0.110051 0.0594063
0 0.65329 0.40768 0.0656555 0.0942031
0 0.796632 0.876617 0.0766067 0.101859
0 0.188496 0.76725 0.0501542 0.078
0 0.933805 0.491875 0.0692031 0.0508438
0 0.046054 0.892992 0.092108 0.0477969
0 0.0657069 0.58407 0.0874036 0.0318281
0 0.941401 0.594195 0.0901028 0.0507344
0 0.145848 0.858375 0.112776 0.074
0 0.917494 0.335789 0.112365 0.0961406
0 0.163946 0.592352 0.0628021 0.0446406
0 0.934717 0.514547 0.0483548 0.0530937
0 0.397571 0.155375 0.0354499 0.0704375
0 0.317609 0.856875 0.0999486 0.0786875
0 0.838278 0.402062 0.0992288 0.145719
0 0.387455 0.820188 0.147815 0.0486562
0 0.611992 0.734445 0.109794 0.0581094
0 0.969897 0.786078 0.0559897 0.0382813
0 0.81829 0.821094 0.0932391 0.078875
0 0.289781 0.562273 0.07 0.0353281
0 0.0422108 0.79132 0.0844216 0.0511406
0 0.810578 0.766641 0.0411054 0.0357188
0 0.86928 0.49007 0.0830334 0.0326719
0 0.0845758 0.567305 0.0688432 0.0320781
0 0.619499 0.807695 0.13581 0.0752031
0 0.620874 0.158461 0.0558355 0.0466719
0 0.591401 0.864258 0.108252 0.0614531
0 0.902069 0.470375 0.0888175 0.0330625
0 0.225167 0.283867 0.0659126 0.0649531
0 0.930514 0.747234 0.129512 0.0565937
0 0.726825 0.765055 0.0412082 0.0528906
0 0.560154 0.740148 0.08 0.0507656
0 0.851478 0.515516 0.0786375 0.044125
0 0.124165 0.592031 0.0691003 0.0341875
0 0.978766 0.598492 0.0424679 0.0582031
0 0.705835 0.342977 0.0538303 0.100109
0 0.916067 0.777781 0.108895 0.0498437
0 0.131105 0.310391 0.0503342 0.0609062
0 0.808766 0.177531 0.100771 0.076875
0 0.158316 0.17818 0.050617 0.0793906
0 0.545668 0.412805 0.0907198 0.111578
0 0.595835 0.160906 0.0366581 0.048375
0 0.210154 0.79475 0.0501285 0.0695937
0 0.454923 0.17918 0.0669666 0.0214219
0 0.713329 0.203203 0.0626478 0.04375
0 0.822712 0.148164 0.0394087 0.0362969
0 0.241941 0.760188 0.0662468 0.071125
0 0.191787 0.201852 0.0696915 0.0595781
0 0.415514 0.33625 0.0503599 0.0643125
0 0.887031 0.749258 0.119306 0.0622656
0 0.340308 0.748078 0.128021 0.0562813
