0 0.710422 0.444781 0.041375 0.0311042
0 0.690266 0.490115 0.0242188 0.0877292
0 0.707492 0.192208 0.0347031 0.0427083
0 0.630313 0.188896 0.0530625 0.0552917
0 0.590148 0.474604 0.0832344 0.0470417
0 0.795078 0.527698 0.0385 0.107104
0 0.715133 0.498125 0.0495781 0.105792
0 0.584414 0.464333 0.0754531 0.07025
0 0.612883 0.513302 0.0793906 0.0386458
0 0.77868 0.525104 0.0206094 0.0862917
0 0.612258 0.19825 0.0290156 0.038125
0 0.815516 0.515437 0.0452813 0.0770833
0 0.622891 0.190187 0.0452188 0.0563333
0 0.670906 0.192969 0.0334688 0.0448958
0 0.694141 0.195365 0.0194375 0.0413542
0 0.604719 0.5225 0.0789375 0.0516667
0 0.717922 0.492729 0.046375 0.111125
0 0.592453 0.485729 0.086625 0.0387917
