0 0.817688 0.345302 0.065768 0.0808007
0 0.530711 0.452917 0.0402778 0.109461
0 0.285621 0.52375 0.0780719 0.0425327
0 0.95625 0.410196 0.0652124 0.0847712
0 0.682337 0.451324 0.0476144 0.139673
0 0.798587 0.245719 0.063415 0.060915
0 0.977949 0.301225 0.0247876 0.0725817
0 0.738292 0.247614 0.0428595 0.0861438
0 0.503873 0.452304 0.0411765 0.108856
0 0.973464 0.598807 0.0337255 0.0475817
0 0.90875 0.445556 0.0943627 0.115621
0 0.681275 0.360596 0.0590523 0.0907026
0 0.916332 0.308154 0.0350163 0.0713072
0 0.652598 0.280891 0.0219935 0.0420098
0 0.726626 0.454837 0.0575654 0.140392
0 0.82473 0.471479 0.0952778 0.127533
0 0.508292 0.35424 0.107141 0.0846569
0 0.955008 0.566046 0.0512908 0.0606209
0 0.4004 0.530768 0.0647876 0.124314
0 0.927451 0.565858 0.0853595 0.0903431
0 0.861299 0.465139 0.0617484 0.0764216
0 0.69799 0.456732 0.0560458 0.131569
0 0.363897 0.522533 0.0393954 0.114477
0 0.69857 0.266895 0.0256699 0.0469281
0 0.899665 0.236487 0.0932516 0.0702941
0 0.973489 0.400596 0.0373366 0.0692974
0 0.937508 0.598668 0.0454739 0.0421405
0 0.550645 0.447279 0.0427614 0.108252
0 0.668113 0.456928 0.0381863 0.119118
0 0.647786 0.456708 0.0466176 0.123382
0 0.486618 0.333644 0.0970588 0.0666993
0 0.911536 0.22183 0.0971569 0.0595425
0 0.823962 0.220319 0.0440359 0.0843301
0 0.280605 0.495474 0.094281 0.0532353
0 0.652941 0.350997 0.0665033 0.078366
0 0.386797 0.522124 0.0487908 0.110915
0 0.487508 0.344624 0.0989379 0.0704248
0 0.872704 0.33567 0.102533 0.112647
0 0.860891 0.474534 0.0970752 0.113415
0 0.761569 0.349706 0.0544444 0.100752
0 0.899567 0.331103 0.100212 0.0753758
0 0.952958 0.396225 0.0356209 0.065817
0 0.836887 0.341127 0.0809314 0.11817
0 0.862181 0.237141 0.0598203 0.0820261
0 0.719641 0.247312 0.0518301 0.0914869
0 0.685703 0.250188 0.0537582 0.10652
0 0.822508 0.250212 0.084232 0.0666013
0 0.970842 0.311168 0.0439706 0.0844935
0 0.863603 0.430025 0.0577614 0.0849837
0 0.854763 0.241446 0.054951 0.0736438
0 0.564109 0.450343 0.0474346 0.0841176
0 0.899567 0.214739 0.0284477 0.0384314
0 0.912467 0.220825 0.0185621 0.0276307
0 0.806111 0.210866 0.0470915 0.0665033
0 0.641405 0.350033 0.0761438 0.0806863
0 0.984011 0.383007 0.0136765 0.0379412
0 0.924837 0.438856 0.0652288 0.0970261
0 0.625033 0.262712 0.0806209 0.0453268
0 0.949747 0.518725 0.0334477 0.0486928
0 0.241748 0.531503 0.0266667 0.0185948
0 0.787328 0.241111 0.0628922 0.0837582
0 0.845449 0.341062 0.0634477 0.0966993
0 0.862574 0.230531 0.037402 0.0396895
0 0.391038 0.44482 0.0470098 0.0243137
0 0.934297 0.32451 0.0435948 0.0778105
0 0.797034 0.354338 0.0627941 0.0994935
0 0.551307 0.340335 0.0557516 0.103578
0 0.892002 0.316699 0.0464542 0.0551961
0 0.492304 0.433448 0.0385294 0.0836275
0 0.748922 0.475302 0.0657516 0.114232
0 0.948129 0.308546 0.0115523 0.0202288
0 0.942092 0.629788 0.0726144 0.0325817
0 0.903619 0.300163 0.0423366 0.0838562
0 0.935907 0.427083 0.0618791 0.0700817
0 0.948922 0.311667 0.059085 0.0687908
