0 0.322961 0.262102 0.0123906 0.021024
0 0.126227 0.0552614 0.0330469 0.0221569
0 0.0989922 0.262691 0.0205469 0.04878
0 0.316375 0.655588 0.01875 0.0273856
0 0.19132 0.238453 0.0188594 0.0498039
0 0.294016 0.684009 0.0157188 0.0298911
0 0.856555 0.791351 0.0163281 0.04061
0 0.232797 0.720218 0.0206563 0.0250545
0 0.550383 0.643159 0.0209219 0.0142919
0 0.205953 0.659205 0.0211875 0.0304793
0 0.479078 0.732331 0.0265312 0.0646187
0 0.403953 0.375773 0.0164063 0.00775599
0 0.488047 0.798181 0.0202813 0.0530065
0 0.596203 0.636797 0.0191875 0.0344662
0 0.174508 0.177669 0.0244844 0.043573
0 0.224109 0.245381 0.024875 0.0588235
0 0.167078 0.324259 0.0174063 0.0295207
0 0.206047 0.629183 0.0329375 0.0426362
0 0.400094 0.776231 0.0197188 0.0308497
0 0.892445 0.834031 0.0293281 0.0250545
0 0.765148 0.767037 0.0184531 0.0277124
0 0.31407 0.518442 0.0156719 0.039281
0 0.0185312 0.246536 0.0233437 0.0250545
0 0.425602 0.768072 0.0373594 0.0238998
0 0.901117 0.780991 0.0334531 0.0256427
0 0.312078 0.733224 0.0183125 0.0427887
0 0.63868 0.916307 0.0140781 0.0228105
0 0.160406 0.772778 0.0361563 0.0282135
0 0.866523 0.820109 0.0142344 0.0291068
0 0.545266 0.918072 0.0247812 0.0555773
0 0.121742 0.0868083 0.0448906 0.0223312
0 0.180305 0.732941 0.0402656 0.023268
0 0.259656 0.555708 0.0124375 0.0100654
0 0.485773 0.383562 0.0147344 0.0100436
0 0.150078 0.0882353 0.0121875 0.0259259
0 0.22693 0.614978 0.0189844 0.0252941
0 0.431234 0.413333 0.020625 0.0266667
0 0.687352 0.807941 0.0300156 0.0218083
0 0.330469 0.607876 0.0299375 0.0253813
0 0.406875 0.636122 0.0151562 0.0264052
0 0.185367 0.336264 0.0283906 0.0442048
0 0.643719 0.414967 0.0102188 0.0154248
0 0.594109 0.361481 0.0237813 0.0212636
0 0.310703 0.533388 0.0140625 0.0219826
0 0.813422 0.829401 0.0155312 0.0289978
0 0.353117 0.733246 0.0333594 0.0436166
0 0.178227 0.0513181 0.0256719 0.0142266
0 0.136875 0.750294 0.028375 0.0183224
0 0.826562 0.814706 0.0268437 0.029281
0 0.61693 0.42329 0.00864063 0.0276253
0 0.853023 0.754608 0.0208594 0.0389325
0 0.446031 0.61122 0.00721875 0.0166885
0 0.26482 0.547004 0.00560937 0.0119608
0 0.283898 0.532179 0.0106094 0.00941176
0 0.920672 0.798094 0.0154687 0.0272113
0 0.361055 0.76805 0.0390156 0.0309586
0 0.188906 0.101057 0.0505938 0.0400218
0 0.480422 0.455131 0.0194062 0.0265142
0 0.58475 0.907702 0.0173125 0.0365795
0 0.251211 0.172505 0.0518906 0.0406536
0 0.194484 0.779259 0.0159063 0.024488
0 0.209352 0.188159 0.0183906 0.0645098
0 0.750141 0.759107 0.01375 0.0377342
0 0.249312 0.646492 0.0206563 0.0296732
0 0.216484 0.644804 0.0212812 0.0216776
0 0.176047 0.777996 0.0265 0.0216122
0 0.453219 0.622865 0.00921875 0.0285185
0 0.373234 0.742255 0.0301563 0.0408932
0 0.489445 0.830588 0.0203281 0.043573
0 0.173445 0.136656 0.0469219 0.0303486
0 0.789758 0.829793 0.0321406 0.0248584
0 0.339008 0.504695 0.0110469 0.0359695
0 0.386359 0.622887 0.0167813 0.0174074
0 0.410531 0.670828 0.025625 0.0186492
0 0.447328 0.47244 0.0160625 0.0114161
0 0.835164 0.841776 0.0311094 0.0223747
0 0.510469 0.711852 0.0168125 0.0188671
0 0.174859 0.34854 0.0265937 0.0328976
0 0.401516 0.698573 0.017 0.0303486
0 0.880867 0.787505 0.0192344 0.0175381
0 0.448109 0.37463 0.0155625 0.0115686
0 0.612836 0.638878 0.0121094 0.0275163
0 0.532703 0.316961 0.0245 0.0126144
0 0.535492 0.309739 0.0200156 0.0121133
0 0.273016 0.117386 0.0200313 0.0427451
0 0.842703 0.835904 0.0364063 0.0227887
0 0.784594 0.770708 0.0304687 0.0371024
0 0.150547 0.235338 0.017625 0.0494989
0 0.473187 0.826057 0.0225312 0.0500218
0 0.273336 0.505392 0.0122969 0.0251198
0 0.771109 0.826275 0.0240625 0.0262745
0 0.209992 0.0407407 0.0169219 0.0311111
0 0.417031 0.715784 0.0200938 0.0432898
0 0.188734 0.724237 0.043 0.030305
0 0.356453 0.631525 0.0186875 0.0183442
0 0.610789 0.486209 0.00823437 0.0104139
0 0.202625 0.759717 0.0169687 0.0284532
0 0.165078 0.359695 0.021 0.0329412
0 0.262125 0.277222 0.0220625 0.0357516
0 0.362867 0.698715 0.0218594 0.0378214
0 0.43968 0.327625 0.0134844 0.00923747
0 0.751586 0.786743 0.0161094 0.0238998
0 0.396773 0.664063 0.00620313 0.0181481
0 0.309898 0.689205 0.0241094 0.0489978
0 0.175344 0.632451 0.0275313 0.0159695
0 0.262977 0.602309 0.0261406 0.0162963
0 0.580172 0.615545 0.0119688 0.0218954
0 0.199539 0.607908 0.0355156 0.0308061
0 0.111164 0.295784 0.0136406 0.0428976
0 0.206617 0.675033 0.0154844 0.0282353
0 0.436234 0.728453 0.0161563 0.0393028
0 0.339945 0.574477 0.0114531 0.0287364
0 0.398547 0.586743 0.0146875 0.0211983
0 0.247016 0.097549 0.016125 0.0433333
0 0.228359 0.816841 0.0163125 0.0264924
0 0.45393 0.718813 0.0175469 0.0684749
0 0.185555 0.757952 0.0178281 0.023573
0 0.327023 0.522745 0.0130156 0.0335076
0 0.909563 0.836438 0.0354375 0.0215904
0 0.544836 0.630098 0.0118281 0.0120915
0 0.23375 0.186122 0.028375 0.0639651
0 0.618172 0.619564 0.0103125 0.024183
0 0.342867 0.310425 0.00867187 0.0187146
0 0.460508 0.734009 0.0234844 0.0759477
0 0.812945 0.763442 0.0160781 0.017037
0 0.59125 0.93146 0.0131562 0.0187364
0 0.446039 0.708834 0.0119531 0.0433333
0 0.319844 0.310414 0.010125 0.0175599
0 0.253937 0.195272 0.0285313 0.0441394
0 0.116867 0.145643 0.0142344 0.0511547
0 0.0891562 0.25305 0.0379688 0.0383878
0 0.12693 0.231296 0.0218906 0.0493028
0 0.334586 0.237092 0.00970312 0.0266449
0 0.621297 0.644706 0.0104375 0.0185185
0 0.269977 0.780458 0.0357969 0.0363834
0 0.111664 0.19537 0.0419219 0.0385839
0 0.45457 0.791024 0.0263906 0.0465359
0 0.454344 0.337026 0.022875 0.0283878
0 0.334305 0.284216 0.0134219 0.021024
0 0.332867 0.626318 0.0366406 0.028976
0 0.0824063 0.144041 0.0207813 0.0286928
0 0.875164 0.799259 0.0157656 0.0171242
0 0.114648 0.215065 0.0373594 0.0432462
0 0.523242 0.637277 0.0158594 0.011634
0 0.5075 0.37219 0.0171563 0.0103922
0 0.471594 0.418083 0.010375 0.0109368
0 0.511609 0.349009 0.0095 0.0152723
0 0.944203 0.825882 0.0186562 0.0255773
0 0.15607 0.33 0.0146719 0.0371678
0 0.424141 0.615969 0.00475 0.00775599
0 0.329984 0.194837 0.005875 0.0163834
0 0.0154297 0.174956 0.0308594 0.02939
0 0.364766 0.539227 0.0111562 0.0172767
0 0.0160313 0.122081 0.0190937 0.0209368
0 0.504742 0.696002 0.0211719 0.0130937
0 0.267695 0.248725 0.0239531 0.0685185
0 0.705617 0.812963 0.0140469 0.0215686
0 0.3675 0.673551 0.0175937 0.0311983
0 0.411633 0.334989 0.0137969 0.0132026
0 0.371352 0.588954 0.0151406 0.0185185
0 0.334547 0.180294 0.00871875 0.0188889
0 0.614289 0.382516 0.0188906 0.013573
0 0.42882 0.576318 0.0231406 0.02
0 0.594883 0.614161 0.00929687 0.0132462
0 0.0228594 0.267505 0.0254063 0.0267756
0 0.217336 0.31281 0.0251719 0.0393464
0 0.979437 0.804978 0.032125 0.0247277
0 0.156273 0.120632 0.0146719 0.0187364
0 0.274164 0.701732 0.00789063 0.0239869
0 0.299844 0.764542 0.0200313 0.027037
0 0.391305 0.756645 0.0212656 0.0259259
0 0.354641 0.714107 0.0380313 0.0289542
0 0.230836 0.755283 0.0242656 0.0325708
0 0.277625 0.538943 0.00828125 0.0122658
0 0.303352 0.49744 0.00873437 0.0204575
0 0.479062 0.416394 0.0118125 0.0100871
0 0.483125 0.334205 0.0101875 0.00810458
0 0.500617 0.32098 0.0216719 0.00997821
0 0.717867 0.821002 0.0208281 0.0197386
0 0.800188 0.850675 0.0234375 0.0211329
0 0.436344 0.65573 0.01025 0.00901961
0 0.555945 0.614564 0.0204531 0.0248148
0 0.735359 0.793769 0.0201875 0.0177778
0 0.363469 0.555479 0.0149687 0.0246841
0 0.294227 0.520741 0.0201719 0.0302397
0 0.935586 0.792516 0.0194219 0.0390196
0 0.577945 0.930959 0.0321719 0.0284096
0 0.54282 0.606743 0.0115781 0.0364924
0 0.234422 0.305817 0.015125 0.0501525
0 0.591664 0.649935 0.0208594 0.0159913
0 0.239727 0.513856 0.00829687 0.02
0 0.433422 0.351307 0.00940625 0.0101961
0 0.572422 0.368301 0.00640625 0.00893246
0 0.209344 0.0601961 0.028125 0.0522004
0 0.615023 0.37134 0.0224219 0.0158388
0 0.597773 0.371057 0.0229219 0.0122658
0 0.368695 0.634412 0.0158906 0.0198039
0 0.162273 0.181797 0.0190781 0.0342702
0 0.554383 0.361536 0.00948437 0.0127887
0 0.317352 0.646743 0.0207031 0.0288671
0 0.555336 0.343519 0.0108594 0.0183224
0 0.862391 0.7722 0.0167187 0.0293682
0 0.4735 0.335763 0.0125938 0.0238998
0 0.577898 0.403867 0.0123906 0.0167102
