2 0.914234 0.899208 0.124094 0.082125
2 0.278844 0.45849 0.084875 0.0609792
2 0.657906 0.987479 0.1145 0.0225833
2 0.870891 0.714021 0.107406 0.0784583
2 0.524875 0.966292 0.13375 0.0657917
2 0.395766 0.629906 0.107156 0.0535625
2 0.784078 0.982667 0.128781 0.0346667
2 0.455406 0.551427 0.0996875 0.0738542
2 0.900969 0.969083 0.123625 0.0618333
2 0.515984 0.68849 0.0684687 0.0536458
2 0.559187 0.54401 0.077 0.0631458
2 0.655844 0.274604 0.04925 0.0569167
2 0.257328 0.274083 0.0567813 0.053125
2 0.0925156 0.46399 0.0763438 0.0867292
2 0.764844 0.402646 0.05 0.0195833
2 0.511234 0.49399 0.0487812 0.0487708
2 0.227672 0.336042 0.0813438 0.036375
2 0.66975 0.320458 0.057375 0.0265417
2 0.310594 0.27649 0.05425 0.0526042
2 0.341125 0.3855 0.08075 0.0947083
2 0.242734 0.633854 0.0852813 0.068625
2 0.7955 0.278562 0.0391875 0.0674583
2 0.0547656 0.722208 0.109531 0.0745417
