2 0.690063 0.454635 0.0272812 0.0417292
2 0.730945 0.495219 0.0207969 0.0331875
2 0.763688 0.494979 0.02825 0.0390417
2 0.715578 0.622167 0.07425 0.0508333
2 0.711211 0.477375 0.0207656 0.0286667
2 0.739633 0.445521 0.0605156 0.0700417
2 0.597992 0.530927 0.0168281 0.0224375
2 0.67707 0.57099 0.0358906 0.0458542
2 0.710414 0.506344 0.0365469 0.0343542
2 0.715359 0.555562 0.02 0.0279583
2 0.633828 0.464188 0.0248125 0.0374583
2 0.72618 0.603177 0.0406719 0.0322708
2 0.626266 0.429583 0.0484062 0.0319167
2 0.639617 0.41399 0.0295781 0.0217708
2 0.643633 0.440729 0.0140469 0.0175833
2 0.694766 0.40476 0.0304063 0.0373542
2 0.775102 0.493573 0.0497969 0.0859375
2 0.750516 0.559615 0.0298125 0.0484792
2 0.616047 0.504948 0.01975 0.0375208
2 0.692094 0.554917 0.010375 0.00666667
2 0.822977 0.518656 0.0244219 0.0528125
2 0.673055 0.477646 0.0224219 0.0239167
2 0.662859 0.559667 0.0265312 0.0438333
2 0.686008 0.493125 0.0310469 0.0304167
2 0.650477 0.499677 0.0313594 0.0355625
2 0.595422 0.483781 0.0344375 0.0378958
2 0.727078 0.564042 0.0388125 0.070125
2 0.742633 0.487104 0.0156719 0.0139167
2 0.693352 0.430427 0.0297969 0.0279375
