2 0.454625 0.643703 0.067625 0.0740167
2 0.610508 0.524467 0.0302969 0.0453347
2 0.710234 0.379132 0.0490938 0.0364644
2 0.698992 0.429958 0.0469844 0.0441841
2 0.766742 0.436046 0.0570781 0.0376151
2 0.985023 0.388253 0.0299531 0.0432845
2 0.918102 0.382856 0.0530156 0.033954
2 0.810039 0.421454 0.0379219 0.0338285
2 0.914133 0.291904 0.0468906 0.0369874
2 0.581656 0.44659 0.0682187 0.0412552
2 0.92143 0.548274 0.0395469 0.0499372
2 0.412258 0.598326 0.0885156 0.0727197
2 0.87757 0.433431 0.0623594 0.0586192
2 0.811969 0.340816 0.0339062 0.033682
2 0.763648 0.591349 0.0596094 0.0696025
2 0.532055 0.535314 0.0319531 0.0593305
2 0.987039 0.426831 0.0259219 0.0411506
2 0.938695 0.40137 0.0448281 0.0343724
2 0.739109 0.346872 0.0522188 0.0327824
2 0.701586 0.541569 0.0291094 0.0401674
2 0.480305 0.583808 0.0492656 0.0323849
2 0.435898 0.496904 0.0289531 0.0267364
2 0.727398 0.501077 0.0349844 0.0433682
2 0.920219 0.483044 0.0428125 0.0748326
2 0.851047 0.382939 0.0360938 0.0237448
