0 0.840016 0.265768 0.0301875 0.018742
0 0.304281 0.384989 0.0165937 0.0509168
0 0.679016 0.421919 0.016625 0.0536034
0 0.746984 0.387409 0.0212188 0.0558422
0 0.0123672 0.943539 0.0247344 0.0249467
0 0.837719 0.649499 0.0773438 0.0318337
0 0.694281 0.792271 0.0197813 0.0265032
0 0.319766 0.525235 0.0379063 0.0198507
0 0.703078 0.938859 0.0316875 0.0345629
0 0.937961 0.280139 0.0151406 0.0385714
0 0.666133 0.37419 0.0366094 0.051919
0 0.562195 0.655458 0.0219531 0.056887
0 0.309898 0.545139 0.0409219 0.0585501
0 0.0196953 0.948507 0.0230469 0.0301919
0 0.660406 0.275597 0.0382188 0.0394243
0 0.8905 0.950075 0.0361563 0.0281237
0 0.34118 0.388838 0.0292656 0.0646269
0 0.734047 0.944168 0.0335 0.0236461
0 0.627453 0.283625 0.0265625 0.0219616
0 0.315609 0.353518 0.0267188 0.0339446
0 0.33843 0.517825 0.0275469 0.0352665
0 0.960695 0.341887 0.0217656 0.0255224
0 0.897367 0.459243 0.0206094 0.0244563
0 0.980297 0.552345 0.0394062 0.0257143
0 0.423445 0.282676 0.0345781 0.0219403
0 0.693148 0.76452 0.0191719 0.0309595
0 0.240063 0.256397 0.0149375 0.01629
0 0.330195 0.271493 0.0186406 0.0339446
0 0.333922 0.344051 0.017375 0.011855
0 0.747539 0.216546 0.0390781 0.061791
0 0.271992 0.125128 0.0198906 0.0179318
0 0.358438 0.489936 0.0360938 0.0241791
0 0.722875 0.862878 0.0270312 0.0258849
0 0.741531 0.753593 0.0410313 0.044371
0 0.79025 0.449563 0.0508125 0.0421109
0 0.437289 0.194915 0.0179844 0.0623241
0 0.821391 0.701471 0.0481562 0.0332196
0 0.979539 0.59678 0.0319844 0.0272921
0 0.292187 0.193443 0.0499062 0.0374627
0 0.966391 0.666866 0.0200313 0.0272921
0 0.714125 0.59838 0.034625 0.0654158
0 0.979187 0.414371 0.0247812 0.0228145
0 0.0217969 0.759765 0.0231562 0.0719829
0 0.289594 0.371173 0.0297187 0.0492111
0 0.326211 0.481759 0.0289219 0.0424094
0 0.253523 0.105544 0.0182344 0.0513433
0 0.862352 0.314755 0.0279531 0.0242644
0 0.12893 0.155768 0.0160469 0.0176759
0 0.538141 0.840021 0.0146563 0.0371855
0 0.728664 0.800309 0.0293281 0.0501279
0 0.588297 0.751023 0.0325 0.041919
0 0.733789 0.391034 0.0164219 0.0485501
0 0.913563 0.52533 0.0159063 0.0330917
0 0.689477 0.528753 0.0432656 0.0405757
0 0.663055 0.529712 0.0306094 0.061855
0 0.878141 0.460565 0.0319375 0.0178038
0 0.870977 0.292271 0.0308281 0.0322601
0 0.516359 0.683284 0.0227187 0.0414072
0 0.735195 0.591546 0.0317656 0.0569083
0 0.97007 0.37967 0.0275469 0.0256503
0 0.807961 0.365938 0.0770781 0.0537953
0 0.706117 0.813507 0.0181406 0.0337527
0 0.285438 0.268358 0.0200313 0.014968
0 0.335242 0.152143 0.0173594 0.0453518
0 0.893328 0.503977 0.0284063 0.0280384
0 0.919258 0.742058 0.0206094 0.0334115
0 0.92443 0.407868 0.0349219 0.0389765
0 0.684617 0.56065 0.0202344 0.0255224
0 0.956813 0.426834 0.0227812 0.0349467
0 0.344211 0.286812 0.0226719 0.0381876
0 0.368977 0.150448 0.0197656 0.072452
0 0.309703 0.162697 0.032375 0.0211727
0 0.971492 0.645917 0.0479219 0.0241151
0 0.333992 0.182921 0.0161094 0.0157783
0 0.72775 0.839094 0.05225 0.0273134
0 0.304625 0.416045 0.0150625 0.0413006
0 0.297094 0.337708 0.028125 0.0301706
0 0.703641 0.902463 0.0215312 0.0484648
0 0.897352 0.268891 0.0345469 0.041322
0 0.150711 0.154115 0.0107656 0.0203838
0 0.375086 0.402154 0.0239844 0.0335608
0 0.637086 0.958646 0.0472969 0.0309808
0 0.534875 0.781109 0.0240625 0.0604264
0 0.656281 0.928156 0.0593125 0.0433049
0 0.213289 0.104829 0.0435781 0.0594243
0 0.230672 0.340341 0.0255625 0.0264819
0 0.949859 0.699648 0.0128438 0.0285928
0 0.300508 0.112473 0.0418281 0.0602985
0 0.644195 0.50387 0.0293281 0.0295736
0 0.712234 0.254542 0.0200313 0.0270362
0 0.322422 0.198134 0.0285 0.0112793
0 0.58107 0.896034 0.0176094 0.0582516
0 0.9 0.437559 0.0230937 0.0214286
0 0.841305 0.426919 0.0369531 0.0213859
0 0.814781 0.487356 0.0766875 0.0335181
0 0.60843 0.379755 0.0297656 0.0600213
0 0.293461 0.380256 0.0194844 0.0475053
0 0.303695 0.307313 0.0331719 0.0210661
0 0.259539 0.485554 0.0212656 0.0481663
0 0.135141 0.10291 0.02725 0.0359275
0 0.357734 0.14952 0.0152812 0.05
0 0.351008 0.26129 0.0146719 0.0274414
0 0.978055 0.671002 0.0295469 0.0288273
0 0.386633 0.325213 0.0262031 0.0487207
0 0.211055 0.266663 0.0247031 0.0250107
0 0.791852 0.589947 0.0149219 0.0371215
0 0.403492 0.16694 0.0262656 0.0307676
0 0.793719 0.735384 0.0404687 0.0188699
0 0.505211 0.58565 0.0221094 0.021194
0 0.283336 0.362687 0.0200156 0.0246055
0 0.90307 0.632132 0.0224531 0.0277186
0 0.959313 0.739755 0.0280938 0.0433902
0 0.864031 0.558987 0.0105625 0.0363539
0 0.219211 0.244638 0.0241406 0.019339
0 0.949344 0.388635 0.0195 0.0325373
0 0.452305 0.215576 0.0299844 0.0539659
0 0.307719 0.507868 0.03175 0.0263113
0 0.894297 0.377196 0.019625 0.0377186
0 0.229188 0.385896 0.0316563 0.0217697
0 0.575078 0.68193 0.01475 0.0241151
0 0.682414 0.339158 0.0342969 0.0244989
0 0.573461 0.926802 0.0399531 0.0486141
0 0.901039 0.522974 0.0276719 0.0349893
0 0.263195 0.285629 0.0252656 0.0223881
0 0.237008 0.155629 0.0270469 0.0212793
0 0.702906 0.650299 0.0366563 0.0315991
0 0.632469 0.324446 0.0292187 0.036226
0 0.619 0.910576 0.0396562 0.0684435
0 0.292016 0.28355 0.023375 0.0382729
0 0.349258 0.452708 0.0301719 0.0216205
0 0.899609 0.388284 0.01325 0.0277399
0 0.92218 0.697942 0.0288594 0.0211727
0 0.746492 0.924254 0.0342031 0.0278252
0 0.688828 0.257804 0.03325 0.0362047
0 0.429094 0.261226 0.0216875 0.0219829
0 0.944187 0.578945 0.022375 0.0308529
0 0.714281 0.500864 0.0504062 0.0357569
0 0.678961 0.742569 0.0184844 0.0229211
0 0.345828 0.243401 0.0204688 0.0489339
0 0.220586 0.161375 0.0209531 0.0189126
0 0.208727 0.19419 0.0303594 0.0478678
0 0.684672 0.681055 0.044625 0.0320896
0 0.814367 0.313028 0.0750156 0.0701493
0 0.913602 0.539531 0.0247969 0.045629
0 0.752211 0.784392 0.0252031 0.0278891
0 0.446008 0.267537 0.0332344 0.0334542
0 0.862523 0.447836 0.0404219 0.0343497
0 0.646258 0.348316 0.0436719 0.0417484
0 0.621164 0.764819 0.0344844 0.0360341
0 0.909 0.394009 0.015625 0.0255011
0 0.716828 0.709648 0.0351562 0.0317058
0 0.560383 0.953539 0.0230781 0.0191471
0 0.854328 0.590011 0.0425312 0.0278678
0 0.650922 0.313081 0.0281563 0.03742
0 0.820914 0.512942 0.0700469 0.0340299
0 0.897742 0.329019 0.0233281 0.0431557
0 0.271695 0.400949 0.0236406 0.0409595
0 0.729336 0.653795 0.0442344 0.0580384
0 0.829547 0.569254 0.0690313 0.0446482
0 0.934648 0.470053 0.0197344 0.0215991
0 0.383242 0.177409 0.0203906 0.0220682
0 0.443172 0.151844 0.0203125 0.0219403
0 0.280727 0.309094 0.0198594 0.0198507
0 0.37525 0.386557 0.021125 0.01371
0 0.688156 0.866301 0.0325625 0.0531557
0 0.953102 0.306812 0.0216719 0.0372068
0 0.141344 0.0580384 0.0155312 0.0401706
0 0.882109 0.59048 0.0508125 0.0259062
0 0.35193 0.403529 0.0139844 0.0306823
0 0.701 0.874659 0.023375 0.0449254
0 0.721078 0.886173 0.01875 0.0453518
0 0.292945 0.43533 0.0337969 0.0315565
0 0.593297 0.900661 0.0249688 0.0848614
0 0.985477 0.318657 0.0224844 0.0249041
0 0.37982 0.269989 0.0214219 0.0389552
0 0.554328 0.689499 0.0104375 0.0276119
0 0.329711 0.488998 0.0385469 0.0578678
0 0.83725 0.542036 0.0728437 0.0535394
0 0.0117188 0.990608 0.0223438 0.0180171
0 0.987086 0.71033 0.0258281 0.056823
0 0.984211 0.512122 0.0315781 0.0257783
0 0.959383 0.536386 0.0363281 0.0203198
0 0.72793 0.459883 0.0230781 0.0492324
0 0.267531 0.301738 0.0201563 0.0269296
0 0.383437 0.195938 0.0309063 0.0336247
0 0.930477 0.699531 0.0357344 0.0394456
0 0.606914 0.422473 0.0171406 0.0329638
0 0.652273 0.401365 0.0346094 0.0227719
0 0.0302734 0.963028 0.0309531 0.0364179
0 0.822055 0.328081 0.0711406 0.0750959
0 0.522617 0.65403 0.0139219 0.0424307
0 0.629391 0.924318 0.0434375 0.0528145
0 0.224328 0.286439 0.0251875 0.0222601
0 0.211906 0.151119 0.0134062 0.022452
0 0.594328 0.799765 0.023125 0.0539019
0 0.667742 0.629318 0.0325469 0.0840085
0 0.788469 0.297068 0.0519375 0.0557569
0 0.922203 0.321876 0.0286563 0.0393603
0 0.233367 0.186215 0.0162656 0.0331557
0 0.970898 0.434595 0.0284531 0.0198507
0 0.976227 0.347175 0.0159531 0.0435181
0 0.718461 0.291919 0.0257344 0.049339
0 0.748422 0.527484 0.071125 0.0432409
0 0.725586 0.429062 0.0196094 0.0432409
0 0.721242 0.5192 0.0407344 0.0534968
0 0.79032 0.417068 0.0651406 0.0370789
0 0.248609 0.324232 0.0233437 0.0436461
0 0.674039 0.838977 0.0231406 0.0260128
0 0.644766 0.219158 0.0131875 0.0526866
0 0.29657 0.159638 0.0230469 0.0314286
0 0.357336 0.385576 0.0243281 0.0397655
0 0.691492 0.466002 0.0188281 0.0254371
0 0.193969 0.293838 0.0382813 0.0265245
0 0.960555 0.363188 0.0186406 0.0289765
0 0.361977 0.467175 0.0256094 0.0265458
0 0.243562 0.178689 0.0124063 0.0198081
0 0.963539 0.472249 0.0262344 0.0281663
0 0.871438 0.369659 0.0328437 0.0354797
0 0.290039 0.460352 0.0283594 0.0187846
0 0.551016 0.788945 0.0380937 0.0706397
0 0.649992 0.576333 0.0123281 0.0208955
0 0.670414 0.473657 0.0192344 0.030597
0 0.734547 0.30952 0.01425 0.0188699
0 0.731844 0.335864 0.0296563 0.046226
0 0.537797 0.89129 0.0158438 0.0260768
0 0.403594 0.313763 0.0227187 0.0509808
0 0.597727 0.344595 0.0408906 0.0281663
0 0.990914 0.875565 0.0165781 0.0410235
0 0.315141 0.396503 0.0095625 0.0431983
0 0.325219 0.366194 0.0180937 0.0410448
0 0.762016 0.45064 0.019625 0.0250746
0 0.684633 0.905224 0.0206406 0.0245203
0 0.208156 0.357409 0.0215938 0.0401919
0 0.923094 0.463156 0.0291563 0.0221748
0 0.658656 0.516972 0.0268437 0.045629
0 0.260164 0.162516 0.0208594 0.02
0 0.494539 0.622015 0.0225781 0.033113
0 0.917172 0.35339 0.0275938 0.0401279
0 0.633633 0.450171 0.0106094 0.0301919
0 0.924797 0.663955 0.0189375 0.0473561
0 0.551219 0.892537 0.025625 0.0262687
0 0.827797 0.605181 0.0684375 0.0398294
0 0.521211 0.928316 0.0344844 0.0532196
0 0.830516 0.28193 0.0364688 0.0243284
0 0.564336 0.721503 0.0317031 0.0574627
0 0.135781 0.198934 0.0102188 0.0233262
0 0.886789 0.832676 0.0224531 0.0185288
0 0.61968 0.439414 0.0160781 0.0161407
0 0.727078 0.683561 0.0448125 0.0436674
0 0.864312 0.61033 0.0165313 0.0239446
0 0.925734 0.582175 0.026 0.0332196
0 0.635758 0.413817 0.0310781 0.0248614
0 0.582344 0.396812 0.0269688 0.0188699
0 0.634547 0.614147 0.0379063 0.0215139
0 0.900492 0.547953 0.0127969 0.0349254
0 0.962242 0.293198 0.0165156 0.0228145
0 0.422117 0.203124 0.0127969 0.0166098
0 0.984297 0.73871 0.0305 0.0535394
0 0.124727 0.092548 0.0113906 0.00867804
0 0.597414 0.447985 0.0377656 0.0264606
0 0.855328 0.502452 0.0154375 0.0267377
0 0.848859 0.362495 0.0200313 0.0170576
0 0.230781 0.360608 0.0323125 0.0263753
0 0.122828 0.169744 0.018625 0.0169296
0 0.359945 0.872175 0.00973437 0.021194
0 0.199461 0.157804 0.0489844 0.0781663
