0 0.337433 0.845914 0.0300446 0.0175156
0 0.366183 0.813625 0.0406696 0.017
0 0.0432366 0.44907 0.0250893 0.0152344
0 0.0875781 0.449211 0.0151562 0.0133594
0 0.294866 0.80982 0.0270982 0.0235156
0 0.31894 0.827586 0.0377902 0.0180781
0 0.0650893 0.43593 0.0166964 0.0195469
0 0.314598 0.835453 0.0412054 0.0169687
0 0.304565 0.80225 0.0223437 0.0277187
0 0.0736161 0.451102 0.0155804 0.0118906
0 0.407478 0.841133 0.0234375 0.0249844
0 0.328203 0.823406 0.0307812 0.0151875
0 0.0301339 0.41518 0.0116071 0.0198906
0 0.0507254 0.438484 0.0203348 0.0167813
0 0.217801 0.815078 0.0148438 0.0199375
0 0.26048 0.824773 0.022567 0.0285156
0 0.0970759 0.440922 0.0208929 0.010375
0 0.274185 0.822703 0.028192 0.0301875
0 0.05125 0.432 0.0134821 0.00840625
0 0.335346 0.803227 0.0156027 0.0208594
0 0.331161 0.861602 0.0300893 0.0178906
0 0.0833259 0.43082 0.0166964 0.0233594
0 0.347958 0.840203 0.0231027 0.029
0 0.349754 0.805711 0.0331696 0.0277969
0 0.305658 0.847117 0.0397098 0.0152656
0 0.0975781 0.449531 0.0169866 0.011875
0 0.321507 0.802438 0.0172545 0.0285313
0 0.0628795 0.409453 0.0191071 0.0156875
0 0.078471 0.434437 0.0153795 0.0209375
0 0.0382031 0.411359 0.0206473 0.025875
0 0.396775 0.871859 0.0118973 0.0163438
