2 0.65768 0.452448 0.0450469 0.0765625
2 0.250586 0.445115 0.0483281 0.0453542
2 0.276586 0.448313 0.0357656 0.0423333
2 0.451094 0.65176 0.0414375 0.0916042
2 0.342094 0.391687 0.0495625 0.0612083
2 0.186344 0.441156 0.0629062 0.0543542
2 0.495273 0.507188 0.0559844 0.0555
2 0.498445 0.354104 0.0315156 0.02825
2 0.591891 0.298708 0.0644062 0.0509167
2 0.531156 0.323563 0.0325937 0.0410833
2 0.482898 0.58274 0.0542969 0.0706875
2 0.733523 0.481594 0.0384219 0.0650208
2 0.39825 0.690667 0.03 0.0348333
2 0.531758 0.481146 0.0685469 0.0864583
2 0.657789 0.251927 0.0373906 0.0526042
2 0.73475 0.546594 0.032625 0.0688958
2 0.37918 0.273187 0.0508281 0.0382917
2 0.573398 0.266375 0.0523594 0.044875
2 0.703758 0.449802 0.0708906 0.0701042
2 0.360109 0.421198 0.0527188 0.0771042
2 0.79425 0.601104 0.07025 0.0787917
2 0.41082 0.743656 0.0540469 0.0553542
2 0.551484 0.298615 0.0280938 0.0479375
2 0.429797 0.430302 0.01825 0.0406875
2 0.388992 0.442854 0.0637969 0.0605417
2 0.460711 0.310688 0.0439844 0.0396667
2 0.321125 0.463417 0.0462813 0.054
2 0.780531 0.523781 0.0746563 0.132562
2 0.444812 0.572542 0.0284687 0.048625
2 0.631047 0.280333 0.053875 0.0350417
2 0.61632 0.378344 0.0439219 0.0873958
2 0.633094 0.413083 0.031375 0.0464583
2 0.614883 0.438865 0.0601094 0.0439375
2 0.699633 0.496896 0.0471406 0.079
2 0.30057 0.493698 0.0453594 0.0691875
2 0.592914 0.482365 0.0423594 0.0501458
2 0.611164 0.251417 0.0305469 0.0550833
2 0.317031 0.211969 0.050375 0.0380208
2 0.35975 0.244771 0.0545312 0.033875
2 0.468023 0.543115 0.0397656 0.0629375
2 0.630297 0.242615 0.03925 0.0456875
2 0.42275 0.293094 0.0300625 0.0403958
2 0.529672 0.297615 0.0255625 0.0276875
2 0.359359 0.263698 0.0334375 0.0290625
2 0.481625 0.33974 0.0632188 0.0289375
2 0.423234 0.713979 0.0564063 0.0452083
2 0.349516 0.464 0.0479375 0.0809167
2 0.497695 0.301906 0.0507656 0.0464375
2 0.325969 0.224385 0.0369688 0.0201042
2 0.477164 0.465312 0.0557969 0.0732083
2 0.679578 0.227135 0.0388437 0.0443542
2 0.52375 0.411365 0.0342187 0.0470208
2 0.42275 0.677521 0.0362188 0.057125
2 0.216797 0.463385 0.0334688 0.0351042
