2 0.681104 0.632563 0.150667 0.109094
2 0.325979 0.762063 0.243583 0.135344
2 0.211333 0.645523 0.107875 0.0575781
2 0.584698 0.782906 0.0586875 0.0531563
2 0.755094 0.274305 0.154604 0.0542031
2 0.600875 0.76607 0.150125 0.0732656
2 0.464781 0.754055 0.0833958 0.0464531
2 0.181135 0.522992 0.0908958 0.0610156
2 0.594042 0.659086 0.047125 0.0222969
2 0.281198 0.537078 0.0719792 0.0401562
2 0.217 0.536188 0.075625 0.041125
2 0.247781 0.576156 0.0568958 0.0600313
2 0.343854 0.552336 0.0600833 0.0652344
