0 0.414011 0.20586 0.0765241 0.09576
0 0.414505 0.28029 0.0245722 0.02258
0 0.933449 0.23341 0.0356684 0.06382
0 0.387794 0.27541 0.0441444 0.03094
0 0.363102 0.07432 0.0545455 0.12848
0 0.290976 0.07353 0.0575668 0.13294
0 0.921725 0.23216 0.038262 0.06416
0 0.386163 0.06885 0.0664439 0.12702
0 0.435241 0.24244 0.0522995 0.06904
0 0.424037 0.20834 0.0809091 0.09596
0 0.396644 0.15768 0.0771925 0.12308
0 0.718289 0.23121 0.0262567 0.07974
0 0.75492 0.24407 0.0268984 0.09202
0 0.314933 0.06991 0.0470856 0.13982
0 0.825174 0.28243 0.0140374 0.01586
0 0.808556 0.24137 0.0274866 0.07278
0 0.388944 0.21485 0.0602941 0.04466
0 0.389198 0.1492 0.0714439 0.10992
0 0.73992 0.23036 0.0282888 0.07792
0 0.706858 0.22741 0.0404545 0.08346
0 0.455147 0.23116 0.0519519 0.09372
0 0.80889 0.27618 0.0209893 0.0334
0 0.352754 0.17371 0.0707487 0.09022
0 0.41635 0.15395 0.068369 0.11582
0 0.949479 0.23823 0.035107 0.05866
0 0.362005 0.24676 0.0496257 0.0284
0 0.737126 0.2726 0.0195989 0.03028
0 0.341912 0.2236 0.0330749 0.04164
0 0.576979 0.22869 0.0218182 0.07142
0 0.913021 0.22905 0.0524064 0.06298
0 0.366912 0.21923 0.0404545 0.03198
0 0.841203 0.24256 0.0183422 0.0782
0 0.380267 0.26184 0.0295187 0.0202
0 0.959519 0.24308 0.0368984 0.05828
0 0.824158 0.24208 0.019385 0.07468
0 0.989786 0.24452 0.0188235 0.08008
