0 0.557555 0.303955 0.0592656 0.0746336
0 0.618992 0.175884 0.0937656 0.0686638
0 0.393094 0.17208 0.0661875 0.0833836
0 0.470703 0.293815 0.0542188 0.0752586
0 0.512578 0.293351 0.0465313 0.0811853
0 0.637227 0.295679 0.0988594 0.0635991
0 0.449391 0.230291 0.0611563 0.0700647
0 0.43668 0.134871 0.103891 0.130259
0 0.543063 0.232425 0.06 0.0683405
0 0.495055 0.232177 0.0483281 0.0689655
0 0.686133 0.16611 0.0507344 0.022306
0 0.597063 0.282144 0.090625 0.0784267
0 0.593938 0.226239 0.078375 0.0666164
0 0.440195 0.105291 0.0632656 0.111013
0 0.661742 0.206907 0.0839844 0.0804957
0 0.441766 0.168039 0.0857187 0.0863362
0 0.400344 0.232565 0.0541562 0.0661638
0 0.67957 0.264774 0.0791406 0.0522198
0 0.376969 0.139138 0.0446562 0.0585776
0 0.438609 0.280075 0.0749688 0.0661853
