0 0.259422 0.568854 0.0175313 0.06025
0 0.328273 0.444177 0.0154844 0.0625208
0 0.48518 0.649958 0.0139844 0.0372917
0 0.472461 0.642531 0.0303594 0.0443542
0 0.161859 0.581083 0.0185625 0.0581667
0 0.211047 0.512615 0.0330937 0.0489792
0 0.456703 0.585948 0.0162813 0.0534375
0 0.513844 0.578833 0.0294063 0.054125
0 0.749852 0.46875 0.0147969 0.0278333
0 0.287289 0.4765 0.0198594 0.037625
0 0.381844 0.485458 0.0462187 0.0442083
0 0.260023 0.596302 0.0148594 0.0572708
0 0.430797 0.634594 0.022375 0.0521458
0 0.181266 0.507958 0.0134375 0.0595
0 0.304141 0.456292 0.0169375 0.0410833
0 0.141141 0.569771 0.0337812 0.052625
0 0.453883 0.53025 0.0145156 0.0278333
0 0.2425 0.571594 0.0289063 0.0595208
0 0.468398 0.510104 0.0132656 0.03075
0 0.113234 0.590365 0.0143125 0.0329375
0 0.382945 0.503792 0.0451406 0.0490417
0 0.432984 0.584177 0.01575 0.0467292
0 0.448789 0.481792 0.0424531 0.0469167
0 0.19507 0.604375 0.0131094 0.0435417
0 0.475687 0.467052 0.0189375 0.0637292
0 0.465344 0.453823 0.0206563 0.0471042
0 0.50318 0.51074 0.0223594 0.0238542
0 0.370031 0.474646 0.0365 0.0400833
0 0.521422 0.44024 0.0485312 0.0435625
0 0.229695 0.548125 0.0392656 0.0482917
0 0.517398 0.61449 0.0214844 0.0311458
0 0.197633 0.557615 0.0146406 0.0131458
0 0.430891 0.50451 0.0190312 0.0513125
0 0.130617 0.561188 0.0377969 0.0505833
0 0.472984 0.55699 0.0260312 0.0501458
0 0.382992 0.618833 0.0331719 0.0379583
0 0.343836 0.551458 0.0325781 0.06625
0 0.161758 0.508698 0.0276719 0.0498542
0 0.295937 0.53775 0.0230937 0.022625
0 0.382102 0.563854 0.0250469 0.0569167
0 0.346602 0.451052 0.0248594 0.0541875
0 0.503633 0.445167 0.0213594 0.0335833
0 0.27532 0.573771 0.0155781 0.0684167
0 0.369422 0.560802 0.0218125 0.0524792
0 0.102742 0.58249 0.0194531 0.0495208
0 0.385609 0.644885 0.0269375 0.0527708
0 0.315586 0.451833 0.0156406 0.04675
0 0.245047 0.480542 0.0108438 0.0254167
0 0.355445 0.557896 0.0337031 0.0647917
0 0.492734 0.586448 0.0259688 0.0725625
0 0.292938 0.571562 0.0179375 0.078875
0 0.128898 0.528042 0.0116719 0.0194583
0 0.115547 0.619635 0.0108438 0.0233125
0 0.398523 0.57625 0.0186406 0.0619167
0 0.489727 0.558635 0.0151406 0.0562292
0 0.310242 0.514573 0.0194219 0.0435208
0 0.23043 0.605948 0.0138281 0.0393958
0 0.433289 0.563594 0.0190781 0.0412292
0 0.411336 0.514708 0.0163281 0.055375
0 0.309055 0.586031 0.0207344 0.0563542
0 0.417328 0.573531 0.0163125 0.0628125
0 0.524484 0.424896 0.0551562 0.03975
0 0.220406 0.514708 0.0318125 0.0520833
0 0.351469 0.517229 0.0315 0.0250417
0 0.514617 0.559167 0.0375469 0.05125
0 0.307063 0.567115 0.0284063 0.0483542
0 0.265516 0.500719 0.0370313 0.0371875
0 0.193969 0.50024 0.0173437 0.0655625
0 0.161117 0.62251 0.0236406 0.0330625
0 0.334844 0.596375 0.0146563 0.0322917
0 0.454094 0.558906 0.0275625 0.0510208
0 0.445 0.59499 0.0135 0.0338958
0 0.236625 0.561688 0.0341562 0.060375
0 0.181617 0.542146 0.0131094 0.0150417
0 0.740828 0.465667 0.011125 0.0300417
0 0.335367 0.518479 0.0232344 0.0296667
0 0.425969 0.516021 0.014375 0.0629167
0 0.0934453 0.620729 0.00829687 0.0275
0 0.274438 0.519625 0.024375 0.048625
0 0.520367 0.503271 0.0345469 0.0679167
0 0.173141 0.585729 0.0212188 0.0534583
0 0.393828 0.50876 0.0323125 0.0491042
0 0.234984 0.495063 0.0104688 0.0252083
0 0.36525 0.643406 0.0190937 0.0319375
0 0.180953 0.558875 0.0187812 0.0152917
0 0.35925 0.449958 0.0284375 0.0659167
0 0.191219 0.57525 0.0175 0.020875
0 0.292867 0.510042 0.0102344 0.0322917
0 0.328523 0.551448 0.0239844 0.0584375
0 0.41557 0.644604 0.0169219 0.0507083
0 0.133625 0.612792 0.01525 0.0416667
