0 0.502586 0.1813 0.127172 0.112482
0 0.661586 0.0205621 0.115766 0.0411241
0 0.473125 0.283934 0.0463125 0.0292272
0 0.540625 0.278583 0.100844 0.11904
0 0.617031 0.124005 0.0599688 0.0520375
0 0.454648 0.0467916 0.159484 0.0720375
0 0.647891 0.0789696 0.124969 0.12103
0 0.627516 0.284344 0.0302812 0.022459
0 0.659055 0.113349 0.0940781 0.172319
0 0.602195 0.0287822 0.0408281 0.0575644
0 0.658633 0.373255 0.116922 0.0715222
0 0.698969 0.230281 0.154125 0.0807494
0 0.681734 0.0941218 0.0799688 0.142717
0 0.690219 0.294204 0.108594 0.123536
0 0.51182 0.221604 0.107109 0.123068
0 0.687695 0.125059 0.0698906 0.101218
0 0.4705 0.0940984 0.122406 0.0584543
0 0.720844 0.111475 0.0407187 0.124543
0 0.709344 0.212459 0.13025 0.082904
0 0.68118 0.331347 0.132328 0.0893911
0 0.625195 0.341019 0.0707656 0.0333255
0 0.516008 0.0265457 0.0507031 0.0503747
0 0.651156 0.274251 0.0605 0.05
0 0.611883 0.0740281 0.0953906 0.0530679
0 0.475266 0.158794 0.150594 0.0916393
0 0.579398 0.2626 0.0808906 0.197518
0 0.539383 0.228337 0.0943594 0.152037
0 0.465305 0.126698 0.149984 0.0732084
0 0.648938 0.392471 0.0989375 0.0719204
0 0.579766 0.022096 0.032 0.0380562
0 0.46932 0.0492506 0.115297 0.0971897
0 0.443789 0.25356 0.0364844 0.0281967
0 0.491359 0.189391 0.133813 0.133255
0 0.751242 0.307588 0.0303594 0.0767213
0 0.729055 0.262787 0.0757969 0.0295082
0 0.742742 0.118513 0.0497344 0.132623
0 0.731852 0.284204 0.00970312 0.03
0 0.611359 0.399356 0.0858125 0.07
0 0.500992 0.0310656 0.0589219 0.0621311
0 0.553758 0.052822 0.0509531 0.105644
