0 0.905359 0.542677 0.049625 0.0589792
0 0.916055 0.526333 0.0121094 0.0484583
0 0.954016 0.613896 0.0734687 0.0528333
0 0.859898 0.543385 0.0155781 0.0569375
0 0.926656 0.545594 0.042625 0.0791875
0 0.865906 0.586896 0.03675 0.0619167
0 0.971156 0.566385 0.0333437 0.0801875
0 0.959547 0.501406 0.0286563 0.0505208
0 0.866312 0.487052 0.027875 0.0682292
0 0.950055 0.500833 0.0366094 0.0641667
0 0.976789 0.507115 0.0170469 0.0569375
0 0.906195 0.528687 0.0202031 0.047625
0 0.882648 0.602302 0.0519531 0.0516042
0 0.958172 0.568771 0.029625 0.07025
0 0.949703 0.553302 0.0123125 0.0494792
0 0.966836 0.619188 0.0492656 0.059375
0 0.881617 0.507563 0.0280781 0.0689583
0 0.991586 0.640906 0.0168281 0.0302708
0 0.847977 0.495698 0.00826563 0.0194792
0 0.853609 0.53749 0.0152812 0.0548125
0 0.918234 0.49276 0.0296563 0.0427292
0 0.702672 0.551177 0.0266875 0.0410625
0 0.989687 0.488 0.020625 0.0221667
0 0.691523 0.564104 0.0205781 0.02
0 0.926352 0.488062 0.0342656 0.0495417
0 0.992555 0.529052 0.0142031 0.0808125
0 0.986773 0.460573 0.0264531 0.0521458
0 0.944867 0.613406 0.0761094 0.0496458
0 0.858164 0.573531 0.0232656 0.0438542
0 0.8475 0.576052 0.005 0.0179375
0 0.904023 0.509437 0.0150156 0.0692917
0 0.851047 0.582177 0.0111562 0.0228125
0 0.688469 0.539604 0.0318437 0.0357917
0 0.893727 0.513365 0.0225781 0.0701042
