0 0.663734 0.908988 0.0269062 0.0278357
0 0.65507 0.965932 0.102359 0.0681363
0 0.64975 0.915611 0.0389688 0.0771944
0 0.898062 0.848297 0.06725 0.0851703
0 0.979437 0.928868 0.0368437 0.0413026
0 0.975414 0.95516 0.0442031 0.0621042
0 0.899969 0.827766 0.0813438 0.100902
0 0.580141 0.941082 0.073125 0.117836
0 0.676242 0.970872 0.0700156 0.0582565
0 0.885477 0.942214 0.0720156 0.0542084
0 0.788 0.859098 0.0727812 0.0990782
0 0.790828 0.842485 0.075875 0.109619
0 0.882523 0.854168 0.0453906 0.0709018
0 0.731039 0.970381 0.0151406 0.0391984
0 0.776391 0.963868 0.0679687 0.0525451
0 0.829344 0.886884 0.04825 0.132325
0 0.903383 0.946122 0.0426719 0.077014
0 0.711805 0.888788 0.0836406 0.062986
0 0.634313 0.936062 0.0249375 0.0643888
0 0.877969 0.858327 0.0449062 0.0712024
0 0.855609 0.882856 0.0623437 0.117295
0 0.694508 0.973096 0.0446406 0.0538076
0 0.61868 0.943126 0.0227344 0.0805611
0 0.757305 0.966523 0.0366094 0.0433066
0 0.769172 0.917786 0.0343437 0.0249098
0 0.876289 0.87501 0.0752969 0.0979559
0 0.866727 0.858407 0.0371406 0.0671543
0 0.711078 0.974509 0.0274687 0.050982
0 0.598703 0.950311 0.039625 0.0983768
0 0.789828 0.962485 0.09 0.0742685
0 0.807125 0.883267 0.0528125 0.142846
0 0.758437 0.986854 0.102438 0.0256914
0 0.743391 0.96985 0.023125 0.0405411
