0 0.351836 0.783192 0.108359 0.288075
0 0.669852 0.737946 0.112703 0.26561
0 0.595328 0.704906 0.0844375 0.383239
0 0.522008 0.872512 0.0652031 0.145446
0 0.220008 0.807793 0.103078 0.259812
0 0.49782 0.699671 0.0659531 0.348967
0 0.23443 0.934401 0.109797 0.131197
0 0.435164 0.909026 0.0441406 0.075892
0 0.292969 0.740798 0.111625 0.338451
0 0.468484 0.658897 0.0780625 0.37
0 0.438852 0.79892 0.100297 0.304272
0 0.183758 0.965646 0.0394844 0.0687089
0 0.30093 0.858486 0.134453 0.218239
0 0.216344 0.87446 0.156187 0.195822
0 0.475703 0.872148 0.0181875 0.0673944
0 0.523625 0.777312 0.081625 0.315141
0 0.397187 0.696854 0.0613437 0.309953
0 0.57868 0.887758 0.0443906 0.0607746
0 0.635328 0.767007 0.0530312 0.172934
