0 0.284594 0.199875 0.0286563 0.0628333
0 0.309922 0.131094 0.0231875 0.0618542
0 0.442438 0.123844 0.0325937 0.0836458
0 0.484305 0.158479 0.0127031 0.05575
0 0.501148 0.156021 0.0128906 0.0546667
0 0.415133 0.177563 0.0153906 0.0587083
0 0.400422 0.0991042 0.0186562 0.0777083
0 0.431328 0.111385 0.0426875 0.0821042
0 0.283906 0.135781 0.0210938 0.0590625
0 0.464703 0.162437 0.02 0.0664167
0 0.509328 0.160125 0.0104063 0.0529167
0 0.863297 0.97949 0.039625 0.0396458
0 0.30007 0.207771 0.0312031 0.0697083
0 0.353078 0.165906 0.015875 0.0605208
0 0.480242 0.139969 0.00657812 0.0158125
0 0.33818 0.126083 0.0344219 0.0664167
0 0.407648 0.105698 0.0221094 0.0923125
0 0.448937 0.119719 0.0394688 0.0834792
0 0.475523 0.161927 0.0158906 0.0576875
0 0.492031 0.157677 0.0118438 0.0555625
0 0.358445 0.163844 0.0127031 0.0553958
0 0.442094 0.174281 0.0173125 0.0423125
0 0.427531 0.172563 0.0125 0.0569167
0 0.424219 0.17525 0.015 0.0684583
0 0.438328 0.18274 0.0102813 0.0316042
0 0.389047 0.0994167 0.0226875 0.0715417
0 0.291125 0.129052 0.0180625 0.0579375
0 0.93518 0.973208 0.0359531 0.05
0 0.328539 0.126281 0.0346094 0.0751458
1 0.925945 0.791604 0.0244219 0.0322917
1 0.90825 0.932156 0.0213125 0.0307292
1 0.943953 0.806781 0.0219688 0.0295625
1 0.982867 0.90551 0.0328906 0.0263958
1 0.857023 0.805823 0.0257969 0.0338542
1 0.957578 0.845125 0.0226875 0.0266667
1 0.874258 0.793229 0.0242969 0.0367083
1 0.886063 0.853771 0.042125 0.0382083
1 0.903586 0.821177 0.0220156 0.0502708
1 0.875961 0.898875 0.0324844 0.039
1 0.902891 0.774729 0.03225 0.03375
1 0.856523 0.829229 0.0286406 0.0389583
1 0.927336 0.907583 0.0157031 0.0294583
1 0.881336 0.826167 0.0246094 0.0282083
1 0.889867 0.794052 0.0224219 0.0193125
1 0.913648 0.88999 0.0329844 0.0394375
1 0.929328 0.824281 0.017875 0.0161458
1 0.883875 0.815208 0.0233125 0.0277917
1 0.975219 0.880635 0.0386562 0.0341042
1 0.903477 0.912615 0.0327031 0.0405208
1 0.883992 0.931312 0.0277969 0.02925
1 0.949172 0.899833 0.0357188 0.0312083
1 0.922078 0.819281 0.02975 0.0294375
1 0.950414 0.9195 0.0235781 0.0190417
1 0.875219 0.772687 0.0193125 0.02975
