0 0.786479 0.808981 0.3455 0.241031
0 0.703073 0.78693 0.383896 0.153573
1 0.383302 0.716799 0.0833125 0.118729
1 0.539198 0.871535 0.0622292 0.0688729
1 0.201 0.867818 0.0739583 0.0726139
1 0.170552 0.833153 0.0463542 0.0484652
1 0.600917 0.729964 0.0851667 0.0954676
1 0.127104 0.867614 0.0727917 0.0970024
1 0.183385 0.779604 0.0701875 0.0859233
1 0.282177 0.848777 0.0599375 0.0738129
1 0.321823 0.498201 0.0630208 0.075012
1 0.107646 0.846391 0.0517083 0.0628537
1 0.233177 0.808777 0.0875208 0.0854676
1 0.567865 0.525312 0.0603958 0.0834772
