2 0.535418 0.341531 0.144561 0.0298438
2 0.249195 0.742289 0.100941 0.0838594
2 0.203598 0.547016 0.126653 0.0541875
2 0.672312 0.768617 0.140481 0.0426719
2 0.78546 0.360289 0.0348117 0.0347656
2 0.484236 0.38925 0.0356276 0.0198125
2 0.771245 0.538648 0.121402 0.111859
2 0.941192 0.537055 0.0817155 0.0769219
2 0.58068 0.458 0.122197 0.0287187
2 0.549592 0.356852 0.0896025 0.0258906
2 0.336046 0.62093 0.0416318 0.0558906
2 0.266799 0.402516 0.0602092 0.045625
2 0.379874 0.612609 0.0543515 0.05425
2 0.870795 0.415719 0.125649 0.0430625
2 0.154801 0.520773 0.105377 0.0717969
