2 0.307305 0.663917 0.0106719 0.0148333
2 0.339219 0.636542 0.009625 0.0120417
2 0.392297 0.661146 0.0138437 0.0217917
2 0.361336 0.691917 0.0128906 0.015125
2 0.385156 0.703 0.0157813 0.0162917
2 0.344523 0.672031 0.0121406 0.0125625
2 0.350461 0.662833 0.0137031 0.0140417
2 0.323047 0.670052 0.0113437 0.0376875
2 0.371336 0.702312 0.0128906 0.0117917
2 0.358539 0.680792 0.0168594 0.0155417
2 0.406617 0.67474 0.0130781 0.0146042
2 0.294742 0.693323 0.0138906 0.0132292
2 0.340852 0.706667 0.0192344 0.0189583
2 0.337008 0.653656 0.0152031 0.0156458
2 0.319359 0.638208 0.00925 0.00875
2 0.407961 0.660125 0.0144219 0.0171667
2 0.31382 0.662708 0.0121094 0.0328333
2 0.301352 0.678469 0.0134531 0.0192292
2 0.36875 0.657521 0.0125 0.0227917
2 0.386609 0.680583 0.0166875 0.01775
2 0.318828 0.644417 0.00846875 0.00666667
2 0.333211 0.634104 0.0110781 0.00875
