0 0.877469 0.774883 0.0512813 0.0289202
0 0.635016 0.741103 0.0429375 0.0792488
0 0.422297 0.591631 0.0592188 0.0421831
0 0.761047 0.505692 0.0342812 0.113779
0 0.843078 0.775164 0.0280938 0.013662
0 0.379367 0.664554 0.0333281 0.049061
0 0.640609 0.483016 0.0289687 0.0620892
0 0.951586 0.5152 0.0415469 0.0538732
0 0.485938 0.569096 0.0507812 0.0489906
0 0.984367 0.780446 0.0289844 0.114883
0 0.920578 0.485188 0.0245625 0.0225822
0 0.812906 0.724765 0.0203125 0.0703756
0 0.957117 0.608005 0.0656094 0.03277
0 0.533391 0.611385 0.0278125 0.0386385
0 0.916531 0.576984 0.0262188 0.0201174
0 0.983172 0.652019 0.01775 0.0192488
0 0.336313 0.713169 0.0819375 0.0535211
0 0.855578 0.676185 0.0379063 0.0651878
0 0.447531 0.687312 0.0356563 0.115423
0 0.84757 0.6577 0.0510781 0.0403286
0 0.508867 0.607559 0.00710937 0.0270892
0 0.907703 0.638592 0.040625 0.0215962
0 0.960828 0.792394 0.0270937 0.157465
0 0.561625 0.757641 0.0479687 0.0334038
0 0.475328 0.679765 0.0533438 0.089108
0 0.517547 0.7452 0.0409375 0.0715728
0 0.578352 0.692946 0.0572969 0.0449061
0 0.883648 0.716937 0.0426094 0.0500704
0 0.60443 0.596655 0.0678281 0.0709155
0 0.413586 0.583944 0.0556094 0.0266667
0 0.555164 0.566925 0.0284844 0.0823474
0 0.568992 0.57135 0.0268281 0.0788498
0 0.751984 0.595082 0.0385 0.0949531
0 0.886805 0.718521 0.0418594 0.0451643
0 0.877266 0.49993 0.0294687 0.0284507
0 0.895586 0.607207 0.0376094 0.0390141
0 0.706211 0.510023 0.0772656 0.062723
0 0.528039 0.541913 0.0350156 0.0465962
0 0.545453 0.618568 0.0330937 0.0902817
0 0.933266 0.80838 0.0350937 0.113474
0 0.384641 0.772688 0.035125 0.0520423
0 0.876609 0.743568 0.0669687 0.0323005
0 0.977797 0.794225 0.0444063 0.153709
0 0.511055 0.653674 0.0162031 0.0166901
0 0.60182 0.450739 0.0317969 0.0569249
0 0.580953 0.562418 0.008625 0.0352113
0 0.405992 0.573415 0.0482656 0.0323239
0 0.583672 0.616397 0.0656562 0.0274413
0 0.578547 0.768697 0.027875 0.039507
0 0.952047 0.575986 0.0469062 0.0502817
0 0.913359 0.783791 0.071625 0.133638
0 0.931961 0.692876 0.0367031 0.0735446
0 0.893773 0.751103 0.0577344 0.0584977
0 0.622219 0.741045 0.0375313 0.0849061
0 0.993422 0.725739 0.0124063 0.0425587
0 0.55543 0.739331 0.0374844 0.0291315
0 0.499852 0.669953 0.0651719 0.0323944
0 0.844406 0.783627 0.041625 0.0218075
0 0.97632 0.573298 0.0314844 0.0703052
0 0.850164 0.720786 0.0366719 0.0407746
0 0.983719 0.691808 0.0325625 0.028216
0 0.72093 0.550458 0.0674531 0.0852817
0 0.603047 0.735775 0.0332188 0.0753991
0 0.646367 0.465998 0.0269531 0.0384742
0 0.482547 0.613251 0.0308125 0.0424178
0 0.366422 0.634906 0.0211562 0.0700469
0 0.593469 0.494413 0.0385625 0.0471831
0 0.594578 0.449918 0.0267812 0.0628404
0 0.419852 0.631913 0.0595469 0.0256573
0 0.706641 0.535469 0.078625 0.0552113
0 0.448039 0.730282 0.0593594 0.0746479
0 0.973648 0.582418 0.0513594 0.0292958
0 0.696594 0.577148 0.0382188 0.0284742
0 0.8785 0.490106 0.0325937 0.0473944
0 0.959477 0.673333 0.0607344 0.0325822
0 0.794375 0.690869 0.0468438 0.0304225
0 0.515125 0.613944 0.007 0.0133333
0 0.861437 0.68777 0.0290312 0.0515962
0 0.416625 0.6723 0.0231875 0.0233333
0 0.727828 0.593099 0.041625 0.0602817
0 0.404789 0.716831 0.0255156 0.0671362
0 0.376891 0.563298 0.024 0.0698826
0 0.92657 0.583028 0.0207969 0.0223474
0 0.923664 0.718779 0.0273281 0.0766667
0 0.611516 0.784894 0.0565937 0.0383333
0 0.474398 0.568427 0.0448594 0.019061
0 0.966734 0.630751 0.0665313 0.0456338
0 0.476391 0.736901 0.0324688 0.0231925
0 0.623266 0.452406 0.01825 0.0651408
0 0.739313 0.595493 0.0356875 0.0677934
0 0.612352 0.774812 0.0263906 0.00704225
0 0.496578 0.76392 0.0342812 0.0515493
0 0.716719 0.585481 0.06175 0.044108
0 0.404992 0.775786 0.0260469 0.0491784
0 0.611313 0.580915 0.0337812 0.0230986
0 0.649031 0.448779 0.0224375 0.0142254
0 0.86782 0.60304 0.0170469 0.0207746
0 0.899734 0.665129 0.0280313 0.0642958
0 0.773414 0.501502 0.0308281 0.111737
0 0.522984 0.701092 0.022875 0.0499296
0 0.573117 0.653803 0.0309844 0.0632864
0 0.411445 0.617289 0.0388906 0.015892
0 0.913812 0.771162 0.0310312 0.0357981
0 0.533844 0.678134 0.0141563 0.0302582
0 0.439156 0.732453 0.0327812 0.0715728
0 0.384547 0.607923 0.0180937 0.0394601
0 0.757367 0.505059 0.00920312 0.0566901
0 0.982055 0.559026 0.0213281 0.0168779
0 0.580305 0.656585 0.0242031 0.0602582
