0 0.60607 0.440626 0.0244531 0.0318163
0 0.597102 0.400146 0.00867187 0.0240084
0 0.609461 0.412672 0.0113594 0.0227975
0 0.569031 0.42333 0.009625 0.0282463
0 0.588125 0.465334 0.00984375 0.0241545
0 0.605742 0.509635 0.00785938 0.0175157
0 0.611164 0.51596 0.0156406 0.0236952
0 0.559789 0.518121 0.00779687 0.0208351
0 0.589133 0.515919 0.00910937 0.0211065
0 0.579719 0.529864 0.0128438 0.0203967
0 0.57325 0.459207 0.00853125 0.03119
0 0.610867 0.46191 0.00739063 0.0217745
0 0.595273 0.5088 0.00829687 0.0282881
0 0.558234 0.470386 0.013875 0.0278706
0 0.566641 0.471472 0.0096875 0.0280793
0 0.599453 0.408299 0.0119688 0.0264092
0 0.559414 0.381388 0.0101094 0.0411065
0 0.571203 0.491837 0.0109375 0.0184969
0 0.589055 0.494802 0.00992188 0.0212109
0 0.577922 0.472056 0.01275 0.0347599
0 0.571289 0.393434 0.0123906 0.0382255
0 0.606648 0.529916 0.0163281 0.011858
0 0.550523 0.469937 0.0129844 0.0270146
0 0.598445 0.421681 0.0138281 0.0135073
0 0.551633 0.430052 0.0138281 0.0124217
0 0.609586 0.482766 0.00804688 0.0265344
