0 0.391859 0.104577 0.020125 0.0273709
0 0.410813 0.106021 0.031875 0.0269249
0 0.421227 0.231315 0.0247031 0.0362441
0 0.418219 0.294847 0.0210313 0.0446244
0 0.452203 0.174953 0.0165313 0.0116432
0 0.40418 0.182617 0.0151719 0.0197418
0 0.449719 0.0951761 0.0160313 0.0369249
0 0.417773 0.316455 0.0242031 0.048216
0 0.443695 0.19811 0.0243906 0.0411033
0 0.458984 0.551714 0.033125 0.0432394
0 0.464953 0.196714 0.0160313 0.0394836
0 0.443766 0.239871 0.0272812 0.054108
0 0.488695 0.239026 0.0180781 0.0343427
0 0.387227 0.127793 0.0192969 0.023615
0 0.409195 0.142019 0.0268281 0.0380282
0 0.398438 0.143955 0.0194687 0.0301174
0 0.445273 0.147336 0.0257656 0.0254225
0 0.399078 0.167254 0.0175313 0.0261033
0 0.426805 0.0893545 0.0242344 0.0189906
0 0.485375 0.281432 0.01825 0.0393427
0 0.425281 0.324531 0.0156875 0.0510329
0 0.433195 0.100434 0.0190156 0.0203991
0 0.440719 0.117582 0.0184687 0.0304225
0 0.408383 0.287054 0.0349531 0.0412911
0 0.400766 0.221197 0.0260312 0.0330047
0 0.460836 0.142958 0.00701563 0.00713615
0 0.412867 0.269261 0.0349531 0.0505869
0 0.433219 0.200599 0.0207188 0.0494131
0 0.42293 0.197101 0.0213281 0.0400235
0 0.457313 0.160176 0.0214062 0.0316667
0 0.435445 0.167312 0.0349531 0.0264085
0 0.420172 0.109894 0.0276563 0.0252817
0 0.460172 0.239354 0.0240313 0.0146244
0 0.38832 0.166984 0.0119531 0.0199765
0 0.41143 0.161444 0.0275781 0.0376291
0 0.473609 0.290962 0.015 0.0433333
0 0.478461 0.201092 0.0157031 0.0289906
