0 0.427609 0.818466 0.0593125 0.0661593
0 0.487391 0.721171 0.0206875 0.023466
0 0.429328 0.790843 0.0170313 0.0594848
0 0.196055 0.89089 0.0355469 0.107635
0 0.485187 0.786897 0.0388437 0.0897658
0 0.598617 0.786452 0.0591406 0.0179625
0 0.304266 0.875515 0.0128125 0.0976815
0 0.535906 0.770422 0.0229062 0.0436066
0 0.494547 0.763021 0.025625 0.0487588
0 0.560547 0.707576 0.0127812 0.0320609
0 0.385063 0.758138 0.03775 0.0196019
0 0.390078 0.777014 0.0410937 0.0373536
0 0.489797 0.771815 0.01325 0.0529977
0 0.628797 0.703068 0.0160625 0.0142389
0 0.393164 0.724965 0.0246406 0.0158782
0 0.419047 0.775995 0.021375 0.0659016
0 0.412719 0.824731 0.0579687 0.0712881
0 0.329688 0.749098 0.0275313 0.0474239
0 0.446656 0.725761 0.00753125 0.0140984
0 0.195609 0.821148 0.018625 0.0367681
0 0.345375 0.787927 0.017625 0.0419906
0 0.299766 0.793876 0.014625 0.0137002
0 0.864258 0.651967 0.00614063 0.023185
0 0.314195 0.871194 0.0163906 0.088993
0 0.598672 0.6563 0.0069375 0.00393443
0 0.158688 0.895948 0.0406562 0.12829
0 0.263023 0.955281 0.0604219 0.0517799
0 0.386906 0.830375 0.0480312 0.0946136
0 0.140727 0.89719 0.0430781 0.129696
0 0.260375 0.874391 0.0643125 0.124801
0 0.338453 0.841276 0.0528125 0.0625527
0 0.437773 0.897365 0.0956094 0.0547307
0 0.841438 0.601674 0.0065 0.01
0 0.578953 0.745105 0.0421562 0.0865105
0 0.881586 0.640012 0.0108906 0.051171
0 0.254641 0.886733 0.0381875 0.118197
0 0.545828 0.691089 0.010125 0.0135597
0 0.929898 0.656077 0.0305156 0.0240515
0 0.947078 0.639438 0.0231562 0.0369555
0 0.356984 0.801733 0.0137813 0.0572834
0 0.269031 0.872108 0.0703125 0.12356
0 0.129359 0.874485 0.0163438 0.072904
0 0.584625 0.799286 0.0531563 0.0201171
0 0.359664 0.731487 0.0295469 0.0244731
0 0.224328 0.794719 0.0123125 0.0214286
0 0.184359 0.891335 0.047875 0.127166
0 0.554906 0.730632 0.035375 0.0340984
0 0.327086 0.777834 0.0378906 0.0428806
0 0.926484 0.60219 0.0191562 0.0294848
0 0.221281 0.897061 0.038625 0.17
0 0.529578 0.7787 0.02075 0.0612412
0 0.895578 0.675059 0.0352813 0.024918
0 0.560414 0.820047 0.0460781 0.0325527
0 0.490547 0.706546 0.0134375 0.0264403
0 0.136328 0.859754 0.0215312 0.0646136
0 0.379406 0.742354 0.0109375 0.0225527
0 0.267 0.809356 0.0295625 0.0274239
0 0.842125 0.626909 0.012125 0.0390164
0 0.316656 0.763326 0.0039375 0.0215457
0 0.421156 0.819438 0.0534375 0.0632319
0 0.904008 0.637307 0.0244531 0.0325527
0 0.599195 0.679098 0.0112969 0.0217096
0 0.798625 0.648044 0.0105313 0.0283607
0 0.321742 0.867845 0.0267656 0.0820609
0 0.399391 0.831534 0.041375 0.0861593
0 0.646734 0.662681 0.0214062 0.014356
0 0.834398 0.659415 0.0260156 0.021733
0 0.477461 0.79534 0.0416094 0.0926932
0 0.618477 0.697822 0.0123594 0.0370492
0 0.0952031 0.886628 0.0411875 0.100281
0 0.513531 0.734859 0.0219688 0.0341218
0 0.113117 0.886639 0.0191719 0.0806792
0 0.485797 0.772178 0.00975 0.0412646
0 0.549734 0.738454 0.021875 0.0281967
0 0.434727 0.724333 0.00604688 0.0399063
0 0.623211 0.662482 0.00814063 0.0137237
0 0.241016 0.89692 0.0345312 0.154356
0 0.600094 0.735656 0.0159063 0.0576815
0 0.840719 0.658197 0.0276875 0.0194848
0 0.807477 0.63767 0.00639062 0.0135597
0 0.522156 0.742869 0.0235313 0.0402576
0 0.411258 0.730867 0.0169219 0.0151288
0 0.461648 0.79411 0.0383281 0.104052
0 0.873547 0.652248 0.0100625 0.0319906
0 0.197 0.904496 0.0590938 0.136487
0 0.806484 0.659028 0.0175937 0.0138407
0 0.616789 0.672365 0.00973437 0.0070726
0 0.32875 0.863478 0.0344375 0.0717799
0 0.945281 0.611405 0.01025 0.0377049
0 0.567125 0.75041 0.0437813 0.0624122
0 0.481094 0.70897 0.0170937 0.0487119
0 0.85732 0.635422 0.0189531 0.0519204
0 0.277852 0.814485 0.0152031 0.0325761
0 0.426617 0.726792 0.0117969 0.0428103
0 0.262766 0.787178 0.0136875 0.0251288
0 0.513094 0.695667 0.0123438 0.0195316
0 0.82043 0.665902 0.0140156 0.0292272
