0 0.680688 0.600062 0.0177813 0.0217083
0 0.582656 0.209021 0.0761875 0.0267917
0 0.619922 0.191531 0.0238125 0.0285625
0 0.584016 0.903229 0.0307812 0.02225
0 0.552203 0.495385 0.05 0.0246042
0 0.670312 0.492677 0.0471562 0.0312292
0 0.572336 0.96775 0.0365469 0.0277083
0 0.731469 0.648802 0.0494687 0.0311875
0 0.596148 0.263365 0.0207656 0.0236458
0 0.910852 0.637563 0.0342344 0.0212917
0 0.690195 0.211719 0.0278906 0.0253958
0 0.674922 0.305271 0.034375 0.037375
0 0.636352 0.542615 0.0392344 0.0563958
0 0.407625 0.641542 0.0325 0.0179583
0 0.336641 0.592083 0.0231562 0.031875
0 0.636687 0.423156 0.0498437 0.0304792
0 0.940359 0.652708 0.047625 0.0322917
0 0.929352 0.267719 0.0450469 0.0185208
0 0.435492 0.72649 0.0277031 0.0476875
0 0.422484 0.331031 0.0051875 0.0138542
0 0.858977 0.353458 0.0547969 0.035125
0 0.688555 0.459281 0.0378906 0.0353958
0 0.490766 0.368062 0.0185 0.0406667
0 0.639508 0.211281 0.0242344 0.0189792
0 0.719398 0.632615 0.0384531 0.0456458
0 0.615187 0.643979 0.0275 0.0566667
0 0.430922 0.799698 0.009125 0.0112292
0 0.401086 0.659438 0.0296719 0.0187083
0 0.578352 0.234229 0.0284531 0.01975
0 0.982664 0.335615 0.0346719 0.0281042
0 0.854805 0.704688 0.0473281 0.0272917
0 0.713938 0.700708 0.0560937 0.0282083
0 0.589742 0.603698 0.0243281 0.0259375
0 0.627344 0.946906 0.036125 0.0251875
0 0.646258 0.299667 0.0265781 0.0393333
0 0.744141 0.531844 0.0493437 0.0453125
0 0.368938 0.460562 0.0213438 0.014875
0 0.761766 0.262177 0.06275 0.0323125
0 0.558062 0.649875 0.0236563 0.0464167
0 0.652586 0.903073 0.0630781 0.0405208
0 0.586234 0.340073 0.0594063 0.0870208
0 0.51443 0.716156 0.0319219 0.0210208
0 0.5845 0.563146 0.0292812 0.0199167
0 0.511437 0.169552 0.022875 0.0230625
0 0.501445 0.439146 0.0365469 0.0515417
0 0.775172 0.314792 0.089625 0.0335833
0 0.37818 0.571208 0.0144219 0.0130833
0 0.788828 0.29474 0.0940312 0.0258958
0 0.777578 0.908333 0.0265312 0.0433333
0 0.387961 0.346573 0.0238281 0.0174792
0 0.597578 0.326156 0.06825 0.0687292
0 0.719508 0.377823 0.0496094 0.0546042
0 0.417859 0.5685 0.019875 0.0278333
0 0.934648 0.569365 0.0353281 0.0229792
0 0.558852 0.633656 0.0212344 0.0303958
0 0.64607 0.571073 0.0492031 0.0237292
0 0.864242 0.682573 0.0492344 0.0389792
0 0.802477 0.835688 0.0322969 0.0420417
0 0.559859 0.57399 0.043375 0.0219792
0 0.901078 0.936146 0.0174687 0.0532083
0 0.39668 0.622281 0.0165469 0.0218125
0 0.385711 0.540542 0.0132344 0.034375
0 0.516625 0.342573 0.04 0.0974375
0 0.333359 0.440281 0.0132812 0.0210208
0 0.465172 0.353063 0.0103125 0.0283333
0 0.814453 0.35976 0.0685 0.0327292
0 0.739594 0.670052 0.05 0.0281875
0 0.647 0.407635 0.038625 0.0480625
0 0.710375 0.741542 0.0448125 0.0595
0 0.506305 0.945521 0.0326406 0.024625
0 0.50557 0.92775 0.0352969 0.0147917
0 0.470672 0.293771 0.0190312 0.015625
0 0.374891 0.397031 0.0303125 0.0294792
0 0.7445 0.344281 0.094875 0.0255625
0 0.724828 0.954677 0.0732812 0.0461458
0 0.927133 0.311052 0.0916406 0.0186875
0 0.536586 0.941448 0.0285469 0.0193958
0 0.397094 0.24974 0.025 0.0405208
0 0.373969 0.418979 0.0277813 0.01975
0 0.85643 0.629687 0.0591406 0.0265417
0 0.487336 0.647583 0.0128906 0.00975
0 0.472523 0.51324 0.0258906 0.0306042
0 0.741375 0.488552 0.0601563 0.0311458
0 0.646398 0.186844 0.0157656 0.0571875
0 0.574781 0.755969 0.0223438 0.0212292
0 0.919758 0.34724 0.0892031 0.0355208
0 0.982539 0.845698 0.0218281 0.0132292
0 0.789039 0.696667 0.0447969 0.0271667
0 0.947648 0.681771 0.0443906 0.0314167
0 0.395961 0.284156 0.0307656 0.0146042
0 0.382961 0.219667 0.00904687 0.00795833
0 0.43368 0.582573 0.0173594 0.0519375
0 0.808539 0.58475 0.0244219 0.075125
0 0.597891 0.475021 0.0298438 0.0298333
0 0.734773 0.740635 0.0332656 0.0269375
