0 0.154977 0.413583 0.309953 0.827167
0 0.112453 0.240156 0.224094 0.479146
0 0.199359 0.498542 0.395437 0.988875
0 0.560789 0.927135 0.0822031 0.145729
0 0.831508 0.0501562 0.103734 0.100312
0 0.920805 0.208104 0.146797 0.413208
0 0.0317266 0.158323 0.0534219 0.139063
0 0.388227 0.945271 0.0920781 0.107667
0 0.111133 0.988094 0.0817031 0.0238125
0 0.621812 0.951125 0.0484375 0.09775
0 0.659352 0.5 0.292516 1
0 0.305953 0.950854 0.104062 0.0982917
0 0.514805 0.888292 0.112203 0.2
0 0.326094 0.499385 0.394094 0.986146
0 0.786687 0.496187 0.312875 0.981125
0 0.555531 0.79474 0.0460625 0.0466458
0 0.467914 0.924448 0.113359 0.151104
