0 0.579965 0.378086 0.0297176 0.0259219
0 0.441612 0.76582 0.0533412 0.0396406
0 0.411118 0.840672 0.0429882 0.05325
0 0.316624 0.768172 0.0323059 0.0317812
0 0.131906 0.444109 0.0318588 0.0637812
0 0.324694 0.818742 0.0446824 0.0671406
0 0.451894 0.842961 0.0318824 0.0607344
0 0.588259 0.428547 0.0152 0.0261562
0 0.320894 0.530094 0.0254588 0.0452813
0 0.560882 0.826359 0.0334824 0.0481562
0 0.0744824 0.361109 0.0342824 0.0708125
0 0.312482 0.564992 0.0491059 0.0245156
0 0.510624 0.574562 0.0244 0.040875
0 0.307694 0.480555 0.0216 0.0634844
0 0.246835 0.794922 0.0389412 0.0544063
0 0.350812 0.471172 0.0492941 0.0488438
0 0.151329 0.576 0.0349882 0.0519687
0 0.549565 0.535898 0.0307529 0.0417344
0 0.329329 0.478461 0.0282588 0.0585156
0 0.574388 0.419789 0.0181882 0.0300469
0 0.404094 0.533148 0.0444235 0.0326406
0 0.224494 0.518594 0.0406588 0.0135937
0 0.600506 0.387078 0.0215294 0.01825
0 0.492035 0.826187 0.0335765 0.0190937
0 0.499941 0.843367 0.0484471 0.0486719
0 0.283847 0.563391 0.0284941 0.0280625
0 0.537612 0.72375 0.0629882 0.04675
0 0.463788 0.801703 0.0340706 0.045125
0 0.379918 0.540352 0.0259529 0.0311094
0 0.129235 0.377023 0.0278824 0.0761094
0 0.426953 0.843164 0.0259059 0.0611406
0 0.379788 0.445516 0.0460235 0.042625
0 0.501271 0.537086 0.0206588 0.0382656
0 0.391624 0.79882 0.0433882 0.0598594
0 0.184353 0.350531 0.0281882 0.06825
0 0.346518 0.384289 0.036 0.0478594
0 0.274965 0.562 0.0283765 0.0301875
0 0.239071 0.397898 0.0271294 0.0718906
0 0.227259 0.554852 0.0533412 0.0444844
0 0.301424 0.808773 0.0702353 0.0606719
0 0.408318 0.355641 0.0266118 0.0521563
0 0.491541 0.490539 0.0408706 0.0426719
0 0.508224 0.714445 0.0316941 0.0576406
0 0.5356 0.493555 0.0233412 0.0531406
0 0.571706 0.823031 0.0466588 0.04225
0 0.535976 0.537156 0.0216941 0.0453125
0 0.529094 0.573367 0.0333412 0.0344219
0 0.381059 0.736914 0.0423059 0.0444219
0 0.301412 0.745508 0.0336471 0.0227344
0 0.332294 0.711914 0.0233176 0.0331094
0 0.360012 0.711648 0.0190824 0.0349219
0 0.425176 0.704305 0.0279059 0.0577344
0 0.132953 0.578656 0.0236471 0.0550625
0 0.112518 0.577273 0.0340235 0.0531719
0 0.370529 0.557539 0.0331059 0.0374844
0 0.487882 0.739172 0.0743059 0.0580937
0 0.197753 0.412 0.0285412 0.0593125
0 0.236953 0.554445 0.0436471 0.0368281
0 0.517541 0.539945 0.0174824 0.0363281
0 0.264694 0.75157 0.0490118 0.0570781
0 0.282306 0.747797 0.0332235 0.0449688
0 0.0978588 0.572813 0.0487529 0.0423125
0 0.619118 0.381516 0.0195059 0.0277187
0 0.577306 0.734383 0.0612471 0.0495156
0 0.2714 0.788922 0.0179529 0.032375
0 0.0923176 0.359969 0.0291529 0.0736563
0 0.418847 0.539094 0.0289882 0.014
0 0.4056 0.794445 0.0592941 0.0448594
0 0.558329 0.479023 0.0386353 0.0350469
0 0.357306 0.795703 0.0206353 0.0466875
0 0.299506 0.478367 0.0188235 0.0484844
0 0.414776 0.559883 0.0575529 0.0333906
0 0.480447 0.569797 0.0319529 0.037375
0 0.319988 0.726547 0.0891059 0.057375
0 0.504129 0.492055 0.0251059 0.0448906
0 0.444671 0.557055 0.0146118 0.0212656
0 0.545882 0.733258 0.0656941 0.0299844
0 0.415212 0.770094 0.0425647 0.0527813
0 0.567988 0.778656 0.0744706 0.0264688
0 0.380435 0.391469 0.0339529 0.0366875
0 0.3486 0.559508 0.0308 0.0347969
0 0.566212 0.75332 0.0772706 0.0400469
0 0.400659 0.353133 0.0289412 0.0468906
0 0.373318 0.799617 0.0351529 0.0569531
0 0.544047 0.491461 0.0286588 0.0507344
0 0.452741 0.540992 0.0177647 0.0222344
0 0.320271 0.720375 0.0498588 0.0490625
0 0.534071 0.84057 0.0232471 0.0392344
0 0.461612 0.760695 0.0671294 0.0345156
0 0.587529 0.781414 0.0680941 0.0403281
0 0.590941 0.81243 0.0609412 0.0267031
0 0.410082 0.484789 0.0317412 0.0516406
0 0.307588 0.768422 0.0393647 0.034125
0 0.492918 0.573109 0.0206118 0.0397188
0 0.296741 0.530133 0.0248235 0.0482656
0 0.421918 0.489227 0.0230824 0.0499844
0 0.571412 0.782195 0.0734118 0.0348281
0 0.367318 0.389594 0.0381647 0.0508438
0 0.171071 0.565914 0.0628941 0.0387344
0 0.362741 0.515039 0.0397882 0.0310781
0 0.520776 0.491359 0.0210353 0.046625
0 0.275576 0.519016 0.0511529 0.0468125
0 0.256882 0.796695 0.0363059 0.0624844
0 0.4536 0.7095 0.0317647 0.0156563
0 0.267471 0.718711 0.0318824 0.0107344
0 0.401894 0.443797 0.0407765 0.0414062
0 0.346894 0.812641 0.0427294 0.0584375
0 0.585553 0.361977 0.0221647 0.0283281
0 0.604494 0.369 0.0198588 0.0226562
0 0.162153 0.349859 0.0398353 0.0619687
0 0.438859 0.490992 0.0202118 0.0491719
0 0.239447 0.555828 0.0314118 0.0271562
0 0.487776 0.839555 0.0502353 0.0256094
0 0.225024 0.522734 0.0451059 0.0112187
0 0.499765 0.800844 0.0545412 0.0305625
0 0.343635 0.48018 0.0396471 0.0550156
0 0.172718 0.412945 0.0236471 0.0605781
0 0.568929 0.533641 0.0310824 0.0245625
0 0.298871 0.792352 0.0581647 0.0284531
0 0.115388 0.45132 0.0320471 0.0635469
0 0.4834 0.354703 0.0343294 0.0544687
0 0.439659 0.696758 0.0144706 0.0384844
0 0.336635 0.770734 0.0316706 0.0307187
0 0.407482 0.728773 0.0150118 0.0145469
0 0.441376 0.379828 0.0223294 0.05375
0 0.383788 0.718594 0.0427294 0.0173125
0 0.419553 0.565055 0.0142118 0.0212656
0 0.263141 0.400695 0.0268471 0.0722656
0 0.493153 0.713031 0.0247529 0.0504062
0 0.538706 0.81418 0.0305412 0.00985938
