2 0.177617 0.829688 0.0118281 0.017
2 0.221813 0.813677 0.0119688 0.0123542
2 0.451508 0.579573 0.0108281 0.0191458
2 0.0719766 0.582646 0.0129844 0.0156667
2 0.23682 0.534104 0.0130781 0.01025
2 0.0122031 0.587073 0.0163438 0.0190208
2 0.186484 0.82026 0.0140313 0.0128125
2 0.0450234 0.575573 0.0144219 0.0166458
2 0.272945 0.83851 0.0178906 0.0151875
2 0.175078 0.856406 0.00365625 0.00922917
2 0.141914 0.882052 0.0184531 0.0158958
2 0.0523281 0.591406 0.0186875 0.0186042
2 0.274922 0.553469 0.0148437 0.0176875
2 0.202586 0.81975 0.0134531 0.0184583
2 0.203227 0.879917 0.0144844 0.0125417
2 0.365648 0.95375 0.0336719 0.0120417
2 0.155984 0.837167 0.010875 0.00929167
2 0.122906 0.853344 0.0109375 0.0192292
2 0.250375 0.561729 0.015625 0.01575
2 0.313469 0.531042 0.0098125 0.013875
2 0.216328 0.849323 0.00765625 0.0108958
2 0.165617 0.85075 0.00982813 0.0107917
2 0.139078 0.870563 0.012875 0.01475
2 0.108414 0.855781 0.0130469 0.0136458
2 0.0596094 0.604292 0.0149687 0.0169583
2 0.196852 0.87074 0.0121094 0.0163125
2 0.247008 0.535573 0.0110781 0.0191458
2 0.230461 0.521521 0.0104844 0.0104583
2 0.145453 0.83524 0.0124688 0.0142292
2 0.482352 0.582562 0.00895313 0.0150417
2 0.123063 0.869219 0.0101563 0.0129375
2 0.169469 0.83351 0.00865625 0.0120625
2 0.0964531 0.594948 0.015 0.0158958
2 0.247867 0.842698 0.0117344 0.0176875
2 0.204461 0.847615 0.0163906 0.0162708
2 0.0198984 0.606583 0.0155781 0.01975
2 0.210461 0.856667 0.00692187 0.00666667
2 0.179406 0.844229 0.0192187 0.0187083
2 0.157883 0.828906 0.0117344 0.0141042
2 0.3445 0.531469 0.00634375 0.0207708
2 0.235 0.84326 0.0119375 0.0146042
2 0.23407 0.827063 0.0136719 0.0210833
2 0.182164 0.863229 0.0137969 0.0154167
2 0.197172 0.834677 0.00990625 0.0159375
2 0.245219 0.81324 0.0172813 0.0136042
2 0.207688 0.833813 0.0127812 0.0166667
2 0.230141 0.817063 0.0121563 0.0105833
2 0.31682 0.940937 0.0382031 0.0324167
2 0.169219 0.867156 0.0121563 0.0188542
2 0.194891 0.861156 0.0101875 0.0120625
2 0.22325 0.856917 0.0113437 0.0184583
2 0.249758 0.829854 0.0119844 0.0118333
2 0.0296875 0.60825 0.0150937 0.0205417
2 0.251203 0.85324 0.0135312 0.0100625
2 0.217 0.825896 0.0126875 0.014875
2 0.177055 0.887302 0.0137344 0.0141042
2 0.242305 0.827615 0.00845313 0.0130625
2 0.129125 0.874615 0.0111562 0.0123125
2 0.321047 0.534229 0.0115312 0.015125
2 0.0118594 0.603719 0.017875 0.0156458
2 0.143953 0.855594 0.015875 0.0181875
2 0.157273 0.871573 0.0171719 0.0208542
2 0.334234 0.527719 0.01275 0.0158958
2 0.339695 0.953844 0.0115469 0.00922917
2 0.156773 0.888125 0.0151406 0.0142083
