1 0.06525 0.316036 0.0124063 0.0178033
1 0.103258 0.318065 0.0126406 0.0128243
1 0.157695 0.309027 0.00804688 0.0128243
1 0.0860313 0.305418 0.00653125 0.0127615
1 0.126656 0.29546 0.0125312 0.00811715
1 0.0718125 0.332939 0.0138125 0.0158787
1 0.111055 0.313483 0.0105469 0.00780335
1 0.117578 0.305031 0.0191562 0.0145397
1 0.0913984 0.334446 0.0168281 0.0241632
1 0.118445 0.312479 0.00767187 0.00822176
1 0.13675 0.303274 0.0089375 0.0110251
1 0.0765156 0.319163 0.00996875 0.0105021
1 0.0948047 0.299383 0.0122031 0.0148326
