1 0.822398 0.712932 0.0282656 0.0710847
1 0.707531 0.0520847 0.00609375 0.0129153
1 0.0442188 0.369712 0.0141563 0.0314237
1 0.409016 0.76639 0.0385313 0.0803051
1 0.789492 0.898508 0.0600781 0.0937627
1 0.0365469 0.362068 0.0083125 0.0160678
1 0.606117 0.948424 0.0415156 0.0927119
1 0.392891 0.878932 0.0502187 0.0952203
1 0.241469 0.898695 0.0553438 0.0851864
1 0.934992 0.890932 0.0524531 0.0865424
1 0.707031 0.701695 0.0333437 0.0451525
1 0.306047 0.62678 0.0260937 0.0507797
1 0.201 0.132881 0.00990625 0.00942373
1 0.0622031 0.909508 0.0584687 0.0836949
1 0.686211 0.758932 0.0386406 0.0711525
1 0.760906 0.128559 0.00934375 0.0171186
1 0.796813 0.304034 0.0147813 0.0223051
1 0.746437 0.93639 0.0551562 0.0927797
1 0.777477 0.568814 0.0203906 0.0395254
1 0.396258 0.480881 0.0167344 0.0250847
1 0.910812 0.935729 0.0546562 0.10339
1 0.8685 0.755322 0.0381563 0.0620339
1 0.3345 0.908678 0.0471562 0.0840678
1 0.348258 0.841746 0.0330469 0.0824746
1 0.912211 0.208881 0.0128906 0.0200678
1 0.400703 0.165 0.00946875 0.0199661
1 0.42607 0.856763 0.0463281 0.0721695
1 0.87507 0.565746 0.0193281 0.0248475
1 0.0917344 0.340356 0.01075 0.0273559
1 0.938039 0.476508 0.0340781 0.0426441
1 0.265422 0.861254 0.038 0.0739661
1 0.949437 0.0876949 0.0045625 0.0212203
1 0.891781 0.0582712 0.0053125 0.00935593
1 0.890773 0.254525 0.0144844 0.0241017
1 0.069125 0.25539 0.010125 0.0197288
1 0.0213203 0.273441 0.00989063 0.0165763
1 0.176414 0.169542 0.00620313 0.0121017
1 0.266047 0.0509492 0.00646875 0.0140339
1 0.519141 0.758305 0.0555625 0.087322
1 0.0936875 0.888492 0.038875 0.0807119
1 0.933641 0.228051 0.00928125 0.0206441
1 0.393602 0.529508 0.0218281 0.0397627
1 0.484664 0.762492 0.0316094 0.0735254
1 0.0845625 0.284237 0.00546875 0.0190508
1 0.494359 0.877627 0.0402813 0.0869831
1 0.951508 0.450068 0.0123594 0.0212203
1 0.360117 0.500169 0.0212656 0.0313898
1 0.0321797 0.486085 0.0212969 0.0468136
1 0.91 0.266678 0.0093125 0.0284068
1 0.896945 0.0354576 0.00582812 0.0168814
1 0.305906 0.697186 0.0289063 0.0712542
1 0.0808984 0.174492 0.0130156 0.0237627
1 0.831141 0.567898 0.0271875 0.0486102
1 0.872539 0.538254 0.0206094 0.0453898
1 0.0220625 0.0601017 0.007375 0.0131525
1 0.939938 0.781695 0.0413125 0.063661
1 0.894477 0.347458 0.0156406 0.0281356
1 0.0685234 0.769949 0.0387656 0.0710169
1 0.963 0.680525 0.0307187 0.0527797
1 0.298344 0.489339 0.014375 0.0141356
1 0.792805 0.762051 0.0266406 0.0843051
1 0.772797 0.0396441 0.00665625 0.00722034
1 0.856625 0.172559 0.0068125 0.0224068
1 0.98982 0.925627 0.0203594 0.079322
1 0.403367 0.287458 0.0136406 0.0232542
1 0.408633 0.278424 0.00807813 0.0224068
1 0.465336 0.89778 0.0636094 0.0977288
1 0.386555 0.577441 0.0249844 0.0467458
1 0.755719 0.334525 0.005375 0.0165763
1 0.102 0.75 0.0294063 0.0618305
1 0.0730703 0.471915 0.0171094 0.0308136
1 0.959664 0.587153 0.0218594 0.0407458
1 0.847672 0.40339 0.0183437 0.0233898
1 0.718227 0.0373559 0.00701563 0.0133559
1 0.165773 0.347831 0.00954687 0.0237966
1 0.0692813 0.431119 0.0171875 0.0189153
1 0.746039 0.781119 0.0439219 0.0758644
1 0.825781 0.263525 0.011625 0.023322
1 0.920125 0.35478 0.00909375 0.0183729
1 0.395539 0.62439 0.0192344 0.0510169
1 0.856977 0.710763 0.0352969 0.0624746
1 0.03525 0.381814 0.0175625 0.0251186
1 0.81625 0.449441 0.0189062 0.026339
1 0.0262344 0.706068 0.0279063 0.0691525
1 0.756852 0.244627 0.0117656 0.0215254
1 0.781773 0.324271 0.0120156 0.0245424
1 0.14618 0.277237 0.0115469 0.0184068
1 0.813391 0.184102 0.0142813 0.019322
1 0.225523 0.0431695 0.00695313 0.0154915
1 0.354891 0.380508 0.00846875 0.0208136
1 0.414156 0.571339 0.0218125 0.0544746
1 0.930875 0.546763 0.0143125 0.0241695
1 0.904625 0.521458 0.0115625 0.0219661
1 0.774023 0.778576 0.0309531 0.0766102
1 0.80457 0.578169 0.0212031 0.0418305
1 0.905352 0.293542 0.0156094 0.0218644
1 0.800227 0.0719831 0.00398438 0.0129831
1 0.771188 0.297356 0.0117188 0.0232542
1 0.981188 0.722237 0.03475 0.0602034
1 0.807742 0.504356 0.0140781 0.0195593
1 0.066125 0.705254 0.0305625 0.0623051
1 0.196148 0.246983 0.0142656 0.0277966
1 0.128375 0.442119 0.0165313 0.0372542
1 0.831234 0.066322 0.00565625 0.0117627
1 0.0320156 0.427593 0.0095625 0.0180339
1 0.31757 0.484593 0.0158594 0.0403051
1 0.868805 0.407339 0.0116406 0.0236949
1 0.411047 0.117576 0.0084375 0.0196949
1 0.892836 0.445915 0.0173906 0.0224068
1 0.331922 0.397356 0.0121875 0.0235932
1 0.820453 0.890068 0.0310625 0.0772881
1 0.746531 0.601814 0.0119375 0.0324407
1 0.949641 0.148932 0.0074375 0.0121017
1 0.0570312 0.190085 0.0089375 0.018678
1 0.973602 0.120695 0.00867187 0.0246441
1 0.977219 0.0904237 0.0080625 0.0179322
1 0.407195 0.403119 0.0203906 0.0349153
1 0.119336 0.0697966 0.00735937 0.0188475
1 0.345797 0.573169 0.022625 0.0399661
1 0.739977 0.172305 0.00776562 0.0149153
1 0.399516 0.444983 0.015375 0.0263729
1 0.805391 0.435475 0.0215 0.0369831
1 0.0976406 0.193153 0.011 0.0204068
1 0.0424844 0.740661 0.0262812 0.0579322
1 0.989805 0.877271 0.0203906 0.0711525
1 0.381602 0.699085 0.0282031 0.0431864
1 0.393734 0.325508 0.00971875 0.0291186
1 0.874516 0.926814 0.037875 0.0772881
1 0.427469 0.485864 0.0185312 0.0272542
1 0.0388281 0.799119 0.0398437 0.0686102
1 0.813578 0.0688305 0.005 0.0114237
1 0.273562 0.759475 0.0335312 0.0824746
1 0.2895 0.544627 0.0204375 0.0367797
1 0.847125 0.591898 0.0239688 0.0414915
1 0.194188 0.0587288 0.004625 0.0144068
1 0.908148 0.766085 0.0330469 0.0843051
1 0.713383 0.775644 0.0375156 0.0870169
1 0.1145 0.127881 0.00865625 0.0129831
1 0.966664 0.512051 0.0167031 0.0291186
1 0.762227 0.0695763 0.00392188 0.00491525
1 0.3235 0.540339 0.0197188 0.0311186
1 0.995719 0.555729 0.0080625 0.019661
1 0.0629375 0.11139 0.00628125 0.0170169
1 0.130719 0.378881 0.0143125 0.023322
1 0.960187 0.248254 0.0126562 0.0368475
1 0.189 0.125 0.00690625 0.0127797
1 0.876656 0.615915 0.008875 0.0295932
1 0.0765469 0.109932 0.006875 0.0136271
1 0.0470234 0.107915 0.00845313 0.0304746
1 0.942727 0.541407 0.0187969 0.0287119
1 0.134969 0.150034 0.0122188 0.0244068
1 0.930898 0.369271 0.00664062 0.0204407
1 0.0423906 0.681136 0.02725 0.0551525
1 0.871797 0.147475 0.0054375 0.00952542
1 0.847953 0.0301356 0.0044375 0.0100339
1 0.437297 0.0698983 0.00846875 0.011661
1 0.547867 0.875814 0.0439844 0.0941356
1 0.8975 0.590034 0.0125938 0.0103051
1 0.428898 0.380102 0.0150781 0.023322
1 0.390883 0.394695 0.0118906 0.0153559
1 0.624258 0.751441 0.0414531 0.0709492
1 0.914547 0.0989492 0.0070625 0.0177627
1 0.28775 0.842966 0.0322188 0.0910169
1 0.752516 0.876949 0.0448125 0.0856271
1 0.0190312 0.642051 0.0308437 0.0523051
1 0.454398 0.763305 0.0351094 0.0824746
1 0.771727 0.425068 0.0101094 0.0246441
1 0.846336 0.133678 0.00695313 0.0214576
1 0.643141 0.716458 0.0349062 0.0757627
1 0.418563 0.173814 0.006 0.0116271
1 0.0110547 0.743068 0.0221094 0.0686441
1 0.287828 0.514271 0.0254063 0.0542373
1 0.372047 0.686797 0.0330625 0.0617288
1 0.852805 0.454525 0.00660938 0.0251186
1 0.162781 0.263254 0.0124063 0.0174915
1 0.265406 0.809102 0.046 0.0807797
1 0.777508 0.212932 0.00942187 0.0164407
1 0.120672 0.464898 0.0165625 0.0316271
1 0.960445 0.0422881 0.00598438 0.00844068
1 0.883969 0.289678 0.00703125 0.0201695
1 0.839156 0.0560339 0.00603125 0.00969492
1 0.592063 0.753237 0.029875 0.0771864
1 0.794078 0.213729 0.0093125 0.0146441
1 0.0396328 0.165288 0.0132656 0.0191864
1 0.780742 0.0770508 0.00504688 0.00616949
1 0.817469 0.780339 0.03675 0.0789153
1 0.858906 0.660492 0.0264375 0.0617288
1 0.323359 0.378898 0.0138437 0.0237627
1 0.717094 0.116881 0.00909375 0.0152542
1 0.684805 0.0811525 0.00754687 0.0169492
1 0.937992 0.147763 0.00620313 0.00888136
1 0.866992 0.489932 0.0140781 0.019661
1 0.974281 0.168017 0.00803125 0.0184068
1 0.366797 0.248 0.0121875 0.0331525
1 0.396539 0.234475 0.0140469 0.0290847
1 0.154828 0.345508 0.010125 0.0188136
1 0.936117 0.0263051 0.00542188 0.0107119
1 0.179898 0.129034 0.00595313 0.00728814
1 0.0685937 0.162881 0.0144063 0.0288814
1 0.957539 0.349576 0.00854687 0.0196949
1 0.939258 0.623763 0.0194219 0.0452881
1 0.913117 0.672593 0.0375781 0.0684407
1 0.633789 0.968508 0.0500469 0.0629831
1 0.210969 0.167102 0.00971875 0.0308814
1 0.21668 0.115305 0.00826563 0.0165763
1 0.536758 0.535288 0.00723437 0.0186441
1 0.315859 0.862881 0.0397188 0.0850847
1 0.163297 0.235 0.0080625 0.0273559
1 0.0630625 0.272356 0.011 0.0182034
1 0.779844 0.193085 0.0074375 0.0134237
1 0.979805 0.0355763 0.00698437 0.0118305
1 0.372836 0.355746 0.0112656 0.0185424
1 0.169078 0.0610678 0.0068125 0.0138644
1 0.9085 0.177475 0.0102188 0.0182034
1 0.970906 0.403695 0.0113437 0.0252881
1 0.957398 0.267593 0.00970312 0.0107797
1 0.276766 0.684458 0.0242812 0.0447797
1 0.877313 0.343475 0.00859375 0.030678
1 0.413297 0.262797 0.0086875 0.0237627
1 0.0700547 0.317034 0.0123906 0.0273559
1 0.141375 0.317763 0.0134375 0.0181695
1 0.105055 0.263034 0.00723437 0.0179322
1 0.979891 0.347864 0.011625 0.02
1 0.0692187 0.0804068 0.01075 0.011661
1 0.149148 0.221322 0.0144531 0.0269153
1 0.0169766 0.0617458 0.00414063 0.0107458
1 0.7965 0.0382373 0.0054375 0.00759322
1 0.592531 0.345186 0.0085625 0.0230508
1 0.116516 0.139068 0.0115625 0.0121017
1 0.0835781 0.419458 0.0171563 0.0277966
1 0.808078 0.340475 0.0095625 0.0311186
1 0.0305312 0.207525 0.0128438 0.0181695
1 0.314063 0.389424 0.00728125 0.0227119
1 0.0891328 0.25678 0.0106094 0.0235932
1 0.392883 0.500305 0.0201094 0.0327458
1 0.553484 0.750085 0.0485312 0.106814
1 0.787234 0.0854407 0.00525 0.0079661
1 0.398414 0.27178 0.00964062 0.0232203
1 0.949859 0.0608136 0.0034375 0.00745763
1 0.731758 0.139068 0.00620313 0.0129831
1 0.681266 0.851847 0.0452188 0.0874237
1 0.107531 0.185475 0.0121875 0.0224068
1 0.947273 0.245085 0.00970312 0.0305085
1 0.869492 0.0639661 0.00564062 0.00935593
1 0.795938 0.156051 0.0061875 0.0134576
