2 0.45032 0.283958 0.0425156 0.0519167
2 0.507984 0.744542 0.064625 0.115028
2 0.260586 0.375583 0.0697344 0.0978889
2 0.658016 0.672625 0.0759375 0.0855833
2 0.655242 0.478931 0.0648281 0.0759167
2 0.392313 0.236375 0.0292812 0.0504722
2 0.518023 0.587958 0.0595781 0.0956389
2 0.571789 0.74025 0.0850156 0.100389
2 0.407719 0.124139 0.0470938 0.0627778
2 0.439031 0.427778 0.0561875 0.0761111
2 0.537578 0.0867639 0.0200625 0.0545833
2 0.439211 0.504153 0.0774219 0.126472
2 0.615914 0.558597 0.0866719 0.103861
2 0.548375 0.405278 0.0491562 0.0631667
2 0.572219 0.475583 0.0914062 0.113611
2 0.552859 0.0838889 0.0239063 0.0505
2 0.309844 0.209264 0.0602188 0.0971389
2 0.454297 0.208778 0.037375 0.0712222
2 0.578953 0.283806 0.0640938 0.0513889
2 0.670836 0.366514 0.0497031 0.154028
