2 0.601073 0.510203 0.114521 0.0261562
2 0.485927 0.522555 0.0600208 0.0350156
2 0.498729 0.533961 0.057125 0.0404844
2 0.583135 0.806609 0.0708958 0.0211875
2 0.478927 0.761586 0.0509375 0.0410156
2 0.326135 0.532484 0.128646 0.0311875
2 0.625927 0.562234 0.124771 0.0371875
2 0.241 0.856078 0.099125 0.0664062
2 0.349156 0.961922 0.125646 0.070375
2 0.664573 0.534164 0.107354 0.0266719
2 0.518844 0.576234 0.140146 0.0410625
2 0.424719 0.775117 0.0786458 0.0602344
2 0.387281 0.892156 0.145146 0.05025
