2 0.334031 0.724414 0.0307708 0.0230781
2 0.410396 0.724406 0.0316667 0.0225
2 0.357167 0.766844 0.0371667 0.025125
2 0.401 0.734539 0.0244583 0.0197031
2 0.431854 0.753414 0.0187917 0.0222969
2 0.306844 0.767852 0.0290625 0.0202031
2 0.439094 0.735172 0.0236042 0.0199688
2 0.383917 0.752828 0.0287083 0.0198438
2 0.290229 0.75282 0.0249583 0.0225781
2 0.330479 0.787602 0.0512083 0.0164219
2 0.330771 0.756867 0.0261667 0.0220469
2 0.348344 0.744867 0.0427292 0.0230781
2 0.365792 0.728336 0.0282083 0.0208281
2 0.411625 0.749508 0.0282917 0.0290469
2 0.287844 0.782305 0.0276875 0.0205156
2 0.43951 0.767648 0.0297708 0.0195781
2 0.449844 0.748398 0.0326458 0.0197656
2 0.379521 0.711281 0.0331667 0.0205
2 0.380823 0.71882 0.0178125 0.0146719
2 0.376375 0.770125 0.0344583 0.0328125
2 0.376792 0.737031 0.02925 0.0245
2 0.314438 0.743148 0.0182083 0.00979688
