0 0.364379 0.388469 0.0293027 0.0251563
0 0.31449 0.346156 0.0245578 0.0159063
0 0.447832 0.341539 0.0546769 0.0153906
0 0.438495 0.360305 0.0410034 0.0271719
0 0.373852 0.306203 0.0293027 0.0206875
0 0.328027 0.372594 0.0293197 0.0219688
0 0.383376 0.353953 0.0413776 0.0131562
0 0.385952 0.31343 0.0288776 0.0117031
0 0.404311 0.396281 0.025119 0.015125
0 0.309048 0.385766 0.0264966 0.03
0 0.415757 0.380375 0.0369558 0.0222188
0 0.42398 0.39518 0.0410544 0.0225469
0 0.276454 0.377703 0.0241667 0.0417812
0 0.416973 0.348359 0.0294558 0.0150312
0 0.310621 0.312984 0.0277041 0.024375
0 0.365816 0.33357 0.0241837 0.0121094
0 0.329014 0.330688 0.0329252 0.0187187
0 0.371913 0.362281 0.0323639 0.0163125
0 0.382968 0.338977 0.0253912 0.0158906
0 0.310034 0.374922 0.0281973 0.0228125
0 0.345536 0.336297 0.037432 0.0106875
0 0.332891 0.399359 0.0248299 0.0223125
0 0.311624 0.362531 0.0291667 0.0211562
0 0.346012 0.394102 0.0228741 0.0220469
0 0.398078 0.319055 0.0348299 0.0156094
0 0.368138 0.377961 0.0339626 0.0195781
0 0.452007 0.379484 0.0440816 0.0225625
0 0.426828 0.323328 0.0186905 0.0225625
0 0.393206 0.369586 0.0269558 0.0174531
0 0.300986 0.38893 0.0216667 0.0449531
0 0.330102 0.361781 0.0357143 0.0189375
0 0.456862 0.355617 0.0389626 0.0225469
0 0.419592 0.317445 0.0256122 0.0242031
0 0.329405 0.385609 0.0244218 0.0224375
0 0.386029 0.382633 0.0329082 0.0234219
0 0.286828 0.379203 0.0172959 0.045375
0 0.410689 0.411328 0.0357313 0.0125938
0 0.329124 0.319906 0.0325 0.0275
0 0.290842 0.322125 0.0221939 0.0343125
0 0.346012 0.356539 0.0384864 0.0156406
