0 0.207281 0.731047 0.0652708 0.0228125
0 0.28899 0.725672 0.0629792 0.0323437
0 0.417313 0.659555 0.050375 0.0268281
0 0.420229 0.702594 0.0923333 0.0240938
0 0.159833 0.742477 0.028625 0.00914062
0 0.244562 0.713695 0.0584167 0.0322656
0 0.423656 0.683133 0.104562 0.0235781
0 0.412802 0.739516 0.0256875 0.0166875
0 0.341885 0.709625 0.0796875 0.0230312
0 0.43824 0.718383 0.0789375 0.0271094
0 0.408115 0.757422 0.0349792 0.0196563
0 0.267615 0.704195 0.0698125 0.0277031
0 0.257573 0.736547 0.0487292 0.0190625
0 0.377562 0.713086 0.0574583 0.0442656
0 0.410083 0.771531 0.0242917 0.0300312
0 0.478292 0.673484 0.123958 0.0152812
0 0.335042 0.732828 0.082 0.0268437
0 0.18324 0.725766 0.0562292 0.0214375
