0 0.820628 0.506266 0.153216 0.0500313
0 0.826897 0.77918 0.212739 0.110984
0 0.563166 0.687555 0.0833668 0.0412344
0 0.886357 0.771297 0.227286 0.126031
0 0.843153 0.853359 0.104095 0.0407187
0 0.940251 0.812781 0.119497 0.08625
0 0.495942 0.672687 0.229121 0.0475
0 0.315327 0.743789 0.274121 0.0454219
0 0.698178 0.706914 0.154497 0.0583906
0 0.746068 0.895055 0.154447 0.0428281
0 0.21402 0.712586 0.134171 0.0254531
0 0.839535 0.740734 0.176106 0.090875
0 0.657701 0.728773 0.185704 0.106266
0 0.921482 0.778344 0.0676382 0.0181875
0 0.563417 0.709789 0.0673367 0.0378594
0 0.675188 0.726922 0.0326382 0.0195
0 0.474485 0.696539 0.109422 0.120266
0 0.659812 0.846078 0.299925 0.111437
0 0.894372 0.858461 0.184171 0.0584531
0 0.365741 0.752148 0.17309 0.0658906
0 0.604058 0.662219 0.155352 0.07575
0 0.78358 0.740516 0.204095 0.101125
0 0.607337 0.831367 0.213417 0.0624219
0 0.933405 0.761922 0.0462563 0.01975
0 0.758492 0.713242 0.039196 0.0113906
0 0.408229 0.686852 0.263894 0.0869219
0 0.822211 0.899117 0.19191 0.0497031
0 0.640967 0.810508 0.102889 0.0624531
0 0.527399 0.802312 0.262889 0.0982813
0 0.542525 0.723875 0.0244975 0.0277813
0 0.982877 0.937102 0.0338442 0.0438594
0 0.405729 0.700758 0.277286 0.106422
0 0.741256 0.801406 0.104472 0.0464062
0 0.479987 0.731219 0.336407 0.153562
0 0.760364 0.721789 0.0313819 0.0117969
0 0.694447 0.817102 0.0714573 0.0629844
0 0.831168 0.836383 0.0469095 0.0243906
