2 0.354336 0.316437 0.0469219 0.0579583
2 0.251859 0.332781 0.02975 0.0374792
2 0.245008 0.550937 0.0687656 0.09025
2 0.241969 0.463 0.121 0.100708
2 0.268937 0.501615 0.0726875 0.0505208
2 0.214211 0.410094 0.0610156 0.102479
2 0.167672 0.411542 0.0436563 0.05025
2 0.242773 0.378719 0.0484531 0.0676875
2 0.244281 0.25574 0.046125 0.0638958
2 0.309195 0.271281 0.0450781 0.0597708
2 0.150547 0.468094 0.075 0.0886458
2 0.344492 0.245219 0.0442344 0.0523125
2 0.270047 0.299667 0.0391875 0.038375
2 0.336953 0.205135 0.035375 0.0441042
