0 0.543794 0.444437 0.0278351 0.0471875
0 0.485474 0.425547 0.0333814 0.0432188
0 0.391701 0.830828 0.136845 0.0609375
0 0.500454 0.736453 0.0969897 0.0353438
0 0.692526 0.659078 0.0730103 0.031875
0 0.333588 0.692633 0.0345979 0.0373594
0 0.420361 0.79925 0.10266 0.0744062
0 0.163402 0.752297 0.0754227 0.0572812
0 0.047268 0.436297 0.0266598 0.0681875
0 0.403526 0.770352 0.10099 0.0690781
0 0.0669485 0.357477 0.0653196 0.0212031
0 0.635443 0.62918 0.0281649 0.0583281
0 0.724794 0.553359 0.0317732 0.0281563
0 0.323412 0.664523 0.046 0.0485469
0 0.184948 0.664742 0.0245361 0.0482969
0 0.406804 0.816195 0.109732 0.0690156
0 0.625289 0.756734 0.0860412 0.0255625
0 0.617794 0.578 0.0272165 0.05375
0 0.710082 0.494586 0.0243711 0.0362344
0 0.768619 0.795453 0.0971546 0.0602812
0 0.515907 0.789945 0.0430309 0.0872344
0 0.251031 0.691156 0.0788454 0.040125
0 0.159753 0.443172 0.0689897 0.0347187
0 0.221907 0.618297 0.0450103 0.0310312
0 0.0153814 0.414266 0.0307629 0.0426875
0 0.291979 0.690047 0.0301443 0.018
0 0.822649 0.651633 0.0394433 0.0308281
0 0.592371 0.450398 0.0167835 0.0296094
0 0.260052 0.622422 0.0313196 0.044375
0 0.604268 0.594812 0.0289485 0.0485
0 0.699113 0.46757 0.0158351 0.0198281
0 0.870186 0.676047 0.0251134 0.0826875
0 0.948134 0.82725 0.103732 0.0400625
0 0.75532 0.576063 0.0206598 0.0279687
0 0.909804 0.861438 0.0312784 0.042
0 0.807536 0.831734 0.0610103 0.0320937
0 0.700897 0.705164 0.083732 0.0176406
0 0.175309 0.470164 0.0346186 0.0276719
0 0.929845 0.700578 0.0791134 0.059
0 0.178103 0.751961 0.0523711 0.0274531
0 0.294845 0.767773 0.0600825 0.0240156
0 0.935443 0.866852 0.0266804 0.0307656
0 0.781268 0.681766 0.053299 0.0421562
0 0.358577 0.770078 0.0654021 0.0476875
0 0.657876 0.676258 0.0807423 0.0217031
0 0.467784 0.694063 0.100722 0.0322188
0 0.686124 0.817906 0.0642474 0.0402813
0 0.690454 0.555523 0.0129897 0.0324219
0 0.464794 0.788555 0.0735464 0.118047
0 0.58032 0.566422 0.0305773 0.054875
0 0.220237 0.846094 0.113505 0.0935938
0 0.734969 0.578148 0.0218969 0.0357969
0 0.450546 0.783727 0.0778763 0.0933281
0 0.807825 0.687789 0.0539588 0.0785156
0 0.603144 0.783367 0.081299 0.0250469
0 0.776052 0.777961 0.0826598 0.0659531
0 0.226113 0.772727 0.0931753 0.0451406
0 0.0802887 0.450477 0.0465155 0.0415469
0 0.710062 0.567609 0.0294021 0.0544063
0 0.670433 0.790391 0.081567 0.0259062
0 0.523567 0.726773 0.0920412 0.0437344
0 0.259268 0.657031 0.0377526 0.0515
0 0.0426907 0.410055 0.0562268 0.0523281
0 0.884082 0.751062 0.0656495 0.0631875
0 0.907742 0.782922 0.0951546 0.0649375
0 0.283134 0.657672 0.0496495 0.050375
0 0.575299 0.462555 0.0256495 0.0303281
0 0.753546 0.643648 0.024866 0.0366406
0 0.874258 0.874625 0.0494639 0.049625
0 0.39732 0.853172 0.124619 0.0560625
0 0.774381 0.706133 0.065299 0.0409219
0 0.190371 0.84218 0.0911753 0.0964844
0 0.936206 0.811047 0.102845 0.046625
0 0.162608 0.523984 0.0439381 0.08425
0 0.356773 0.707414 0.0315258 0.0296094
0 0.728742 0.737547 0.0598763 0.0244375
0 0.575103 0.503586 0.0310722 0.0450156
0 0.707072 0.517227 0.0261856 0.0584531
0 0.341134 0.724695 0.0479175 0.0379219
0 0.260134 0.888414 0.173299 0.0501094
0 0.248546 0.709367 0.109134 0.0263281
0 0.849227 0.687953 0.032433 0.0760625
0 0.109722 0.351586 0.0375876 0.0433906
0 0.281918 0.74457 0.0394227 0.0267969
0 0.648216 0.644023 0.0296289 0.0250781
0 0.169619 0.568406 0.0215876 0.0205313
0 0.168175 0.363164 0.0582887 0.0387656
0 0.511361 0.497133 0.0454845 0.0562344
0 0.56668 0.636359 0.0354639 0.02525
0 0.654278 0.771047 0.0718969 0.0220625
0 0.113856 0.855984 0.071299 0.0749375
0 0.151392 0.474172 0.0779175 0.0502812
0 0.546918 0.762703 0.0728454 0.0267812
0 0.587536 0.669172 0.0129691 0.0069375
0 0.739598 0.722383 0.0801856 0.0331719
0 0.543072 0.814641 0.0829278 0.0702812
0 0.538351 0.581828 0.034268 0.0360938
0 0.207856 0.670695 0.0308866 0.0472344
0 0.443464 0.719031 0.0778969 0.0231562
0 0.412825 0.757031 0.0639175 0.070625
0 0.58501 0.655086 0.0362887 0.0289219
0 0.844124 0.769242 0.056866 0.0817656
0 0.75866 0.597758 0.025732 0.0389844
0 0.409546 0.692867 0.0727835 0.0319844
0 0.771804 0.862711 0.0485979 0.0328594
0 0.753124 0.677508 0.0535464 0.0253906
0 0.711711 0.788883 0.0409072 0.0278594
0 0.370412 0.655125 0.021567 0.0757188
0 0.160918 0.356945 0.0554845 0.0440781
0 0.908918 0.806102 0.114371 0.0545469
0 0.746856 0.693859 0.0558144 0.0375625
0 0.458876 0.423766 0.0345361 0.0502812
0 0.570021 0.439367 0.0294433 0.0279219
0 0.808113 0.753578 0.0410103 0.0909688
0 0.810093 0.870148 0.0424948 0.0425469
0 0.636093 0.810148 0.0900412 0.0362656
0 0.288629 0.628555 0.0332577 0.0504844
0 0.042732 0.339531 0.0478557 0.014125
0 0.588052 0.723117 0.0405155 0.0239531
0 0.533021 0.805555 0.0592371 0.0619531
0 0.47133 0.666336 0.0716082 0.0222031
0 0.523979 0.637516 0.0323299 0.0339687
0 0.30099 0.787305 0.0812371 0.0470469
0 0.176423 0.51625 0.0222887 0.0474062
0 0.399794 0.64707 0.0491546 0.0547344
0 0.436691 0.696055 0.0876082 0.0274844
0 0.0239278 0.343125 0.0478557 0.0148437
0 0.72101 0.759789 0.0400412 0.0270156
0 0.682515 0.757031 0.0778144 0.038875
0 0.568206 0.740203 0.0540206 0.0333437
0 0.162526 0.840469 0.0636495 0.0979688
0 0.0858247 0.353234 0.0567216 0.0319063
0 0.618546 0.64307 0.0244742 0.0322656
0 0.559454 0.475273 0.0335876 0.0469219
0 0.0264948 0.323461 0.0518351 0.0156094
0 0.0692474 0.421609 0.0281856 0.0649687
0 0.691134 0.481797 0.0157526 0.0465938
0 0.143711 0.693914 0.0131546 0.0323906
0 0.422309 0.650133 0.0201237 0.0362344
0 0.240742 0.855063 0.13868 0.071125
0 0.173928 0.376727 0.0480206 0.0287344
0 0.942258 0.680555 0.0215052 0.0199844
0 0.815093 0.655664 0.038433 0.0176719
0 0.515041 0.575703 0.0257113 0.0484062
0 0.590876 0.494578 0.0299588 0.0522188
0 0.508186 0.456492 0.0288247 0.0567031
0 0.982742 0.747867 0.0303093 0.0369531
0 0.622794 0.742484 0.0598144 0.0160938
0 0.230103 0.740977 0.0983093 0.0361094
0 0.0466289 0.375547 0.084268 0.0309687
0 0.315381 0.760984 0.0465155 0.0139063
0 0.30266 0.716711 0.0421443 0.0266406
0 0.517103 0.690797 0.0942062 0.0515938
0 0.18834 0.402336 0.0221649 0.0120469
0 0.316485 0.846367 0.0443918 0.0229531
0 0.75701 0.638523 0.0350928 0.0459531
0 0.402897 0.687078 0.0579175 0.048125
0 0.241814 0.728633 0.0938144 0.0300469
0 0.88334 0.85207 0.0317938 0.0355156
0 0.727361 0.637953 0.028866 0.03675
0 0.176361 0.670727 0.0119381 0.0389531
0 0.128546 0.844781 0.0540412 0.0934688
0 0.827763 0.69075 0.0154021 0.03325
0 0.87434 0.788797 0.0800619 0.0634375
0 0.40832 0.674445 0.0591546 0.0132969
0 0.692433 0.72243 0.0609072 0.0221094
0 0.575433 0.711211 0.0284742 0.0188906
0 0.166134 0.708766 0.0688454 0.0374375
0 0.205268 0.708484 0.0369278 0.0305
0 0.236649 0.676891 0.0330928 0.0510938
0 0.601979 0.766984 0.0458557 0.0190937
0 0.718175 0.593 0.0290103 0.0393125
0 0.986969 0.752445 0.0242062 0.0331719
0 0.736598 0.608734 0.0320825 0.0412813
0 0.186619 0.773109 0.0909691 0.0462187
0 0.593784 0.693867 0.0448454 0.0161094
0 0.315804 0.72875 0.0323505 0.012
0 0.722691 0.693852 0.0607629 0.0316406
0 0.611113 0.712852 0.0527423 0.0427031
0 0.511557 0.417336 0.0258763 0.0296406
0 0.55466 0.514844 0.0321649 0.0514063
0 0.788237 0.760977 0.0237732 0.0563281
0 0.548608 0.831312 0.0807216 0.0426562
0 0.511433 0.535297 0.0394433 0.0475938
0 0.170887 0.427531 0.0550928 0.041
0 0.893278 0.693758 0.0628454 0.0711094
0 0.760928 0.840445 0.0249485 0.0262031
0 0.926825 0.746305 0.0269691 0.0194531
0 0.161907 0.730078 0.0737113 0.0470313
0 0.89968 0.667289 0.0396082 0.0443281
0 0.595856 0.640742 0.0289485 0.0453281
0 0.824948 0.840789 0.0661443 0.0400469
0 0.694938 0.523477 0.0112784 0.0359219
0 0.668907 0.740406 0.0772371 0.0166875
0 0.14066 0.354148 0.0282062 0.0454219
0 0.673237 0.728117 0.057567 0.0246406
0 0.686196 0.686328 0.0819588 0.0255937
0 0.312649 0.650617 0.0111959 0.0162031
0 0.535175 0.486508 0.0372784 0.0560156
0 0.591794 0.547578 0.0302268 0.0483438
0 0.0224227 0.358391 0.0442268 0.0236875
0 0.179701 0.389828 0.0364742 0.0147187
0 0.988536 0.760352 0.0223093 0.0221094
0 0.0204536 0.445125 0.0345155 0.0512188
0 0.699907 0.627352 0.0262474 0.0393594
0 0.351856 0.657305 0.0265155 0.0771094
0 0.229206 0.646766 0.0341237 0.0440313
0 0.779773 0.837922 0.0415258 0.0362813
0 0.730907 0.666273 0.0536082 0.0219531
0 0.609412 0.530547 0.0332165 0.05775
0 0.953443 0.878992 0.0253608 0.0280781
0 0.746938 0.821266 0.0559794 0.027875
0 0.175814 0.61425 0.0590928 0.0312187
0 0.843464 0.877 0.0514227 0.0466875
0 0.550227 0.610797 0.0403299 0.0337812
0 0.331196 0.747445 0.056866 0.0349531
0 0.0272784 0.329531 0.0535258 0.00996875
0 0.311082 0.686664 0.0291753 0.0379531
0 0.785175 0.731828 0.0359588 0.027375
0 0.289289 0.817508 0.0464948 0.0185469
0 0.980567 0.846547 0.0376289 0.028
0 0.360402 0.799125 0.0836495 0.071625
0 0.619237 0.717539 0.0414433 0.0297344
0 0.203309 0.644406 0.0160206 0.011375
0 0.635948 0.669148 0.0617113 0.0203281
0 0.665 0.833687 0.0835258 0.04425
0 0.631216 0.569305 0.0252371 0.0545156
0 0.787454 0.865633 0.0413402 0.0376094
0 0.60267 0.484 0.0173814 0.036125
0 0.489856 0.777977 0.0498557 0.0830156
0 0.271247 0.797906 0.0993608 0.0281875
0 0.959918 0.714273 0.0716701 0.0383281
0 0.58266 0.608594 0.0297732 0.0453125
0 0.973969 0.743781 0.0344124 0.0365938
0 0.957959 0.728125 0.0830928 0.0495937
0 0.965258 0.780133 0.0239588 0.0267031
0 0.848753 0.85382 0.0552371 0.0460781
0 0.910629 0.88018 0.0262887 0.0298594
0 0.534546 0.526711 0.033134 0.0474219
0 0.75299 0.862953 0.0260206 0.0212188
0 0.543649 0.855828 0.0621443 0.023875
0 0.830515 0.667219 0.0250309 0.0225938
0 0.837402 0.759312 0.0705979 0.0840313
0 0.375938 0.727234 0.0370309 0.0333125
0 0.099732 0.871117 0.0974845 0.0594219
0 0.244113 0.868453 0.143072 0.0552813
0 0.582175 0.684328 0.0655464 0.0256875
0 0.616701 0.613633 0.0269691 0.0188281
0 0.0936082 0.896633 0.096701 0.0391094
0 0.174082 0.409305 0.0517526 0.0352969
