0 0.310375 0.803586 0.103125 0.0951719
0 0.202729 0.653234 0.0919167 0.0875
0 0.529885 0.799844 0.0590208 0.0774062
0 0.253573 0.61125 0.117771 0.106156
0 0.419823 0.887148 0.0431875 0.0465469
0 0.511688 0.684977 0.0996667 0.123141
0 0.373333 0.870852 0.0760833 0.0622969
0 0.27076 0.663672 0.0564375 0.129375
0 0.535354 0.855297 0.0630417 0.0635938
0 0.462188 0.646906 0.08875 0.0691563
0 0.333729 0.586328 0.0832917 0.0731563
0 0.506917 0.573922 0.133042 0.085375
0 0.203719 0.713875 0.140563 0.0570625
0 0.569958 0.808773 0.049125 0.0713906
0 0.283375 0.594758 0.0671667 0.109672
0 0.280135 0.820609 0.148854 0.0725313
0 0.415823 0.520656 0.0776042 0.127656
0 0.242052 0.720187 0.0753125 0.0729687
0 0.493521 0.860922 0.1145 0.0791562
0 0.494271 0.541789 0.0971667 0.135391
0 0.374823 0.727266 0.0591042 0.0834375
0 0.55375 0.858727 0.111875 0.0787969
0 0.37 0.566852 0.0536667 0.0727656
0 0.427333 0.558312 0.113917 0.125375
0 0.462031 0.551234 0.0815625 0.123438
0 0.577583 0.705008 0.062125 0.108203
0 0.508604 0.551148 0.124 0.118734
0 0.291063 0.862336 0.0966667 0.0600469
0 0.533563 0.487078 0.0270417 0.064125
0 0.330729 0.677727 0.064875 0.112953
0 0.485187 0.807555 0.06175 0.106766
0 0.260385 0.778195 0.0284792 0.0469219
0 0.493198 0.696602 0.0796042 0.0993906
0 0.445333 0.826344 0.063625 0.0794688
0 0.502635 0.648367 0.0339375 0.0688906
0 0.309823 0.57082 0.0248542 0.0457031
0 0.317802 0.73675 0.0916875 0.0807187
0 0.527333 0.637586 0.0254583 0.0542969
0 0.508271 0.471687 0.043875 0.106531
0 0.385 0.822047 0.063 0.0932813
0 0.469281 0.475328 0.0478958 0.113906
0 0.390698 0.669117 0.0640208 0.110391
0 0.434083 0.710133 0.0806667 0.103203
