0 0.740914 0.86723 0.0498281 0.0559624
0 0.321031 0.777676 0.0544063 0.0349296
0 0.855195 0.315599 0.0133906 0.0176291
0 0.185625 0.769765 0.0486875 0.0309859
0 0.160664 0.454836 0.0147656 0.0130516
0 0.840648 0.333815 0.0161719 0.0135446
0 0.966766 0.38507 0.0342187 0.0199531
0 0.399148 0.595692 0.0310469 0.0329812
0 0.690258 0.824319 0.0407344 0.0889202
0 0.431914 0.43885 0.0103281 0.025446
0 0.552875 0.556444 0.0198438 0.0407277
0 0.288883 0.433451 0.0266406 0.0207981
0 0.879047 0.721901 0.0192187 0.0541315
0 0.768664 0.293603 0.0225781 0.0411972
0 0.402859 0.740223 0.0560625 0.0428404
0 0.876016 0.89365 0.0463125 0.0441549
0 0.490039 0.401174 0.0144844 0.0124413
0 0.664 0.431444 0.011375 0.0202113
0 0.859563 0.405927 0.0191562 0.0118545
0 0.821703 0.723838 0.025125 0.0537324
0 0.672781 0.926714 0.0398437 0.0328638
0 0.812547 0.361467 0.0219062 0.0226995
0 0.833508 0.48304 0.0304531 0.0305399
0 0.749445 0.901397 0.0656719 0.025
0 0.867117 0.382653 0.0188281 0.0218779
0 0.191664 0.60108 0.0340469 0.0305634
0 0.744977 0.827031 0.0293906 0.0569718
0 0.308773 0.464038 0.0115156 0.010939
0 0.213656 0.536092 0.0315 0.017723
0 0.822234 0.289061 0.0179687 0.0395305
0 0.326742 0.381491 0.0258594 0.0161268
0 0.890773 0.710469 0.0108594 0.017277
0 0.273055 0.594237 0.0262344 0.0311972
0 0.309023 0.622054 0.0246094 0.0226995
0 0.825687 0.768568 0.0184062 0.0637559
0 0.829922 0.560493 0.0195625 0.0465728
0 0.671148 0.469906 0.00826563 0.0223944
0 0.968148 0.563991 0.0456719 0.0341315
0 0.804984 0.804742 0.0217812 0.0612676
0 0.614633 0.671455 0.0117031 0.0523474
0 0.649234 0.490387 0.0315937 0.0326526
0 0.402547 0.402523 0.03525 0.036831
0 0.302406 0.574636 0.0324688 0.0267371
0 0.402492 0.762207 0.0408281 0.0431925
0 0.756234 0.296573 0.02975 0.0184038
0 0.35475 0.411925 0.026375 0.0178404
0 0.15025 0.382371 0.0138437 0.010892
0 0.778578 0.454261 0.0250312 0.0211502
0 0.836305 0.414085 0.0311719 0.0176995
0 0.864523 0.608052 0.0266719 0.0446479
0 0.673094 0.833333 0.0359688 0.029061
0 0.781461 0.387031 0.0335781 0.021385
0 0.358539 0.379977 0.0330781 0.0285915
0 0.421187 0.792969 0.0479687 0.0466432
0 0.273703 0.521631 0.0186562 0.0479577
0 0.38768 0.613192 0.0480469 0.0374648
0 0.348789 0.515012 0.0302656 0.0542958
0 0.742937 0.345951 0.0416562 0.0199296
0 0.872727 0.446115 0.0263906 0.0135915
0 0.607781 0.684167 0.0111562 0.0434977
0 0.845328 0.864343 0.0150937 0.081784
0 0.744867 0.770974 0.0232969 0.041338
0 0.67518 0.584343 0.0155156 0.0309859
0 0.830594 0.344202 0.0173125 0.0107981
0 0.807594 0.930998 0.0679687 0.0414789
0 0.257953 0.4602 0.0279063 0.0497418
0 0.890984 0.972007 0.0544063 0.0559859
0 0.386047 0.508298 0.0279063 0.0396948
0 0.7745 0.563099 0.0288125 0.0433333
0 0.267664 0.512911 0.0303906 0.0519249
0 0.415594 0.736479 0.0475625 0.0388732
0 0.371867 0.613967 0.0374219 0.0444601
0 0.970086 0.446232 0.0295156 0.0344366
0 0.907859 0.335669 0.0244062 0.0276761
0 0.599859 0.593192 0.0111875 0.0390141
0 0.23532 0.611162 0.0243906 0.0191315
0 0.136906 0.353545 0.0140625 0.00934272
0 0.159391 0.3752 0.0148437 0.0111502
0 0.766977 0.479883 0.0221094 0.0323474
0 0.974852 0.368862 0.0361094 0.0234507
0 0.694406 0.483275 0.0237813 0.0236385
0 0.323336 0.733615 0.0593906 0.0330986
0 0.377141 0.549742 0.0479687 0.0279812
0 0.80057 0.34054 0.0256406 0.0105634
0 0.75157 0.360258 0.0306094 0.0233803
0 0.8455 0.796268 0.0204063 0.0657746
0 0.855086 0.3323 0.0179219 0.0148357
0 0.16532 0.742441 0.0317031 0.0305634
0 0.728172 0.389941 0.0315625 0.0143897
0 0.128703 0.421256 0.00546875 0.007723
0 0.543516 0.675763 0.00859375 0.0217136
0 0.95975 0.345622 0.0252188 0.0171127
0 0.705562 0.635258 0.00971875 0.0310798
0 0.785047 0.50439 0.0392813 0.0247887
0 0.726961 0.665833 0.0342031 0.0450469
0 0.902586 0.783275 0.0233594 0.0534977
0 0.277844 0.619941 0.0289687 0.0170657
0 0.987414 0.59196 0.0238906 0.0705399
0 0.941883 0.484906 0.0203594 0.0290141
0 0.415922 0.40973 0.0163438 0.0276761
0 0.322492 0.705962 0.0631719 0.027277
0 0.97 0.520211 0.0227187 0.0175117
0 0.819398 0.883815 0.0470781 0.0796479
0 0.952039 0.363239 0.0350469 0.0151174
0 0.994656 0.482113 0.0106875 0.0214554
0 0.140727 0.483838 0.0126094 0.0161737
0 0.79425 0.380904 0.0283125 0.028615
0 0.549563 0.656878 0.0110625 0.0206573
0 0.244 0.67162 0.03925 0.0447887
0 0.602086 0.540293 0.00776562 0.0184272
0 0.958711 0.379507 0.0438281 0.0220657
0 0.147164 0.423192 0.00823437 0.0165258
0 0.696547 0.58554 0.0229062 0.0390141
0 0.709148 0.812007 0.0182344 0.0874883
0 0.141039 0.504202 0.0148906 0.00962441
0 0.315969 0.524096 0.0248125 0.0529812
0 0.798187 0.914742 0.0281563 0.0253521
0 0.298891 0.744261 0.05425 0.021385
0 0.776352 0.670117 0.0130156 0.0333333
0 0.346844 0.620106 0.047 0.0302582
0 0.294234 0.683298 0.0504375 0.0233099
0 0.586953 0.617852 0.00728125 0.013216
0 0.833461 0.873756 0.0293906 0.0929577
0 0.980422 0.538568 0.0391562 0.029108
0 0.231047 0.761972 0.0481562 0.0221596
0 0.647922 0.60939 0.0164375 0.0426761
0 0.892563 0.535129 0.0160625 0.0127465
0 0.85193 0.764143 0.0164219 0.0745775
0 0.741297 0.935951 0.0537188 0.071338
0 0.425609 0.698545 0.0577187 0.0488263
0 0.944547 0.408216 0.0397188 0.0211268
0 0.1215 0.496573 0.0134375 0.00995305
0 0.751148 0.431432 0.0103281 0.0183568
0 0.231516 0.803721 0.043625 0.0376761
0 0.945875 0.546913 0.00571875 0.00805164
0 0.26382 0.710106 0.0498906 0.0373005
0 0.736938 0.666878 0.00946875 0.0085446
0 0.310672 0.347007 0.00475 0.00622066
0 0.302594 0.429049 0.0259688 0.0514319
0 0.15382 0.510692 0.0115781 0.00697183
0 0.877859 0.839566 0.0260625 0.0975352
