2 0.216305 0.100833 0.312672 0.201667
2 0.846492 0.612656 0.269359 0.172312
2 0.50125 0.135958 0.306125 0.271917
2 0.149477 0.185188 0.198641 0.247042
2 0.777398 0.276583 0.166953 0.2695
2 0.920547 0.242 0.156031 0.245167
2 0.320805 0.0644688 0.179078 0.124479
2 0.848945 0.429042 0.137766 0.149208
2 0.446805 0.0284167 0.110578 0.0557917
2 0.76293 0.0855 0.188484 0.171
2 0.691813 0.326927 0.130781 0.185646
2 0.0678438 0.190531 0.0913125 0.172813
2 0.653844 0.222604 0.170219 0.180917
2 0.64807 0.0474792 0.0562344 0.0949583
