0 0.210625 0.817594 0.0328437 0.0194375
0 0.410047 0.896021 0.02525 0.0237083
0 0.311758 0.917802 0.0137969 0.0151875
0 0.368508 0.851292 0.0158906 0.0186667
0 0.371625 0.809365 0.027875 0.0171875
0 0.389039 0.939656 0.0362344 0.0258542
0 0.381383 0.9885 0.0149219 0.023
0 0.269789 0.809531 0.0229844 0.0136875
0 0.163352 0.937312 0.0253906 0.0587083
0 0.471812 0.924344 0.0232187 0.0132292
0 0.243375 0.838938 0.0248125 0.015625
0 0.323375 0.827156 0.0151875 0.0133542
0 0.42807 0.912521 0.0137656 0.0132917
0 0.26993 0.876687 0.0121094 0.044625
0 0.0666719 0.925354 0.0137813 0.04725
0 0.281531 0.866635 0.0109375 0.0315208
0 0.0988359 0.901802 0.0192344 0.0507708
0 0.0761484 0.912563 0.0155781 0.0410417
0 0.285391 0.84749 0.0314063 0.0258542
0 0.267773 0.855385 0.0184531 0.0323125
0 0.0128906 0.955438 0.025 0.03025
0 0.423367 0.948552 0.0149219 0.0298542
0 0.187141 0.964562 0.0198125 0.0410417
0 0.0942344 0.948125 0.0136562 0.0284583
0 0.296766 0.830896 0.0314375 0.0126667
0 0.391398 0.834406 0.0278906 0.0174375
0 0.314703 0.980771 0.0313437 0.0369167
0 0.297102 0.821542 0.0221094 0.0112917
0 0.31625 0.875573 0.0305625 0.0192292
0 0.479578 0.880938 0.0268125 0.02675
0 0.211602 0.878906 0.0182656 0.0199792
0 0.375906 0.874031 0.00821875 0.0090625
0 0.45268 0.985896 0.0236406 0.0169167
0 0.244258 0.905458 0.0384844 0.026625
0 0.395641 0.815885 0.0315937 0.0131042
0 0.450039 0.863917 0.0304844 0.0243333
0 0.304891 0.881083 0.0240313 0.0172083
0 0.225969 0.946365 0.0322188 0.0344792
0 0.129445 0.967562 0.0206406 0.0279167
0 0.207289 0.971958 0.0170469 0.050875
0 0.454641 0.922687 0.0200938 0.025125
0 0.40382 0.961531 0.0207656 0.0307708
0 0.393258 0.904969 0.0158281 0.0269792
0 0.334727 0.950104 0.0468281 0.03175
0 0.401906 0.834281 0.0276875 0.0161458
0 0.245203 0.940427 0.0275 0.0274375
0 0.192133 0.847135 0.0180781 0.0120625
0 0.416437 0.825969 0.0181875 0.0129375
0 0.417063 0.818708 0.02125 0.0133333
0 0.466039 0.979062 0.0278906 0.0369167
0 0.432742 0.879219 0.0167344 0.0331042
0 0.315844 0.828854 0.0138437 0.0115417
0 0.135867 0.904833 0.0277656 0.02625
0 0.30243 0.839094 0.00873437 0.0079375
0 0.261523 0.815135 0.0209531 0.0158958
0 0.236547 0.922073 0.0172813 0.0193125
0 0.4475 0.874927 0.0167187 0.0271875
0 0.196445 0.901333 0.0167344 0.0338333
0 0.471328 0.866281 0.00865625 0.0069375
0 0.205516 0.938896 0.020125 0.0421667
0 0.291664 0.91476 0.0356719 0.0197292
0 0.470742 0.89274 0.0182656 0.0336458
0 0.467617 0.914479 0.0293594 0.01675
0 0.37275 0.80199 0.0307187 0.0141458
0 0.441 0.881979 0.0161563 0.0364167
0 0.191078 0.876844 0.0235938 0.0136875
0 0.241719 0.969979 0.0223125 0.0218333
0 0.269781 0.934885 0.0226562 0.0114375
0 0.0850703 0.891031 0.0220156 0.0385625
0 0.402008 0.899125 0.0214219 0.024875
0 0.380469 0.94551 0.0313437 0.0279375
0 0.234617 0.839521 0.0345156 0.015
0 0.151398 0.882104 0.0419844 0.0406667
0 0.410578 0.995417 0.0226875 0.00866667
0 0.236031 0.908417 0.030625 0.0276667
0 0.126141 0.931531 0.0265312 0.0307708
0 0.483578 0.872698 0.0240938 0.0248542
0 0.227406 0.86576 0.04125 0.0166875
0 0.368641 0.819094 0.0232812 0.0141042
0 0.364133 0.956625 0.0209531 0.035625
0 0.444906 0.995958 0.0163438 0.00666667
0 0.178016 0.851115 0.0207813 0.0222292
0 0.377195 0.956927 0.0192344 0.0271875
0 0.342773 0.962563 0.0511406 0.0230833
0 0.11143 0.866281 0.0242344 0.0176875
0 0.470742 0.972823 0.0265469 0.0346042
0 0.362008 0.862573 0.0334531 0.0164792
0 0.347148 0.852656 0.0167344 0.0128125
0 0.0356953 0.949344 0.0190469 0.0289792
0 0.268156 0.835125 0.015375 0.00870833
0 0.134523 0.890885 0.0121094 0.00560417
0 0.1365 0.964208 0.0235 0.0435417
0 0.405141 0.941396 0.0176563 0.0256667
0 0.191914 0.929052 0.0110781 0.0524792
0 0.145906 0.957292 0.0121875 0.0221667
0 0.229 0.881813 0.0230625 0.0191667
0 0.209313 0.826979 0.0375937 0.018875
0 0.347578 0.820156 0.0287187 0.0122708
0 0.0840078 0.941083 0.0237969 0.017875
0 0.375805 0.968802 0.0215469 0.0180625
0 0.17857 0.923646 0.0195469 0.039875
0 0.287992 0.867115 0.0151094 0.0262708
0 0.253375 0.827625 0.0150937 0.0207917
0 0.425945 0.978198 0.0290469 0.0158958
0 0.340656 0.984875 0.0286563 0.03025
0 0.063625 0.905604 0.0242812 0.055375
0 0.451234 0.932573 0.025 0.0358958
0 0.0653672 0.975125 0.0134531 0.045125
0 0.172586 0.952177 0.0169219 0.0376875
0 0.360547 0.837031 0.0313125 0.0138125
0 0.342859 0.842063 0.0194375 0.00975
0 0.324156 0.811135 0.0270937 0.0194375
0 0.269953 0.916708 0.0106563 0.0109583
0 0.145672 0.892813 0.030125 0.0441667
0 0.30018 0.985281 0.0106719 0.0175208
0 0.296187 0.864615 0.010375 0.0163958
0 0.29475 0.98949 0.0095 0.0210208
