1 0.437164 0.463867 0.0231406 0.018014
1 0.419438 0.607301 0.033875 0.0575
1 0.137453 0.648551 0.0423125 0.0374766
1 0.436687 0.300245 0.019625 0.024743
1 0.513031 0.342301 0.024375 0.024743
1 0.505359 0.367687 0.03025 0.0298598
1 0.420992 0.367967 0.0303594 0.0228972
1 0.482094 0.384731 0.021875 0.0184346
1 0.498156 0.544054 0.036375 0.0448364
1 0.170828 0.639334 0.0264375 0.0496028
1 0.109844 0.682126 0.0382188 0.0451402
1 0.140586 0.719264 0.0400156 0.0527336
1 0.653805 0.423855 0.0212344 0.0375234
1 0.170898 0.720012 0.0367656 0.0417523
1 0.191828 0.681974 0.0340937 0.0404907
1 0.192602 0.65625 0.0317969 0.0215187
1 0.104945 0.71764 0.0366406 0.0380374
1 0.637617 0.429953 0.0238594 0.0368692
1 0.658508 0.43986 0.0161406 0.0259346
1 0.408508 0.346881 0.0346406 0.0250234
1 0.444172 0.388481 0.0181562 0.0219626
1 0.409844 0.320421 0.0250625 0.0314953
1 0.43818 0.366168 0.0251094 0.0203738
1 0.204695 0.690958 0.0402031 0.0499065
1 0.500617 0.312033 0.00845313 0.0126636
1 0.348453 0.524591 0.0320625 0.0578271
