0 0.547185 0.779328 0.0625935 0.0185625
0 0.601484 0.778219 0.0554907 0.00790625
0 0.638995 0.672664 0.0794393 0.0668281
0 0.935666 0.664109 0.0353505 0.0548125
0 0.92778 0.662102 0.0414486 0.0503906
0 0.586869 0.803734 0.036729 0.0110312
0 0.545082 0.792461 0.0554907 0.0115156
0 0.605946 0.790805 0.0473131 0.0206094
0 0.530526 0.806227 0.0522664 0.0246094
0 0.633715 0.802164 0.0558879 0.0180156
0 0.846881 0.804602 0.043715 0.0190781
0 0.415794 0.891352 0.0454206 0.0237031
0 0.582558 0.786883 0.0151636 0.0133906
0 0.489801 0.790687 0.0381075 0.017
0 0.48111 0.804703 0.0503037 0.017125
0 0.95604 0.663398 0.0379673 0.0460469
0 0.831916 0.837562 0.0339252 0.01925
