2 0.281887 0.221928 0.0606373 0.0519608
2 0.165899 0.109085 0.0671242 0.0366013
2 0.0787255 0.295327 0.124935 0.105131
2 0.341503 0.207108 0.0306209 0.0335621
2 0.209052 0.29107 0.0551961 0.0722712
2 0.160842 0.265041 0.0696569 0.0669118
2 0.18165 0.223235 0.0689542 0.0420588
2 0.243513 0.125564 0.0595752 0.0324346
2 0.281691 0.14268 0.0367157 0.055915
2 0.306634 0.145253 0.0299673 0.0360294
2 0.123995 0.16652 0.0532843 0.0487908
2 0.233497 0.172851 0.0639216 0.0815523
2 0.119306 0.187827 0.0751797 0.063268
1 0.311373 0.750008 0.221242 0.149657
1 0.341912 0.487312 0.180261 0.178088
1 0.27143 0.856373 0.248611 0.188072
1 0.488235 0.828905 0.215686 0.226307
1 0.467778 0.706846 0.172288 0.190229
