0 0.736382 0.423141 0.0281265 0.0264375
0 0.685504 0.402305 0.0287588 0.00904687
0 0.689145 0.366187 0.0296253 0.0204375
0 0.56877 0.385555 0.0157611 0.00789063
0 0.360632 0.432461 0.0183138 0.0110469
0 0.32644 0.363398 0.0149415 0.0147969
0 0.685328 0.418648 0.0329508 0.0134844
0 0.703864 0.546648 0.00777518 0.00798438
0 0.679391 0.401297 0.0223419 0.0104375
0 0.473009 0.40543 0.011452 0.00917187
0 0.572717 0.454742 0.0290867 0.0141406
0 0.680738 0.430188 0.0329508 0.0215625
0 0.430761 0.435891 0.0256909 0.00765625
0 0.30315 0.432727 0.0148712 0.0169531
0 0.345504 0.376141 0.0189696 0.01
0 0.348138 0.530172 0.0093911 0.0154375
0 0.431089 0.365594 0.020726 0.023375
0 0.472857 0.356055 0.0245433 0.0171719
