0 0.772117 0.308369 0.0197031 0.0529343
0 0.713375 0.538099 0.0783125 0.278779
0 0.798539 0.416138 0.114109 0.210117
0 0.261523 0.391866 0.0498906 0.0936385
0 0.668008 0.285669 0.0556719 0.0789906
0 0.217992 0.444531 0.0269219 0.124272
0 0.149992 0.631455 0.0921094 0.163897
0 0.109891 0.589507 0.0574687 0.202441
0 0.849688 0.550915 0.0644062 0.194554
0 0.402906 0.256784 0.0549687 0.062723
0 0.745391 0.327124 0.0446875 0.0891315
0 0.0879687 0.43966 0.0680937 0.223357
0 0.654148 0.561737 0.0447969 0.0423005
0 0.0296875 0.611021 0.0581562 0.229366
0 0.300687 0.332653 0.073875 0.079108
0 0.798805 0.377676 0.0877656 0.110986
0 0.698562 0.4227 0.161781 0.098216
0 0.654953 0.499918 0.0439375 0.0991315
0 0.158742 0.716138 0.0673281 0.105141
0 0.57582 0.269354 0.0424531 0.125892
0 0.782984 0.350857 0.0934062 0.0703991
0 0.187984 0.482136 0.0375937 0.213192
0 0.164719 0.445728 0.0281875 0.159155
0 0.244852 0.52581 0.0473281 0.110211
0 0.275023 0.50196 0.0177656 0.0453286
0 0.644453 0.284906 0.029375 0.0597183
0 0.245047 0.406045 0.045 0.0673474
0 0.330328 0.382535 0.0910312 0.192676
0 0.226938 0.503592 0.0660937 0.154883
0 0.820891 0.307676 0.054875 0.0369014
0 0.199641 0.655493 0.0624062 0.2277
0 0.0231719 0.43615 0.0410937 0.234883
0 0.751328 0.548169 0.0886563 0.258779
0 0.632547 0.34743 0.0640312 0.0725117
0 0.800844 0.53385 0.0722812 0.1877
0 0.730266 0.309178 0.0710937 0.105258
0 0.173812 0.383122 0.0286563 0.0546479
0 0.362875 0.633087 0.0649062 0.258662
0 0.0616719 0.45743 0.0371563 0.240869
0 0.523883 0.229108 0.0421094 0.041784
0 0.123977 0.406455 0.0277969 0.0950704
0 0.0463516 0.714531 0.0254219 0.0647887
0 0.0720391 0.572664 0.0610156 0.153263
0 0.341805 0.478662 0.0257344 0.0922535
0 0.878469 0.546901 0.0480625 0.189343
0 0.233469 0.334237 0.0770625 0.0474413
0 0.545781 0.241784 0.020375 0.0468075
0 0.14025 0.482664 0.03475 0.218286
0 0.330234 0.466761 0.007 0.0315962
0 0.704852 0.344906 0.0366406 0.0438498
0 0.845187 0.373862 0.07075 0.173826
0 0.810703 0.388556 0.0452188 0.0870188
0 0.691219 0.375869 0.143687 0.0628638
0 0.257727 0.611103 0.0896094 0.229202
0 0.592094 0.27858 0.0330625 0.101291
0 0.334859 0.641878 0.0416875 0.251737
0 0.614883 0.295822 0.0312656 0.0764319
0 0.888898 0.419742 0.0431406 0.211268
0 0.107969 0.732923 0.0511875 0.0826056
0 0.454352 0.239401 0.0177344 0.0215258
