0 0.814578 0.141936 0.0331562 0.0828922
0 0.445914 0.645429 0.0578906 0.103652
0 0.328625 0.564534 0.0396562 0.12951
0 0.248281 0.65712 0.051625 0.112034
0 0.258727 0.645049 0.0556719 0.115882
0 0.772148 0.162267 0.0408281 0.0961029
0 0.313469 0.641324 0.0887813 0.121618
0 0.765898 0.0879167 0.0396094 0.115
0 0.363398 0.560625 0.0441719 0.0868873
0 0.39 0.622451 0.05875 0.0854412
0 0.376945 0.539265 0.0594844 0.0861275
0 0.796195 0.200294 0.0338594 0.0802941
0 0.796211 0.0984926 0.0281094 0.0856127
0 0.422359 0.637733 0.0582812 0.0952696
0 0.34607 0.578775 0.0415156 0.116569
0 0.484586 0.547757 0.0567969 0.051152
0 0.375281 0.550355 0.0544063 0.0804657
0 0.294445 0.63625 0.0943906 0.131765
