0 0.223953 0.842624 0.0515625 0.203082
0 0.344719 0.255612 0.059625 0.162565
0 0.364383 0.878541 0.0644844 0.111247
0 0.154484 0.234482 0.0430313 0.173106
0 0.294094 0.193482 0.0387188 0.171859
0 0.365539 0.332647 0.0394531 0.127271
0 0.2105 0.565506 0.0708438 0.148471
0 0.331648 0.235976 0.0576719 0.165976
0 0.171297 0.273576 0.0266562 0.0595294
0 0.311797 0.218365 0.0510938 0.170894
0 0.264688 0.196624 0.03975 0.170094
0 0.184844 0.200635 0.0390313 0.174165
0 0.320906 0.728694 0.0430313 0.142188
0 0.338172 0.782882 0.035625 0.0579529
0 0.335555 0.385212 0.0326406 0.0367294
0 0.19943 0.842329 0.0319219 0.165176
0 0.34732 0.331506 0.0598906 0.102729
0 0.156234 0.3196 0.0475313 0.0832
0 0.336828 0.412012 0.031 0.0404
0 0.369453 0.510435 0.0922813 0.110329
0 0.153703 0.280412 0.0471875 0.120212
0 0.331352 0.864788 0.0519531 0.135224
0 0.348961 0.294071 0.0602969 0.128282
0 0.328242 0.406329 0.0364531 0.0289882
0 0.179867 0.390529 0.0288594 0.0269412
0 0.159391 0.206741 0.026 0.127459
0 0.197273 0.405482 0.0126719 0.0161882
0 0.312008 0.422294 0.0219844 0.0193176
0 0.176805 0.497353 0.0353906 0.0635529
0 0.166313 0.359024 0.04175 0.0507529
0 0.275828 0.241788 0.0212812 0.102965
0 0.380414 0.578694 0.0552656 0.0778588
0 0.209258 0.189941 0.0457344 0.162329
0 0.236156 0.201035 0.0400937 0.171953
