0 0.16288 0.30544 0.02328 0.0507733
0 0.56191 0.282907 0.03486 0.0261867
0 0.22334 0.335373 0.03596 0.0633333
0 0.17925 0.310707 0.03326 0.0498933
0 0.19505 0.391 0.01318 0.0465867
0 0.58652 0.302187 0.02096 0.0346133
0 0.92381 0.319427 0.0325 0.0236
0 0.60963 0.231 0.01046 0.0344267
0 0.73432 0.314827 0.04792 0.0425067
0 0.27997 0.290893 0.0277 0.07
0 0.34076 0.36296 0.02288 0.02128
0 0.15911 0.282707 0.03886 0.0554933
0 0.92837 0.375227 0.01914 0.0539733
0 0.71835 0.428467 0.01462 0.0636
0 0.16385 0.641267 0.03214 0.0660533
0 0.64675 0.23132 0.0283 0.11272
0 0.05873 0.262747 0.03558 0.02192
0 0.20946 0.550173 0.05984 0.03768
0 0.81092 0.348147 0.0232 0.05848
0 0.90243 0.37268 0.03658 0.0577333
0 0.63499 0.303067 0.01558 0.02
0 0.19157 0.63408 0.04314 0.0427733
0 0.33353 0.31088 0.03698 0.0743467
0 0.94143 0.29832 0.03154 0.0279467
0 0.35137 0.300093 0.04994 0.0534667
0 0.36508 0.557947 0.04612 0.0661333
0 0.61242 0.246707 0.0238 0.06136
0 0.21616 0.248413 0.02544 0.0426933
0 0.88763 0.451413 0.02518 0.0781867
0 0.81046 0.382307 0.01692 0.0671733
0 0.42546 0.396587 0.04364 0.04128
0 0.87151 0.48764 0.03094 0.03544
0 0.39188 0.337427 0.0262 0.0756
0 0.28258 0.376547 0.05076 0.0617867
0 0.15793 0.383413 0.01066 0.0355733
0 0.23639 0.642707 0.0275 0.0742667
0 0.5222 0.27 0.03116 0.0364267
0 0.8366 0.250133 0.02812 0.0711467
0 0.17352 0.572787 0.039 0.0738933
0 0.308 0.358947 0.01904 0.0404
0 0.2232 0.676653 0.01272 0.0347467
0 0.77837 0.32544 0.02462 0.0307733
0 0.67437 0.272973 0.0347 0.0621067
0 0.45746 0.380547 0.0386 0.0327733
0 0.3426 0.254413 0.03812 0.05464
0 0.67278 0.319733 0.03308 0.03744
0 0.35496 0.62892 0.03512 0.0623733
0 0.19742 0.629347 0.01232 0.0171467
0 0.2132 0.386533 0.03048 0.0436267
0 0.55969 0.212307 0.04154 0.0436
0 0.69941 0.198333 0.05634 0.0566667
0 0.61638 0.30592 0.03284 0.0533867
0 0.96336 0.401787 0.0388 0.0402133
0 0.22257 0.294507 0.05018 0.07504
0 0.53734 0.209307 0.05804 0.0268267
0 0.53557 0.314093 0.03558 0.0246133
0 0.61692 0.32416 0.01828 0.0415467
0 0.37238 0.62476 0.04692 0.04936
0 0.51918 0.2952 0.0398 0.02688
0 0.70396 0.429707 0.01408 0.0573867
0 0.27477 0.62944 0.05514 0.0552
0 0.25182 0.299787 0.0302 0.0959467
0 0.41155 0.337347 0.02954 0.06232
0 0.81908 0.297867 0.03192 0.0828267
0 0.46051 0.35608 0.06262 0.0273067
0 0.27491 0.360427 0.0225 0.03872
0 0.60329 0.372307 0.03046 0.0194933
0 0.71444 0.3712 0.01904 0.0571733
0 0.209 0.2348 0.02352 0.0354133
0 0.58249 0.239493 0.04674 0.0543467
0 0.08575 0.317213 0.01846 0.0528267
0 0.22626 0.632093 0.0258 0.0726667
0 0.39998 0.4486 0.0146 0.02296
0 0.28728 0.615707 0.0348 0.0368533
0 0.46607 0.304347 0.01326 0.0333333
0 0.45875 0.36124 0.04854 0.0481333
0 0.62816 0.322307 0.0196 0.03592
0 0.35817 0.247867 0.03038 0.0356267
0 0.18797 0.56244 0.04366 0.05512
0 0.94787 0.36844 0.02422 0.02872
0 0.40595 0.404 0.02538 0.0440533
0 0.44293 0.379627 0.03654 0.04816
0 0.88067 0.317627 0.08162 0.0884267
0 0.34458 0.628307 0.03348 0.0766133
0 0.39567 0.43724 0.01422 0.0194933
0 0.31057 0.270947 0.02442 0.0361333
0 0.24421 0.637613 0.0267 0.0860533
0 0.75546 0.232093 0.04088 0.0513333
0 0.85494 0.408107 0.06544 0.0410667
0 0.35113 0.285893 0.03866 0.0410133
0 0.67316 0.365307 0.01944 0.0590933
0 0.59964 0.328387 0.02312 0.0545867
0 0.2975 0.31204 0.0238 0.0875467
0 0.36785 0.26852 0.01922 0.00973333
0 0.33801 0.23988 0.00642 0.0238667
0 0.77556 0.25952 0.03968 0.0545067
0 0.18032 0.325253 0.03164 0.0894933
0 0.1986 0.324467 0.0148 0.08648
0 0.72279 0.323907 0.02818 0.0529333
0 0.59949 0.24424 0.02402 0.0622933
0 0.25765 0.361933 0.04766 0.0641867
0 0.33138 0.36564 0.02944 0.0369333
0 0.86603 0.247907 0.02694 0.0610933
0 0.95335 0.316667 0.02114 0.0461333
0 0.09272 0.314613 0.015 0.0482133
0 0.68795 0.40836 0.01186 0.0304267
0 0.3244 0.33184 0.03472 0.0433067
0 0.28191 0.612827 0.04826 0.06256
0 0.23277 0.581667 0.0375 0.0320267
0 0.20885 0.674827 0.01562 0.0228267
0 0.89477 0.329867 0.04974 0.0602667
0 0.69113 0.455493 0.01082 0.06032
0 0.33027 0.570987 0.0307 0.0893333
0 0.89172 0.247827 0.04692 0.06488
0 0.71286 0.260293 0.0198 0.0218667
0 0.28251 0.60044 0.02962 0.02232
0 0.69884 0.39464 0.0296 0.02208
0 0.90507 0.36812 0.05058 0.128453
0 0.52426 0.22672 0.05992 0.02432
0 0.27075 0.4052 0.04594 0.0464
0 0.93882 0.463773 0.03484 0.0484
0 0.85486 0.383667 0.01988 0.05416
0 0.37112 0.64332 0.0408 0.04168
0 0.36722 0.668227 0.0136 0.0148
0 0.96145 0.279587 0.0731 0.0338933
0 0.90606 0.482867 0.01836 0.103173
0 0.35023 0.563133 0.04574 0.0743733
0 0.27312 0.30684 0.01616 0.05256
0 0.87747 0.294307 0.02658 0.03784
0 0.70908 0.312493 0.026 0.0886133
0 0.32182 0.614933 0.00796 0.0285333
0 0.63546 0.319773 0.00996 0.0209867
0 0.42491 0.421653 0.01502 0.0226133
0 0.86465 0.42764 0.05826 0.0535733
0 0.39958 0.413787 0.01944 0.0466667
0 0.20645 0.614 0.01886 0.0366933
0 0.7475 0.305293 0.04128 0.03864
0 0.93272 0.49904 0.031 0.03008
0 0.40541 0.33808 0.03558 0.07152
0 0.16686 0.382907 0.01388 0.03648
0 0.29138 0.402827 0.02636 0.0292267
0 0.78775 0.303613 0.02958 0.04456
0 0.26393 0.296787 0.03346 0.0915467
0 0.5497 0.27552 0.03424 0.0571733
0 0.18909 0.612253 0.01774 0.0489867
0 0.21691 0.282813 0.0271 0.0364
0 0.70758 0.47064 0.025 0.0545067
0 0.78139 0.267693 0.05766 0.06856
0 0.77371 0.254387 0.0317 0.0417867
0 0.79095 0.32268 0.02258 0.0480267
0 0.65531 0.320147 0.0305 0.0424267
0 0.63269 0.349067 0.04198 0.03392
0 0.67104 0.22244 0.04884 0.0843467
0 0.91518 0.45628 0.0198 0.0643467
0 0.63905 0.274 0.02354 0.0681067
0 0.94239 0.39448 0.03078 0.0330667
0 0.59951 0.290773 0.0075 0.0292267
0 0.68655 0.20724 0.05538 0.0735733
0 0.65075 0.349027 0.01502 0.01592
0 0.28434 0.304093 0.01412 0.0909067
0 0.73639 0.237987 0.01986 0.0521867
0 0.21173 0.355613 0.01538 0.04408
0 0.84768 0.29444 0.0176 0.0236
0 0.81503 0.24056 0.01262 0.05744
0 0.46919 0.2892 0.01662 0.016
0 0.69508 0.268333 0.02556 0.0315467
0 0.21973 0.344307 0.03134 0.07064
0 0.06368 0.24432 0.0252 0.0330667
0 0.58726 0.323533 0.0082 0.0197067
0 0.18088 0.635027 0.04172 0.0553867
0 0.28298 0.65056 0.06304 0.0433067
0 0.86839 0.396187 0.02174 0.07152
0 0.20295 0.567627 0.0525 0.0520533
0 0.43693 0.309093 0.02182 0.0673067
0 0.57916 0.323213 0.02028 0.0507467
0 0.93476 0.417067 0.025 0.0309333
0 0.04241 0.293053 0.02758 0.03176
0 0.45287 0.300387 0.02058 0.0530933
0 0.14433 0.621827 0.02182 0.0626933
0 0.55678 0.238187 0.03148 0.03616
0 0.16188 0.344507 0.01824 0.0435733
0 0.14413 0.33148 0.01662 0.018
0 0.14364 0.312813 0.01788 0.0169333
0 0.25688 0.632173 0.02756 0.0728267
0 0.9497 0.343853 0.04404 0.0246133
0 0.01825 0.31676 0.01438 0.0431733
0 0.62912 0.3416 0.02596 0.0266667
0 0.43803 0.45028 0.01898 0.0261067
0 0.18177 0.383147 0.01954 0.0421333
0 0.7877 0.260813 0.01808 0.0364
0 0.17412 0.409747 0.02116 0.0302667
0 0.02623 0.320213 0.00854 0.03456
0 0.41864 0.4352 0.01836 0.0171733
0 0.7247 0.376267 0.01156 0.0405867
0 0.24681 0.24772 0.02218 0.0295733
0 0.87649 0.365173 0.00794 0.02016
0 0.05062 0.271667 0.04112 0.03192
0 0.70101 0.36404 0.01206 0.04872
0 0.94835 0.433213 0.02578 0.02744
0 0.62374 0.247133 0.02328 0.0591733
0 0.04383 0.283587 0.0321 0.0394933
0 0.34932 0.33344 0.02268 0.0269333
0 0.24386 0.587253 0.01192 0.0197333
0 0.70662 0.191667 0.0602 0.04232
0 0.91191 0.241 0.0295 0.0629067
0 0.85804 0.285933 0.02784 0.0213067
0 0.10055 0.271613 0.01942 0.0569867
0 0.36727 0.55268 0.0217 0.0423733
0 0.20949 0.603933 0.02002 0.01864
