0 0.720672 0.444353 0.0378437 0.0850824
0 0.507586 0.805365 0.231891 0.152329
0 0.520266 0.383 0.205031 0.122329
0 0.312281 0.812212 0.0901875 0.144471
0 0.766344 0.550024 0.141031 0.2056
0 0.646383 0.632212 0.0694844 0.100094
0 0.449492 0.146012 0.0525469 0.104494
0 0.393453 0.625 0.123969 0.218706
0 0.309211 0.232412 0.251578 0.215129
0 0.566305 0.780118 0.137297 0.0870588
0 0.313867 0.456612 0.143047 0.142494
0 0.838547 0.513776 0.0379688 0.0644941
0 0.892172 0.412659 0.0280938 0.0934118
0 0.211695 0.786341 0.208797 0.192071
0 0.286555 0.954412 0.0977969 0.0888706
0 0.664258 0.705518 0.0726406 0.0370588
0 0.0677344 0.633176 0.133656 0.144565
0 0.883125 0.573718 0.0257188 0.0756235
0 0.274422 0.304059 0.282719 0.371976
0 0.472336 0.906376 0.0969219 0.181882
0 0.733453 0.672494 0.112594 0.150918
0 0.132617 0.645224 0.222172 0.2784
0 0.196594 0.341659 0.20725 0.547082
0 0.92775 0.875282 0.0321875 0.1084
0 0.567086 0.557965 0.0996406 0.1692
0 0.658508 0.914906 0.0805469 0.0884941
0 0.38918 0.859506 0.0739219 0.280988
0 0.465758 0.517376 0.172547 0.369718
0 0.3635 0.372553 0.248406 0.285106
0 0.28657 0.700659 0.129734 0.111765
0 0.936695 0.382624 0.0478594 0.0523059
0 0.691539 0.909412 0.0732656 0.0874353
0 0.815703 0.512235 0.0354063 0.0587294
0 0.909625 0.653482 0.0342812 0.0524235
0 0.113656 0.303482 0.159219 0.606965
0 0.615047 0.659882 0.11275 0.0821647
0 0.748555 0.797224 0.0721719 0.0376471
0 0.86832 0.620188 0.0390469 0.0942588
0 0.550805 0.934729 0.0787656 0.122588
0 0.811078 0.359341 0.071625 0.133553
0 0.476594 0.641282 0.20675 0.222047
0 0.867977 0.318529 0.0460156 0.0961647
0 0.49643 0.274118 0.114266 0.177506
0 0.256891 0.894847 0.115656 0.0669647
0 0.907281 0.7012 0.031625 0.0476235
0 0.563234 0.692671 0.0393125 0.112165
0 0.415148 0.165929 0.0482344 0.08
0 0.755766 0.671071 0.0433125 0.0715059
0 0.646336 0.741 0.118203 0.0624706
0 0.779227 0.421247 0.0567656 0.116235
0 0.722883 0.556071 0.0872031 0.0782118
0 0.865437 0.514059 0.028125 0.0724
0 0.0653672 0.729518 0.130734 0.0929647
0 0.833578 0.649647 0.0475313 0.162212
0 0.784227 0.323859 0.0792656 0.124753
0 0.13268 0.821694 0.202516 0.124565
0 0.148484 0.927318 0.0754375 0.0971765
0 0.77975 0.654718 0.0484062 0.137059
0 0.14518 0.465776 0.272297 0.47
0 0.947344 0.282306 0.0776563 0.130776
0 0.632805 0.957082 0.0916094 0.0858353
0 0.790398 0.295518 0.0797031 0.116165
0 0.754148 0.409353 0.0535469 0.102047
0 0.974422 0.393847 0.0429062 0.0615294
0 0.955719 0.468129 0.020875 0.0428941
0 0.754687 0.491776 0.0355 0.0749882
0 0.864602 0.4116 0.0252656 0.0684235
0 0.891844 0.661424 0.0124375 0.0619529
0 0.624547 0.881671 0.0830937 0.0725647
0 0.900797 0.503659 0.0506562 0.0828
0 0.404375 0.489176 0.0830313 0.0969882
0 0.530563 0.241341 0.109969 0.299294
0 0.960672 0.251718 0.0367188 0.0582588
0 0.677781 0.540612 0.134 0.129129
0 0.596344 0.275294 0.179906 0.366165
0 0.0957422 0.882976 0.191484 0.234047
