0 0.345922 0.824014 0.0307187 0.075493
0 0.191469 0.471326 0.0130625 0.0347183
0 0.656813 0.947324 0.0417187 0.0619249
0 0.498641 0.882441 0.0226875 0.0438498
0 0.129141 0.896948 0.0682813 0.0312207
0 0.264344 0.664108 0.0559375 0.14615
0 0.239867 0.803369 0.0307656 0.0757981
0 0.186953 0.565563 0.0240313 0.0465728
0 0.880937 0.75142 0.05525 0.0653286
0 0.291219 0.756901 0.0322188 0.0414085
0 0.666406 0.925399 0.0516875 0.0846479
0 0.833102 0.580458 0.0272969 0.0219014
0 0.652922 0.55419 0.016875 0.0273005
0 0.102914 0.426655 0.0131094 0.0109624
0 0.155656 0.510951 0.034125 0.0356573
0 0.394984 0.982336 0.112437 0.0342019
0 0.21968 0.454718 0.0163594 0.0182629
0 0.665555 0.539131 0.0168906 0.0302817
0 0.305328 0.814272 0.0363438 0.0502817
0 0.708148 0.683216 0.0177031 0.0161972
0 0.218523 0.39135 0.0117656 0.0256573
0 0.873328 0.30216 0.005125 0.0146009
0 0.571805 0.764789 0.0116094 0.0348826
0 0.00884375 0.601631 0.0176875 0.0246244
0 0.205469 0.564718 0.0355 0.0414554
0 0.601625 0.761162 0.0158438 0.0267371
0 0.482164 0.575728 0.0276406 0.0769484
0 0.825594 0.676479 0.0230625 0.0498122
0 0.517578 0.537653 0.0104688 0.0221596
0 0.387227 0.395998 0.0177344 0.0164085
0 0.411828 0.409049 0.0131562 0.0189906
0 0.810023 0.714014 0.0361406 0.087277
0 0.526367 0.792934 0.0177344 0.0266667
0 0.184227 0.648322 0.0508906 0.0373944
0 0.343648 0.540047 0.00982813 0.0281221
0 0.692141 0.920376 0.034875 0.0569484
0 0.545828 0.551643 0.022125 0.0449296
0 0.480805 0.942019 0.0585469 0.103803
0 0.871789 0.461585 0.0102344 0.0107746
0 0.268859 0.528697 0.0075 0.0202582
0 0.680406 0.454319 0.0278125 0.0407981
0 0.326742 0.834401 0.0343281 0.0820892
0 0.754914 0.423239 0.0332344 0.0425352
0 0.838727 0.629073 0.0205781 0.058615
0 0.172008 0.41723 0.0151719 0.032723
0 0.577867 0.827383 0.00845313 0.0209624
0 0.250242 0.875845 0.0779531 0.0800469
0 0.0518906 0.55385 0.0218438 0.0276995
0 0.464055 0.705681 0.0397969 0.0158685
0 0.0817422 0.816702 0.0257344 0.0473005
0 0.400453 0.377911 0.0116562 0.0383568
0 0.464758 0.576115 0.0382031 0.0772066
0 0.479461 0.653415 0.0279844 0.0308216
0 0.468641 0.72939 0.0223125 0.0338498
0 0.243633 0.953826 0.0743906 0.0923474
0 0.0545 0.693521 0.0585625 0.0782629
0 0.21007 0.665387 0.112984 0.104812
0 0.216391 0.953087 0.058 0.0938263
0 0.282133 0.687782 0.0537656 0.131291
0 0.457453 0.781467 0.02475 0.0665023
0 0.651203 0.577664 0.0137813 0.0241549
0 0.420016 0.456115 0.0221562 0.0276761
0 0.128125 0.448474 0.0105625 0.0244601
0 0.479563 0.628768 0.0357813 0.00969484
0 0.427375 0.914237 0.085625 0.0401643
0 0.830422 0.443756 0.0172187 0.0115493
0 0.353227 0.709308 0.0281406 0.0434977
0 0.44207 0.569953 0.0365156 0.0546479
0 0.266164 0.808028 0.0249531 0.0493897
0 0.860258 0.662101 0.0467656 0.0707277
0 0.540758 0.465939 0.0305469 0.0420657
0 0.66282 0.798016 0.0232969 0.0744836
0 0.798094 0.606244 0.026625 0.0492488
0 0.0259219 0.68993 0.0305625 0.0897653
0 0.43593 0.930481 0.0972344 0.0810563
0 0.413406 0.704566 0.017125 0.0139202
0 0.313984 0.537852 0.026 0.0257512
0 0.650492 0.654906 0.0451094 0.0428169
0 0.644656 0.541995 0.0224375 0.0324413
0 0.0911172 0.414225 0.0236719 0.0415493
0 0.631844 0.886385 0.025 0.0939437
0 0.842555 0.451984 0.0248594 0.00903756
0 0.0710781 0.68534 0.0718125 0.0572066
0 0.863398 0.72777 0.0700781 0.0384507
0 0.807969 0.596021 0.029 0.0402582
0 0.566359 0.871796 0.052875 0.0620892
0 0.806352 0.402183 0.0223281 0.018216
0 0.637266 0.742711 0.012375 0.0310094
0 0.21682 0.547441 0.0358281 0.0679812
0 0.209641 0.423486 0.0133125 0.00744131
0 0.698891 0.568251 0.0524063 0.018615
0 0.139742 0.73777 0.0427344 0.0292019
0 0.652195 0.757136 0.0378281 0.029108
0 0.312297 0.82743 0.035375 0.0783803
0 0.150094 0.437089 0.0182187 0.0333333
0 0.595047 0.701667 0.0164063 0.0185915
0 0.431836 0.695258 0.0184219 0.00615023
0 0.608953 0.518322 0.019 0.0142958
0 0.702141 0.594049 0.0257188 0.0238263
0 0.423875 0.78142 0.0229687 0.0343427
