0 0.510833 0.465656 0.0369167 0.0458438
0 0.678229 0.204133 0.076875 0.0362031
0 0.736365 0.147109 0.0693125 0.0462187
0 0.659906 0.154508 0.101187 0.0476719
0 0.817656 0.571789 0.0323125 0.0575469
0 0.0926354 0.113883 0.0591458 0.0763594
0 0.808354 0.265727 0.0735417 0.0465469
0 0.988812 0.256016 0.022375 0.0263437
0 0.107677 0.170063 0.0674375 0.04925
0 0.697906 0.322078 0.0482292 0.0418125
0 0.286937 0.117391 0.133625 0.0430938
0 0.739969 0.543125 0.0796458 0.0215625
0 0.294198 0.313437 0.0785208 0.03525
0 0.729542 0.572977 0.0400417 0.0154844
0 0.928802 0.187375 0.114479 0.05325
0 0.320604 0.15125 0.0880417 0.0344062
0 0.362083 0.13018 0.0359167 0.0177656
0 0.778052 0.562039 0.0607292 0.0362344
0 0.652594 0.323062 0.0637708 0.0377813
0 0.742885 0.19875 0.0742292 0.0595313
0 0.340979 0.245867 0.0539583 0.0252344
0 0.257198 0.173359 0.0764375 0.0467187
0 0.143208 0.323969 0.0672917 0.0536563
0 0.151958 0.156852 0.053875 0.0597031
0 0.168458 0.238148 0.0569167 0.0493906
0 0.148667 0.204461 0.0605 0.0395781
0 0.794448 0.206195 0.0500208 0.0582031
0 0.0129063 0.17443 0.0258125 0.0236719
0 0.262583 0.292273 0.093375 0.0387344
0 0.700417 0.242914 0.10125 0.0522344
0 0.278 0.25525 0.0754583 0.0388125
0 0.343229 0.196258 0.0521667 0.0370781
0 0.696677 0.174398 0.0974375 0.0589219
0 0.754188 0.263375 0.054125 0.044125
0 0.88075 0.147688 0.115125 0.0488125
0 0.843552 0.216562 0.0720208 0.06275
0 0.631938 0.239539 0.08275 0.0511719
0 0.220792 0.258273 0.080875 0.0412031
0 0.59451 0.205891 0.0572708 0.0304375
0 0.293625 0.181031 0.0857917 0.0345625
0 0.730167 0.353656 0.0517917 0.063375
0 0.135906 0.352367 0.0511875 0.0211719
0 0.0123646 0.335469 0.0229375 0.0325312
0 0.138521 0.117094 0.0495833 0.0363125
0 0.34525 0.207313 0.0537083 0.0237188
0 0.248104 0.340547 0.069 0.0592812
0 0.012625 0.413594 0.0244583 0.0234688
0 0.891969 0.292461 0.0393125 0.0143594
0 0.277 0.213984 0.0939583 0.0507187
0 0.940906 0.511656 0.0753125 0.0533438
0 0.094875 0.287859 0.097 0.0436563
0 0.047875 0.241719 0.09575 0.0443438
0 0.335437 0.302016 0.0590417 0.03475
0 0.0285208 0.131359 0.0437083 0.0577187
0 0.254896 0.134078 0.107958 0.0415
0 0.654875 0.282695 0.068 0.0419219
0 0.115771 0.250188 0.0627917 0.044125
0 0.315333 0.270961 0.069375 0.0372344
0 0.153229 0.277562 0.0577917 0.0441563
0 0.932729 0.148734 0.06925 0.0445938
0 0.344833 0.27218 0.0341667 0.0299219
0 0.0419896 0.20543 0.0818958 0.0419219
0 0.757896 0.582992 0.0430417 0.0209219
0 0.582052 0.228703 0.0283125 0.013
0 0.628146 0.196453 0.08125 0.0431875
0 0.760948 0.555414 0.0885208 0.0316094
0 0.109063 0.212492 0.0704167 0.0394531
0 0.0742292 0.306344 0.072125 0.026625
0 0.934146 0.221469 0.0615 0.0330625
0 0.0154792 0.393859 0.0309583 0.024875
0 0.0690417 0.248398 0.0755 0.0432969
0 0.84625 0.168617 0.0791667 0.0537344
0 0.84076 0.318117 0.0982292 0.0592344
0 0.78425 0.161 0.0572917 0.051
0 0.638 0.293539 0.0979167 0.0441094
0 0.220229 0.216188 0.0862917 0.0457188
0 0.89101 0.221633 0.0798542 0.0615781
0 0.319687 0.231555 0.0810417 0.0347344
0 0.305792 0.737875 0.0986667 0.0508438
0 0.0242396 0.307258 0.0484792 0.0391094
0 0.0188958 0.367031 0.0346667 0.0315937
0 0.101927 0.323617 0.0562292 0.0337969
0 0.353167 0.118922 0.0503333 0.0322812
0 0.798 0.315719 0.0720417 0.0726875
0 0.345271 0.171563 0.02875 0.014875
0 0.878229 0.271461 0.103667 0.0434219
0 0.1925 0.184 0.0567917 0.054375
0 0.608042 0.252148 0.08 0.0411406
0 0.317323 0.0964766 0.116687 0.0177031
0 0.848542 0.265914 0.106708 0.0507031
0 0.796979 0.350078 0.0883333 0.026125
0 0.357385 0.151313 0.0418958 0.0340312
0 0.279021 0.859461 0.092625 0.0347344
0 0.0394271 0.275414 0.0498542 0.0299531
0 0.712729 0.286039 0.0655 0.0527656
0 0.0604583 0.137 0.0365 0.0775937
0 0.862063 0.306727 0.102333 0.0332656
0 0.0646667 0.189617 0.0809583 0.0547031
0 0.209917 0.149875 0.06625 0.04825
0 0.761458 0.305859 0.0547917 0.0485938
0 0.208323 0.291102 0.0756458 0.0519844
0 0.358052 0.231781 0.0178125 0.00884375
0 0.0118333 0.443133 0.0236667 0.0170469
0 0.123406 0.141336 0.0176875 0.0232031
0 0.230917 0.0945312 0.057 0.04275
0 0.298948 0.330469 0.0848125 0.0284687
0 0.0317917 0.153437 0.0542083 0.0324375
