2 0.17443 0.591621 0.0952344 0.107847
2 0.286844 0.681015 0.0804375 0.120545
2 0.191172 0.6737 0.073125 0.0858168
2 0.281398 0.605285 0.0905156 0.106163
2 0.167281 0.749171 0.117594 0.108342
2 0.107586 0.614889 0.0494531 0.0690347
2 0.231094 0.555532 0.0400313 0.0689851
2 0.383094 0.612995 0.0759375 0.0909901
2 0.316281 0.54245 0.050125 0.0907921
2 0.459266 0.545396 0.060125 0.0866832
2 0.345398 0.514072 0.00914062 0.0309158
2 0.204813 0.546188 0.0214375 0.0500495
2 0.278523 0.523144 0.0615469 0.121188
2 0.427555 0.555371 0.0508281 0.0687129
2 0.123086 0.657649 0.0515781 0.0834158
2 0.307844 0.47026 0.0705 0.0544307
