0 0.601695 0.69607 0.0510781 0.0451628
0 0.921703 0.640523 0.0570937 0.038814
0 0.968281 0.400953 0.0262812 0.0391628
0 0.47818 0.143 0.0306719 0.0403721
0 0.401984 0.277826 0.0270937 0.0870465
0 0.492297 0.475977 0.0394375 0.0821395
0 0.912047 0.273453 0.01425 0.0463023
0 0.626969 0.658151 0.0247812 0.0595116
0 0.625938 0.832919 0.0222188 0.0356512
0 0.0730391 0.839116 0.0398594 0.0252093
0 0.120977 0.11986 0.0176406 0.0402326
0 0.71057 0.772791 0.0354844 0.0333953
0 0.301164 0.47164 0.0152656 0.0676047
0 0.206359 0.47514 0.0328125 0.0746047
0 0.933117 0.596628 0.0333281 0.0572558
0 0.740781 0.1515 0.0178125 0.0699767
0 0.364375 0.43014 0.0348437 0.0429302
0 0.895648 0.274919 0.0263906 0.0450465
0 0.0339375 0.394512 0.023375 0.0688837
0 0.509289 0.70293 0.0265156 0.0523256
0 0.906516 0.666302 0.0563125 0.044186
0 0.61493 0.792674 0.0349219 0.0418605
0 0.443437 0.657442 0.0399375 0.0523256
0 0.385664 0.422733 0.0471406 0.049186
0 0.389531 0.377244 0.038 0.0456512
0 0.0172578 0.590686 0.0222344 0.0736047
0 0.98007 0.355035 0.0263281 0.0627209
0 0.81818 0.696174 0.0825469 0.0564884
0 0.160438 0.413512 0.021375 0.0760465
0 0.580344 0.523047 0.0413125 0.0538605
0 0.652281 0.653826 0.02675 0.0707674
0 0.18543 0.305012 0.0124844 0.0198837
0 0.0781406 0.198942 0.0170625 0.0739302
0 0.165 0.26964 0.00275 0.0194186
0 0.518695 0.480884 0.0291406 0.0812558
0 0.293641 0.19386 0.0213438 0.0448837
0 0.607328 0.72343 0.0354688 0.0427674
0 0.702656 0.671977 0.051125 0.048186
0 0.0931875 0.846116 0.0375625 0.022186
0 0.745094 0.12607 0.0211875 0.0748837
0 0.164898 0.818686 0.0352969 0.0436047
0 0.387047 0.282895 0.0463125 0.0725814
0 0.0792188 0.375407 0.0179063 0.0866279
0 0.474289 0.408547 0.0276719 0.081093
0 0.0706641 0.228302 0.0181094 0.0539535
0 0.480758 0.477453 0.0617031 0.104023
0 0.255039 0.800151 0.0359844 0.0566744
0 0.42182 0.259372 0.0325781 0.10507
0 0.262898 0.837395 0.0383906 0.0374419
0 0.794766 0.229744 0.019 0.0383721
0 0.0596875 0.63214 0.0332188 0.0862791
0 0.688086 0.783558 0.0454531 0.0374419
0 0.934867 0.612698 0.0506094 0.0474419
0 0.0481094 0.306826 0.0151562 0.0261628
0 0.887391 0.563721 0.0412187 0.0858605
0 0.694383 0.706988 0.0435781 0.0534186
0 0.436008 0.688593 0.0175781 0.0462093
0 0.916453 0.215709 0.0218125 0.035186
0 0.830477 0.44207 0.0272031 0.0987907
0 0.674078 0.524163 0.02625 0.0745116
0 0.126461 0.427791 0.0225469 0.0710233
0 0.599039 0.763756 0.0398281 0.0376977
0 0.231883 0.426674 0.0294219 0.078186
0 0.973437 0.300849 0.0158125 0.0276512
0 0.0968281 0.538953 0.0542188 0.0927907
0 0.578969 0.610198 0.0364688 0.0523953
0 0.661445 0.480686 0.0341094 0.0800233
0 0.425195 0.317407 0.0240781 0.0870465
0 0.931508 0.42407 0.0345156 0.0523256
0 0.817602 0.279267 0.0202656 0.0666744
0 0.611156 0.579058 0.0288438 0.0722558
0 0.517281 0.423744 0.0253125 0.110791
0 0.136055 0.733674 0.0559531 0.0378605
0 0.100664 0.19 0.0156719 0.081814
0 0.181938 0.165 0.0317188 0.0689302
0 0.275648 0.870779 0.0493594 0.0317907
0 0.220906 0.206826 0.0213438 0.0348605
0 0.135977 0.359267 0.0300469 0.066814
0 0.650453 0.424814 0.0260937 0.123116
0 0.125039 0.807535 0.0447656 0.0320465
0 0.184258 0.272023 0.0132656 0.0384651
0 0.205172 0.682872 0.0529375 0.0464419
0 0.898656 0.227244 0.011875 0.0679767
0 0.707453 0.50693 0.0475938 0.075814
0 0.0145625 0.246407 0.0158125 0.0759767
0 0.100781 0.37707 0.0172813 0.0832093
0 0.7835 0.429047 0.0178437 0.0690233
0 0.316437 0.464767 0.0186875 0.090093
0 0.0168672 0.515558 0.0325469 0.0369302
0 0.488109 0.541279 0.0424687 0.0779535
0 0.923625 0.21014 0.0155 0.031814
0 0.0882031 0.446977 0.019625 0.0584651
0 0.0669453 0.402826 0.0215469 0.0656512
0 0.906922 0.44543 0.0544063 0.0556512
0 0.966359 0.47357 0.018875 0.0413256
0 0.870125 0.526547 0.0330625 0.0715581
0 0.922945 0.509128 0.0353906 0.0883488
0 0.31343 0.680837 0.0211406 0.0547907
0 0.424891 0.389465 0.0141875 0.074093
0 0.720648 0.171337 0.0226406 0.0374651
0 0.959469 0.322605 0.018 0.0120465
0 0.792945 0.119047 0.0193281 0.0440465
0 0.132867 0.551988 0.0574219 0.114023
0 0.890281 0.233116 0.018125 0.0789767
0 0.117438 0.328151 0.0189687 0.078814
0 0.0470703 0.2615 0.0187031 0.0576512
0 0.21868 0.86714 0.0302969 0.0365116
0 0.60557 0.659233 0.0422969 0.061907
0 0.333492 0.502616 0.0406406 0.0366744
0 0.0921484 0.514465 0.0422656 0.0974419
0 0.633586 0.607733 0.0242969 0.099
0 0.582531 0.846605 0.0319688 0.032
0 0.822906 0.493651 0.031 0.102326
0 0.0671406 0.186826 0.0193437 0.0675116
0 0.11232 0.189442 0.0278281 0.0844651
0 0.215438 0.154186 0.0161563 0.0338605
0 0.904961 0.323395 0.0289844 0.0670233
0 0.4485 0.530221 0.0185625 0.0467674
0 0.515656 0.642384 0.0320312 0.0525814
0 0.132117 0.319512 0.0244844 0.074
0 0.540445 0.527837 0.0233594 0.0734884
0 0.728023 0.512849 0.0473281 0.0642093
0 0.319773 0.20993 0.0175781 0.0596744
0 0.271602 0.489279 0.0292656 0.09
0 0.892383 0.400244 0.0257656 0.0932791
0 0.588805 0.825884 0.0546719 0.0365581
0 0.844695 0.541605 0.0261719 0.05
0 0.0904609 0.596221 0.0440781 0.0874651
0 0.860859 0.421733 0.0271875 0.103744
0 0.70207 0.246593 0.0192656 0.066814
0 0.271867 0.243221 0.0227344 0.0358837
0 0.702367 0.795849 0.0498594 0.0317907
0 0.0947891 0.641477 0.0502969 0.0885814
0 0.150555 0.852547 0.0370156 0.0333256
0 0.478039 0.748721 0.0353281 0.0370233
0 0.234094 0.882988 0.0212812 0.0415116
0 0.284148 0.248826 0.0247656 0.0394186
0 0.232172 0.802058 0.024875 0.0419767
0 0.724039 0.150477 0.0157344 0.0402093
0 0.158383 0.638221 0.0783594 0.0488605
0 0.137422 0.701884 0.0460313 0.032186
0 0.629625 0.257733 0.0179063 0.0625814
0 0.107945 0.44107 0.0177344 0.0553953
0 0.884211 0.611047 0.0327969 0.0348837
0 0.0625938 0.361174 0.0179063 0.0644419
0 0.113086 0.219419 0.0316094 0.0618605
0 0.661242 0.608791 0.0299219 0.0655814
0 0.0134062 0.333035 0.0174687 0.0441163
0 0.814641 0.604942 0.0650937 0.0710465
0 0.488984 0.640826 0.0413437 0.0564419
0 0.928703 0.39386 0.0484375 0.0685581
0 0.0289219 0.673721 0.0213438 0.0592558
0 0.0353594 0.186965 0.0141563 0.0421628
0 0.804375 0.442105 0.0279687 0.0811395
0 0.933609 0.26886 0.0203125 0.0235814
0 0.512563 0.227395 0.0126562 0.0473023
0 0.898727 0.470651 0.0410469 0.0570233
0 0.915211 0.735093 0.0429844 0.0384651
0 0.64768 0.748605 0.0241094 0.05
0 0.571398 0.76836 0.0370781 0.0354651
0 0.930328 0.253512 0.02075 0.0255814
0 0.249187 0.865372 0.0190625 0.0319535
0 0.189562 0.717826 0.0354688 0.0417907
0 0.966648 0.343116 0.0181719 0.0363721
0 0.311969 0.616093 0.0394375 0.0794884
0 0.540234 0.441547 0.0284375 0.113233
0 0.980266 0.526628 0.0263125 0.0311163
0 0.856602 0.615779 0.0295469 0.0496512
0 0.0366719 0.458 0.0225625 0.0443721
0 0.126102 0.515953 0.0421094 0.0727907
0 0.528516 0.251884 0.0199688 0.0443721
0 0.128805 0.226302 0.0346406 0.0563721
0 0.865609 0.350849 0.027375 0.124395
0 0.233195 0.466337 0.0356406 0.0682093
0 0.672734 0.736767 0.0332188 0.0507442
0 0.938211 0.740953 0.0247656 0.0305581
0 0.172852 0.681453 0.0618594 0.0496047
0 0.720687 0.268837 0.02625 0.0373023
0 0.0510156 0.172767 0.0183437 0.0586047
0 0.368055 0.166128 0.0147969 0.0408605
0 0.498539 0.744872 0.0292656 0.0400233
0 0.685047 0.556012 0.0395937 0.0674651
0 0.197156 0.450523 0.023 0.100209
0 0.664297 0.701453 0.0340312 0.0458372
0 0.107805 0.404849 0.0240781 0.0610465
0 0.215914 0.186744 0.0112656 0.0363256
0 0.299203 0.224837 0.0285938 0.0545116
0 0.391406 0.602814 0.0386562 0.0261395
0 0.0102813 0.499291 0.0205625 0.0402558
0 0.676109 0.651733 0.0390937 0.0646279
0 0.449133 0.659128 0.0298594 0.0463023
0 0.805758 0.411628 0.0357344 0.112233
0 0.203016 0.822651 0.0436563 0.0575814
0 0.936867 0.236407 0.0188906 0.023186
0 0.853609 0.283453 0.0146563 0.0507209
0 0.524438 0.607244 0.0244375 0.0520698
0 0.443109 0.610384 0.0323437 0.0640698
0 0.528469 0.272081 0.0254063 0.0399767
0 0.587883 0.565442 0.0292656 0.07
0 0.147367 0.309244 0.0153281 0.037186
0 0.00992969 0.672465 0.0174219 0.0654884
0 0.994219 0.372953 0.0094375 0.048
0 0.566352 0.477244 0.0367344 0.0647674
0 0.421102 0.44836 0.0398594 0.0680233
0 0.941984 0.676791 0.043125 0.0342326
0 0.816617 0.2365 0.0152031 0.0744419
0 0.178531 0.483279 0.0308125 0.0836279
0 0.0902969 0.216547 0.0196875 0.0623953
0 0.817891 0.184849 0.0117188 0.0282093
0 0.842203 0.733674 0.0329062 0.0303256
0 0.664484 0.779512 0.035625 0.0420465
0 0.239234 0.640233 0.0229687 0.0495349
0 0.637641 0.706233 0.0234062 0.065907
0 0.581898 0.480628 0.0471094 0.0763721
0 0.127336 0.760221 0.0406406 0.0177907
0 0.927641 0.365837 0.0334062 0.0807907
0 0.630711 0.549674 0.0241094 0.0548837
0 0.258594 0.745733 0.0344375 0.0417907
0 0.565484 0.612605 0.0361563 0.0394884
0 0.409406 0.37514 0.021 0.0743721
0 0.142008 0.453535 0.0210781 0.0568837
0 0.993938 0.486081 0.012125 0.0413721
0 0.715133 0.461244 0.0311719 0.067186
0 0.10057 0.811419 0.0390781 0.0297674
0 0.492578 0.372337 0.0194375 0.0402558
0 0.802586 0.284384 0.0118906 0.0412791
0 0.452273 0.746558 0.0302969 0.0433953
0 0.375156 0.343105 0.0480312 0.0392326
0 0.634234 0.478081 0.0256875 0.0950465
0 0.790609 0.258442 0.00884375 0.0275349
0 0.597227 0.418151 0.0348906 0.0843953
0 0.0187109 0.189256 0.00954687 0.0312093
0 0.917859 0.695988 0.0521563 0.0397442
0 0.734758 0.231256 0.0257344 0.0611163
0 0.952641 0.655616 0.0304375 0.0178372
0 0.959445 0.623279 0.0258281 0.0415349
0 0.703703 0.627814 0.0413437 0.0580465
0 0.534672 0.710663 0.0238125 0.0474651
0 0.720469 0.626151 0.027375 0.0323023
0 0.777711 0.595628 0.0290156 0.0554419
0 0.506031 0.132872 0.011875 0.0212791
0 0.341203 0.173477 0.017375 0.053093
0 0.442109 0.245209 0.0215 0.104
0 0.475195 0.376105 0.0207031 0.0487209
0 0.840922 0.362512 0.0299687 0.121814
0 0.996609 0.297012 0.00678125 0.0522093
0 0.0329219 0.629419 0.0242188 0.0971628
0 0.209875 0.891163 0.0288125 0.0313953
0 0.692305 0.475953 0.0379219 0.073814
0 0.773586 0.394372 0.0211719 0.0569302
0 0.889492 0.739047 0.0242656 0.0336279
0 0.495008 0.418302 0.0247969 0.100279
0 0.107594 0.118209 0.0144687 0.0464186
0 0.871648 0.27914 0.0244219 0.0733953
0 0.0121953 0.377093 0.0218906 0.0222791
0 0.282797 0.841849 0.0417812 0.0390465
0 0.223852 0.690407 0.0269844 0.0443953
0 0.84582 0.65586 0.0252031 0.0474419
0 0.456656 0.202663 0.0153125 0.0487209
0 0.880516 0.247849 0.0163438 0.0617907
0 0.738758 0.188709 0.0173594 0.044907
0 0.130742 0.262186 0.0186094 0.0410233
0 0.305266 0.191465 0.0172187 0.0774419
0 0.609391 0.53064 0.0259375 0.0526744
0 0.773203 0.546337 0.0202813 0.0535581
0 0.104234 0.28207 0.009125 0.0223256
0 0.216516 0.634186 0.0344375 0.0635349
0 0.49232 0.713163 0.0485469 0.0602791
0 0.72175 0.542488 0.0537188 0.0753953
0 0.205836 0.145372 0.0206094 0.0331628
0 0.974352 0.453023 0.0205781 0.0380465
0 0.303281 0.581663 0.0299687 0.0843953
0 0.00666406 0.276302 0.00689063 0.0405116
0 0.606828 0.618721 0.030875 0.0688372
0 0.465078 0.714709 0.0459688 0.0397442
0 0.17818 0.198302 0.0244531 0.048
0 0.380578 0.469419 0.0337812 0.033814
0 0.858469 0.56907 0.027 0.0624651
0 0.499547 0.595395 0.0298438 0.0597209
0 0.913914 0.562035 0.0454531 0.0651395
0 0.736563 0.558488 0.0430625 0.0466512
0 0.865531 0.721174 0.0264062 0.0498837
0 0.871172 0.467919 0.0249688 0.063093
0 0.0985547 0.464256 0.0166719 0.035907
0 0.668937 0.818244 0.0368437 0.0358372
0 0.346406 0.539291 0.0340937 0.0141163
0 0.673383 0.415477 0.0302969 0.089
0 0.556461 0.708674 0.0328906 0.0579535
0 0.570859 0.689314 0.04025 0.0464419
0 0.53357 0.404093 0.0179844 0.0851163
0 0.352687 0.399791 0.021 0.0279535
0 0.83375 0.749453 0.0258125 0.0317907
0 0.784242 0.642651 0.0231719 0.044186
0 0.326836 0.485093 0.0277969 0.0553953
0 0.167313 0.162267 0.0129062 0.0718837
0 0.749297 0.727326 0.0314688 0.0688372
0 0.608578 0.848512 0.0315625 0.0385581
0 0.48075 0.586837 0.04125 0.0904651
0 0.607531 0.473012 0.0365 0.089186
0 0.574117 0.652058 0.0370156 0.0461628
0 0.754555 0.245395 0.0268594 0.0428372
0 0.524352 0.744442 0.0227344 0.0448837
0 0.647445 0.286628 0.0206719 0.034093
0 0.0581016 0.473267 0.0211719 0.0365349
0 0.637305 0.789884 0.0227344 0.0403721
0 0.0556016 0.354465 0.0190156 0.0855814
0 0.11168 0.68336 0.0752656 0.0763488
0 0.994172 0.522372 0.0111875 0.0327907
0 0.40268 0.329419 0.0512969 0.0565581
0 0.457813 0.580012 0.0427187 0.0664419
0 0.0759844 0.864884 0.0362188 0.0364186
0 0.375273 0.527512 0.00654688 0.0111163
0 0.0485703 0.549012 0.0366406 0.10486
0 0.567789 0.5525 0.0310469 0.0793721
0 0.586969 0.731349 0.049875 0.0471163
0 0.174984 0.73286 0.0354063 0.0503721
0 0.974859 0.507163 0.0315 0.0333488
0 0.657977 0.566163 0.0264844 0.0850698
0 0.107734 0.576674 0.041375 0.0635349
0 0.381188 0.147953 0.0155 0.0428372
0 0.901195 0.204953 0.0132656 0.0376279
0 0.362992 0.549105 0.0110156 0.0307674
0 0.559734 0.647 0.0318437 0.0525581
0 0.873867 0.645581 0.0375469 0.0553953
0 0.708586 0.597 0.0321406 0.0313023
0 0.16632 0.437721 0.00785938 0.0146047
0 0.481641 0.122442 0.0137813 0.0225116
0 0.615477 0.270779 0.0153281 0.0397442
0 0.499453 0.268977 0.0170313 0.0489767
0 0.176945 0.771221 0.0252031 0.0280233
0 0.263242 0.771895 0.0487344 0.0392326
0 0.694453 0.747012 0.04275 0.0356512
0 0.351242 0.195512 0.0217656 0.0537674
0 0.288984 0.479767 0.0214688 0.0776279
0 0.368156 0.383651 0.0395937 0.0455814
0 0.931844 0.544221 0.043875 0.0721628
0 0.681547 0.256465 0.0228437 0.0467442
0 0.0424609 0.580442 0.0317031 0.112744
0 0.121562 0.463953 0.026125 0.0714884
0 0.851055 0.455802 0.0263594 0.0797442
0 0.885391 0.185733 0.0213438 0.0343488
0 0.0605859 0.541023 0.0185781 0.101535
0 0.986352 0.573523 0.0230781 0.0272791
0 0.771359 0.373988 0.0192812 0.0951395
0 0.622492 0.416186 0.0247969 0.120279
0 0.414414 0.589547 0.0215156 0.0351395
0 0.831742 0.566407 0.0377031 0.072814
0 0.300977 0.544558 0.0345469 0.0755349
0 0.233523 0.83807 0.0219219 0.0390233
0 0.287367 0.172616 0.0160156 0.0351395
0 0.527969 0.678674 0.0270312 0.0569302
0 0.896695 0.516128 0.0418906 0.0880233
0 0.99182 0.27636 0.00757812 0.0297442
0 0.573766 0.799837 0.0347812 0.0233488
0 0.201859 0.747279 0.021 0.0469302
0 0.237117 0.181093 0.00698437 0.0257209
0 0.980461 0.390209 0.0258281 0.0533488
0 0.872633 0.69014 0.0313281 0.0453953
0 0.0133828 0.467663 0.0261719 0.0322558
0 0.0796328 0.474488 0.0234219 0.0581395
0 0.480961 0.666977 0.0415156 0.0533953
0 0.396492 0.462291 0.0382969 0.0429535
0 0.15268 0.382674 0.0315781 0.0530233
0 0.0477344 0.858872 0.02375 0.0320698
0 0.520992 0.56186 0.0394219 0.0638605
0 0.0421562 0.296616 0.0122188 0.0307674
0 0.0486719 0.447733 0.0225625 0.0407674
0 0.354883 0.485686 0.0157031 0.0205814
0 0.934422 0.454174 0.0358438 0.0673721
0 0.906734 0.365291 0.029625 0.115884
0 0.323484 0.180233 0.0148125 0.0707907
0 0.325695 0.558779 0.0342656 0.0402558
0 0.779008 0.73893 0.0360469 0.0171163
0 0.76093 0.155698 0.0177031 0.0446512
0 0.778828 0.676895 0.03675 0.0292791
0 0.623867 0.750733 0.0258281 0.0456512
0 0.0480313 0.400477 0.0209688 0.0695116
0 0.179734 0.325884 0.019125 0.0274419
0 0.315727 0.728337 0.0115469 0.0272791
0 0.895547 0.71093 0.0386875 0.0393023
0 0.549266 0.274651 0.0228437 0.0333023
0 0.0171016 0.409779 0.0342031 0.0402558
