0 0.14107 0.161491 0.0457031 0.0193192
0 0.0536172 0.222629 0.00789063 0.0264319
0 0.0742109 0.186526 0.0493594 0.0457746
0 0.0663203 0.207653 0.0209531 0.0486385
0 0.0792109 0.193768 0.0220781 0.0397887
1 0.0798906 0.255751 0.018625 0.0296714
1 0.0992266 0.286338 0.0183906 0.0230516
1 0.0872187 0.32243 0.0112187 0.0185211
1 0.108258 0.254519 0.0169219 0.0208216
1 0.0860156 0.302582 0.0175937 0.0226761
1 0.0748047 0.304519 0.0127969 0.0220423
1 0.0900156 0.27142 0.0321562 0.0220423
1 0.0755547 0.333275 0.0211094 0.0501174
1 0.0980391 0.250411 0.0196094 0.0245305
1 0.0692266 0.27439 0.0136406 0.0394366
