0 0.200039 0.631792 0.0140469 0.0169167
0 0.288945 0.637781 0.00482812 0.0171458
0 0.218992 0.659271 0.00923437 0.0355833
0 0.336156 0.653271 0.00953125 0.021625
0 0.229703 0.645896 0.0134687 0.024625
0 0.282883 0.638594 0.00923437 0.0253958
0 0.328203 0.633792 0.00928125 0.0208333
0 0.247156 0.643771 0.00578125 0.0266667
0 0.209312 0.633969 0.0111562 0.0207708
0 0.249797 0.65 0.0098125 0.034875
0 0.230656 0.61949 0.0138437 0.0138542
0 0.337172 0.63175 0.00690625 0.0190417
0 0.341187 0.64799 0.0079375 0.0230625
0 0.273539 0.649927 0.00904687 0.0161458
0 0.260383 0.642031 0.00539063 0.0158958
0 0.252844 0.61526 0.005 0.0195208
0 0.209672 0.662958 0.0125 0.0333333
0 0.264406 0.657448 0.00646875 0.0135625
0 0.320328 0.628594 0.00365625 0.0120625
0 0.270867 0.614771 0.0208281 0.013625
