0 0.564219 0.546367 0.0233542 0.0267969
0 0.498719 0.481734 0.0508542 0.0163438
0 0.545292 0.564602 0.0232917 0.0311406
0 0.613854 0.353422 0.0254167 0.0150937
0 0.477542 0.689891 0.042375 0.025125
0 0.457385 0.533125 0.0365625 0.0204688
0 0.6685 0.490641 0.0369167 0.0120625
0 0.520865 0.538984 0.0450625 0.0246875
0 0.47199 0.503984 0.0445208 0.0168437
0 0.425792 0.517055 0.0164167 0.0207656
0 0.575937 0.653703 0.03175 0.0284375
0 0.602021 0.679109 0.021875 0.0274375
0 0.483698 0.561648 0.0324792 0.0279531
0 0.685937 0.780055 0.0264167 0.0448281
0 0.651979 0.552977 0.0252917 0.0182969
0 0.658104 0.65907 0.0592083 0.0197656
0 0.659115 0.511148 0.0228958 0.0217969
0 0.530813 0.555617 0.0536667 0.0351406
0 0.501698 0.651336 0.0609375 0.0175156
0 0.525188 0.391797 0.0465 0.0133437
0 0.503208 0.692703 0.0494167 0.0194687
0 0.635771 0.475312 0.05025 0.0074375
0 0.594677 0.488047 0.0175208 0.0186875
0 0.503969 0.796164 0.0934792 0.0337344
0 0.496802 0.708234 0.0592292 0.0186875
0 0.640406 0.785898 0.0276875 0.0153906
0 0.561729 0.390937 0.03575 0.0123125
0 0.463198 0.660477 0.0381458 0.0177656
0 0.488844 0.514297 0.0466042 0.0296563
0 0.550396 0.67257 0.0314583 0.0405156
0 0.640063 0.649656 0.0562083 0.0169375
0 0.506448 0.338531 0.0419792 0.023
0 0.549135 0.769359 0.0206875 0.0474375
0 0.690094 0.375047 0.0307708 0.0161563
0 0.695531 0.681797 0.0239375 0.0179375
0 0.603573 0.498781 0.0293542 0.0200313
0 0.600833 0.637305 0.01025 0.0120469
0 0.456073 0.516664 0.0316875 0.0154219
0 0.617521 0.373133 0.0355417 0.0220469
0 0.483552 0.635992 0.0642708 0.0187969
0 0.445875 0.364742 0.0369167 0.0171719
0 0.509958 0.806016 0.113708 0.0302187
0 0.559115 0.499211 0.0190625 0.0169531
0 0.575583 0.485305 0.0215417 0.0233281
0 0.622865 0.780594 0.0546875 0.0417812
0 0.655875 0.526609 0.04025 0.02675
0 0.548031 0.36493 0.0283125 0.0170781
0 0.65275 0.54043 0.030125 0.0138594
0 0.566833 0.563578 0.0263333 0.024125
0 0.430125 0.671656 0.0524167 0.0169687
0 0.707479 0.529797 0.032125 0.0138437
0 0.495188 0.391672 0.0396667 0.0187187
0 0.514406 0.375773 0.0396875 0.0174531
0 0.644094 0.678633 0.0313958 0.0307969
0 0.527875 0.509008 0.0625 0.0259531
0 0.40174 0.38832 0.0341042 0.0146406
0 0.51226 0.323313 0.0408958 0.0153437
0 0.531771 0.345773 0.04375 0.0166719
0 0.541104 0.700055 0.04825 0.0152031
0 0.606969 0.530695 0.0228958 0.0182031
0 0.700635 0.806203 0.0181875 0.0120313
0 0.453792 0.543023 0.0445833 0.0108594
0 0.633583 0.506742 0.0429583 0.0185156
0 0.672094 0.506203 0.0560625 0.0189687
0 0.640135 0.491727 0.0188125 0.0151406
0 0.57174 0.698336 0.0453958 0.0131094
0 0.482052 0.339445 0.0433125 0.0182969
0 0.520312 0.476672 0.0417083 0.0235938
0 0.473135 0.708203 0.0338542 0.014875
0 0.601083 0.339234 0.0430833 0.0225625
0 0.473479 0.350641 0.0345417 0.0223125
0 0.496375 0.371281 0.028375 0.0184687
0 0.695531 0.670516 0.00614583 0.0076875
0 0.43251 0.350695 0.0374792 0.0148906
0 0.632354 0.696734 0.0254167 0.03225
0 0.402583 0.397492 0.0396667 0.0133281
0 0.437198 0.501758 0.0286458 0.0128906
0 0.458437 0.562953 0.0215417 0.0187187
0 0.556917 0.383922 0.046625 0.0150937
0 0.63675 0.782359 0.0461667 0.0333437
0 0.624052 0.386641 0.0314792 0.0154062
0 0.66749 0.349641 0.0341875 0.0150625
0 0.573906 0.333844 0.0321458 0.0189687
0 0.524594 0.523078 0.0628958 0.0266562
0 0.527698 0.360273 0.0361458 0.0190781
0 0.475219 0.493648 0.0509375 0.0143281
0 0.480604 0.389547 0.0379167 0.0211562
0 0.578094 0.668336 0.0297292 0.0258906
0 0.651083 0.378898 0.04 0.0207656
0 0.54326 0.660844 0.0346042 0.0345
0 0.48449 0.527 0.0381875 0.022375
0 0.672135 0.361313 0.0272708 0.0140313
0 0.620229 0.664062 0.01875 0.0241875
0 0.535802 0.766602 0.0238125 0.0436406
0 0.507906 0.663516 0.0528958 0.0281875
0 0.623406 0.482484 0.0459792 0.015875
0 0.668104 0.681195 0.0190833 0.0214219
0 0.439271 0.384102 0.04675 0.0216094
0 0.666865 0.773563 0.0308542 0.0481875
0 0.673656 0.515867 0.0147292 0.0168594
0 0.654323 0.38993 0.0195208 0.0112656
0 0.432344 0.378227 0.0494375 0.0152031
0 0.692187 0.550359 0.018625 0.0181875
0 0.431094 0.694602 0.0557292 0.0133281
0 0.461917 0.386805 0.0492917 0.0152344
0 0.553844 0.764758 0.0215625 0.0454219
0 0.382948 0.408133 0.0330625 0.0152031
0 0.44424 0.508203 0.0307708 0.0164063
0 0.675854 0.533031 0.0266667 0.0244688
0 0.415833 0.516125 0.0184583 0.01
0 0.416771 0.566344 0.0241667 0.00953125
0 0.451604 0.339234 0.0235833 0.00975
0 0.582375 0.708969 0.0417083 0.0112812
0 0.701271 0.509102 0.0179167 0.0115469
0 0.583354 0.536102 0.0229167 0.0282031
0 0.657062 0.782305 0.0229167 0.0579531
0 0.621865 0.327094 0.0171042 0.0107813
0 0.578302 0.497039 0.0202292 0.0162031
0 0.539198 0.333336 0.0427292 0.0205156
0 0.694594 0.778602 0.0385208 0.0472969
0 0.494927 0.356156 0.0488958 0.0235938
0 0.623719 0.521227 0.0307708 0.0213594
0 0.573479 0.36218 0.02325 0.0202656
0 0.646708 0.336414 0.0325 0.0159219
0 0.62024 0.542562 0.0296875 0.0233125
0 0.634854 0.364633 0.027125 0.0159219
0 0.440083 0.558766 0.0489583 0.0142187
0 0.433219 0.641023 0.0246042 0.0122969
0 0.43949 0.545836 0.0620208 0.0139531
0 0.670271 0.80443 0.01975 0.0165156
0 0.442552 0.399023 0.0484375 0.0142656
0 0.522948 0.764141 0.0283125 0.0359063
0 0.500448 0.495867 0.0205208 0.0116719
2 0.075625 0.836406 0.0249583 0.0312812
2 0.113844 0.894922 0.0270208 0.0525625
2 0.0431354 0.387055 0.0242708 0.0392344
2 0.0803125 0.742984 0.042375 0.0855313
2 0.0981146 0.830953 0.0242708 0.0376875
2 0.0247604 0.473211 0.0464792 0.0330781
2 0.0494896 0.5615 0.0511042 0.0739687
2 0.0466875 0.676484 0.0233333 0.0300312
2 0.0673229 0.851414 0.0198125 0.0253906
2 0.0575313 0.464648 0.0205208 0.0666719
2 0.031625 0.460719 0.03925 0.0244688
2 0.090375 0.94007 0.0282917 0.0602344
2 0.0539375 0.647023 0.025 0.0420156
2 0.111625 0.926078 0.0177917 0.035125
2 0.0725729 0.664977 0.0201875 0.0346094
2 0.0154583 0.383461 0.0309167 0.0520469
2 0.129812 0.984328 0.0229167 0.0313437
