1 0.592961 0.420869 0.0149219 0.0235211
1 0.510227 0.439096 0.0240469 0.0202582
1 0.637781 0.423908 0.0169687 0.0266901
1 0.588375 0.43507 0.0281875 0.0114085
1 0.627539 0.39142 0.0206406 0.0214319
1 0.591094 0.407559 0.0241875 0.023615
1 0.586164 0.448286 0.0112656 0.0304225
1 0.529555 0.410634 0.0139844 0.0215962
1 0.525711 0.454366 0.0205781 0.0166667
1 0.6035 0.483991 0.0230625 0.0246009
1 0.665172 0.426937 0.0240625 0.0197418
1 0.574375 0.457547 0.0165313 0.0293662
1 0.568305 0.41115 0.0139844 0.0171831
1 0.657445 0.404495 0.0137344 0.0206338
1 0.545648 0.450481 0.0210469 0.0239671
1 0.666156 0.445176 0.0230312 0.0251408
1 0.564328 0.44311 0.0194687 0.0349531
1 0.545477 0.413791 0.0234844 0.0317606
1 0.551508 0.43993 0.0179531 0.0233803
1 0.599523 0.44615 0.0187656 0.0246009
1 0.577406 0.472183 0.0236563 0.0212207
1 0.594234 0.399096 0.0174063 0.0202582
1 0.652664 0.427054 0.0158594 0.0207746
1 0.598383 0.47162 0.0191719 0.0299061
1 0.552758 0.472394 0.0277969 0.0228169
1 0.619078 0.439531 0.0245625 0.0240376
1 0.635094 0.457077 0.0145625 0.0144836
1 0.557531 0.398603 0.0135625 0.0239202
1 0.563695 0.428627 0.0162031 0.0197418
1 0.606219 0.407688 0.0119375 0.0302582
1 0.646625 0.458228 0.0211562 0.0235446
1 0.62832 0.423146 0.00792188 0.00873239
1 0.621117 0.404906 0.0235469 0.02
1 0.515461 0.420516 0.0180469 0.0175587
1 0.616742 0.426878 0.0139844 0.0259155
1 0.573898 0.385634 0.0250781 0.0215493
1 0.649445 0.410845 0.0210469 0.0179343
1 0.625594 0.451678 0.016 0.0256573
1 0.572922 0.400728 0.0151875 0.0158685
1 0.546844 0.396279 0.008375 0.00875587
1 0.524453 0.430739 0.0229062 0.0215728
