0 0.716531 0.846156 0.0251875 0.0441042
0 0.676711 0.882698 0.0484219 0.0510208
0 0.659211 0.951719 0.0293594 0.0325208
0 0.737195 0.162385 0.0250469 0.0218958
0 0.761648 0.0907396 0.0200469 0.0211458
0 0.680312 0.983198 0.0204063 0.0336042
0 0.674172 0.813458 0.0276875 0.04025
0 0.905328 0.107427 0.0186562 0.0497292
0 0.779086 0.173406 0.0117344 0.0156458
0 0.826258 0.0990937 0.0135469 0.0155625
0 0.0286406 0.658635 0.031625 0.0415625
0 0.901156 0.336344 0.013125 0.0487292
0 0.700375 0.941927 0.022125 0.0356458
0 0.721187 0.815781 0.0352188 0.0591875
0 0.720891 0.249906 0.014125 0.0430625
0 0.921898 0.130052 0.0192344 0.0369375
0 0.747781 0.0953854 0.0188437 0.0189792
0 0.694547 0.882906 0.0287813 0.0337708
0 0.806797 0.0950417 0.0307812 0.0694167
0 0.694359 0.812844 0.0236563 0.0536042
0 0.868539 0.106344 0.0234219 0.0730208
0 0.881164 0.324031 0.0194219 0.0671042
0 0.760086 0.820125 0.0172969 0.04025
0 0.709656 0.971729 0.0219375 0.0337917
0 0.724203 0.197427 0.0125938 0.0359375
0 0.753937 0.178281 0.0222812 0.0281042
0 0.0906484 0.691083 0.0194844 0.0268333
0 0.774484 0.894135 0.0534375 0.0392292
0 0.919797 0.102812 0.027125 0.0466667
0 0.147906 0.785583 0.0164063 0.03125
0 0.768414 0.695802 0.0214531 0.0529792
0 0.826445 0.145594 0.0221719 0.0503542
0 0.696797 0.043 0.0177813 0.0202917
0 0.811641 0.215385 0.026375 0.0765625
0 0.764617 0.219667 0.0367344 0.0217917
0 0.745602 0.937302 0.0270781 0.0346458
0 0.671461 0.784656 0.0226719 0.0491042
0 0.688086 0.977958 0.0217344 0.0333333
0 0.776055 0.860792 0.0441094 0.027625
0 0.710141 0.197042 0.0199688 0.0354167
0 0.717008 0.881792 0.0230781 0.0333333
0 0.720562 0.929615 0.024625 0.0581875
0 0.684695 0.918656 0.0248281 0.0461458
0 0.702875 0.78475 0.039625 0.0417917
0 0.834906 0.105771 0.0150312 0.0422083
0 0.754766 0.0716563 0.0315 0.0231042
0 0.703 0.256802 0.0130938 0.0382708
0 0.875727 0.135781 0.0171406 0.0473958
0 0.747617 0.137198 0.0214844 0.0214375
0 0.753836 0.846385 0.0217969 0.0515208
0 0.693602 0.709229 0.0295156 0.0482083
0 0.80375 0.0322604 0.0333437 0.0645208
0 0.745578 0.971448 0.0264375 0.0407708
0 0.693734 0.851531 0.022125 0.0323125
0 0.663719 0.918198 0.025 0.0456458
0 0.0831016 0.701562 0.0192344 0.022125
0 0.747352 0.241083 0.0232656 0.0384583
0 0.757008 0.198854 0.0228906 0.024875
0 0.722109 0.11826 0.0186562 0.0287292
0 0.76325 0.912687 0.0498125 0.0335833
0 0.0185547 0.697688 0.0358906 0.030125
0 0.15182 0.810958 0.0130781 0.0166667
0 0.781813 0.778208 0.0309687 0.0435833
0 0.321344 0.775156 0.0290625 0.0395625
0 0.827086 0.267198 0.0109219 0.0271042
0 0.00960937 0.607 0.0171875 0.0169167
0 0.0101641 0.621385 0.0189219 0.0246042
0 0.676523 0.763333 0.0205781 0.0712917
0 0.729602 0.0676563 0.0162969 0.0253542
0 0.7635 0.169854 0.0292812 0.0220833
0 0.0650156 0.721604 0.0292812 0.0171667
0 0.799984 0.0780729 0.0351875 0.0812708
0 0.827812 0.209281 0.0265312 0.0615625
0 0.733852 0.240292 0.0158281 0.0382917
0 0.764797 0.975146 0.0292812 0.0372917
0 0.332492 0.702542 0.0138906 0.0247917
0 0.655414 0.776115 0.0199531 0.0531875
0 0.938055 0.0875729 0.0448281 0.0372292
0 0.653344 0.893719 0.0313437 0.0458958
0 0.340063 0.720542 0.0179375 0.0324167
0 0.709289 0.238104 0.0152031 0.0259167
0 0.341313 0.787469 0.0187187 0.0291875
0 0.820289 0.260688 0.0432656 0.05
0 0.889023 0.103594 0.0167344 0.0523125
0 0.05275 0.66574 0.0075 0.0182708
0 0.157148 0.79026 0.0227031 0.0276875
0 0.0924688 0.767677 0.0160313 0.0210208
0 0.888844 0.275396 0.017625 0.057125
0 0.70743 0.678458 0.00942187 0.0435833
0 0.148641 0.826417 0.012125 0.02975
0 0.871398 0.113625 0.0207969 0.050625
0 0.142797 0.767781 0.0115937 0.0561458
0 0.712437 0.146406 0.020375 0.0189792
0 0.799203 0.753406 0.03825 0.0292292
0 0.119375 0.77826 0.0138437 0.0264792
0 0.749953 0.115365 0.0240313 0.0243542
0 0.739695 0.185771 0.0184531 0.0315417
0 0.769375 0.720208 0.0195938 0.0479583
0 0.85532 0.103469 0.0371094 0.0689792
0 0.760523 0.112802 0.0269219 0.0202292
0 0.734781 0.0912812 0.0161875 0.0272292
0 0.870898 0.309229 0.0163594 0.0369167
0 0.876719 0.286021 0.015375 0.0412917
0 0.762352 0.229458 0.0344219 0.03125
0 0.847297 0.0893542 0.0259688 0.045375
0 0.73843 0.843531 0.0149219 0.0423125
0 0.721609 0.0991875 0.0198125 0.0222917
0 0.150273 0.752823 0.0102031 0.0292292
