0 0.359867 0.449771 0.0107656 0.0154167
0 0.38718 0.421927 0.0146719 0.0176875
0 0.312234 0.529615 0.0132188 0.0416042
0 0.458188 0.329385 0.0334375 0.0181875
0 0.532125 0.32875 0.01125 0.0147083
0 0.479352 0.454073 0.0254531 0.0289375
0 0.505203 0.334396 0.0206563 0.0155417
0 0.395289 0.543094 0.0167656 0.0159375
0 0.406039 0.531875 0.0247969 0.0157083
0 0.408422 0.546073 0.0240313 0.0155625
0 0.635211 0.566646 0.0160781 0.0164167
0 0.476828 0.345854 0.0181562 0.0400833
0 0.374211 0.328396 0.0155156 0.018125
0 0.497687 0.384406 0.0250937 0.0275625
0 0.641953 0.513958 0.0161563 0.01675
0 0.441906 0.350292 0.023625 0.03775
0 0.313898 0.468563 0.0232031 0.0223333
0 0.348813 0.338948 0.0119063 0.0177708
0 0.26575 0.530469 0.0206563 0.0321875
0 0.426961 0.352323 0.00664062 0.0118125
0 0.411508 0.510469 0.0146719 0.0203958
0 0.448805 0.376781 0.0231406 0.0217708
0 0.311352 0.50849 0.0175156 0.0231042
0 0.278766 0.512365 0.0100625 0.0233125
0 0.359359 0.42225 0.01375 0.019125
0 0.364906 0.523062 0.00740625 0.0149583
0 0.368602 0.319042 0.0138906 0.0169583
0 0.318352 0.406677 0.0188594 0.0103958
0 0.468672 0.342792 0.0104688 0.0139583
0 0.422977 0.385125 0.0326406 0.0325
0 0.332781 0.485625 0.0214688 0.01025
0 0.414727 0.556667 0.0205781 0.0170833
0 0.449688 0.525396 0.0305 0.01475
0 0.486 0.502448 0.03025 0.0139792
0 0.498125 0.322604 0.0066875 0.011875
0 0.362 0.321104 0.0195938 0.0278333
0 0.345391 0.368594 0.0175625 0.0143125
0 0.271734 0.631406 0.013625 0.0286458
0 0.467805 0.413104 0.0190781 0.0165833
0 0.268352 0.600021 0.0110469 0.032
0 0.449227 0.410385 0.0347031 0.0190208
0 0.63743 0.482375 0.00660938 0.00495833
0 0.424242 0.481292 0.0157969 0.0426667
0 0.390516 0.333115 0.00784375 0.0258958
0 0.254367 0.613521 0.00854687 0.0428333
0 0.348094 0.31751 0.0134375 0.0232708
0 0.327219 0.424125 0.018375 0.0184583
0 0.412211 0.333562 0.0289531 0.0276667
0 0.411211 0.435844 0.0214531 0.0236458
0 0.290187 0.569958 0.0119688 0.0380833
0 0.37257 0.5185 0.0132344 0.0376667
0 0.472031 0.397198 0.0206563 0.0151875
0 0.345133 0.412021 0.00982813 0.0384583
0 0.498406 0.371469 0.02975 0.0343125
0 0.392914 0.520385 0.0224219 0.0121875
0 0.448266 0.44074 0.0342187 0.0198958
0 0.283133 0.491448 0.0168281 0.0277708
0 0.448148 0.478979 0.0182969 0.0145417
0 0.382812 0.477458 0.0075 0.0267083
0 0.313555 0.442458 0.0216094 0.0150417
0 0.377453 0.370375 0.0093125 0.011125
0 0.277133 0.568469 0.0143281 0.0398542
0 0.399219 0.37224 0.014875 0.0429792
0 0.330406 0.341604 0.00778125 0.01975
0 0.394195 0.480365 0.0182969 0.0216458
0 0.361109 0.367552 0.00709375 0.0055625
0 0.355344 0.316906 0.0182812 0.0261458
0 0.435094 0.552167 0.0181562 0.0336667
0 0.280266 0.54024 0.014 0.0360208
0 0.300086 0.514073 0.0127031 0.0385625
0 0.312563 0.43051 0.0233125 0.0226042
0 0.526227 0.330708 0.0172969 0.0141667
0 0.367352 0.457302 0.0129844 0.0130625
0 0.363648 0.481813 0.0187969 0.03425
0 0.437641 0.544344 0.0239688 0.0308542
0 0.308992 0.559083 0.0176406 0.0287083
0 0.409164 0.325542 0.0261719 0.036375
0 0.501687 0.418323 0.00703125 0.0168125
0 0.432289 0.447844 0.0305156 0.0131042
0 0.357727 0.479271 0.0288906 0.0520417
0 0.292672 0.615812 0.0172187 0.0409583
0 0.393016 0.512646 0.023625 0.008375
0 0.467539 0.431135 0.0158594 0.0175208
0 0.324734 0.448313 0.016625 0.0129167
0 0.401086 0.572542 0.0227344 0.0242083
0 0.320672 0.3835 0.0060625 0.017
0 0.383727 0.415323 0.0143281 0.0224792
0 0.2755 0.61325 0.013 0.0360833
0 0.350289 0.344531 0.0171094 0.0098125
0 0.495086 0.489427 0.0204531 0.0206042
0 0.475281 0.52525 0.0281875 0.0240833
0 0.488617 0.344042 0.0146094 0.027
0 0.47543 0.48051 0.0332969 0.0217708
0 0.508227 0.355594 0.0183594 0.0150208
0 0.32932 0.373677 0.0212344 0.0135625
0 0.417312 0.379198 0.0272188 0.0383958
0 0.288781 0.505938 0.00990625 0.0266667
0 0.308187 0.579906 0.0114687 0.0216875
0 0.377281 0.397958 0.0121875 0.0275417
0 0.474523 0.427073 0.0245469 0.0211042
0 0.422742 0.510771 0.00639062 0.0114583
0 0.338266 0.390979 0.0103125 0.0311667
0 0.359859 0.43601 0.0141875 0.0150208
0 0.487078 0.465177 0.03575 0.0143958
0 0.424437 0.4195 0.0303438 0.0218333
0 0.419617 0.432604 0.0254219 0.0251667
0 0.416953 0.340146 0.02725 0.0229167
0 0.32993 0.400969 0.00598438 0.00714583
0 0.414172 0.481396 0.01275 0.03725
0 0.33982 0.320667 0.00751562 0.0119583
0 0.491359 0.45026 0.0165313 0.0195208
0 0.372352 0.382917 0.0103281 0.014875
0 0.607227 0.342229 0.00576562 0.00808333
0 0.435664 0.347896 0.0169844 0.0234583
0 0.420719 0.31326 0.010875 0.0128125
0 0.310867 0.47699 0.0202031 0.0256042
0 0.395594 0.43774 0.008875 0.0236875
