0 0.300953 0.501695 0.0804941 0.0461719
0 0.508741 0.532086 0.301859 0.0702344
0 0.379718 0.514484 0.209271 0.0787188
0 0.866847 0.604414 0.261882 0.0557969
0 0.913835 0.765461 0.171435 0.0947031
0 0.687329 0.58625 0.0366824 0.0612188
0 0.215094 0.549961 0.0323059 0.0464844
0 0.884012 0.740094 0.231976 0.121594
0 0.485541 0.601562 0.271835 0.0794375
0 0.518624 0.641852 0.354471 0.0901406
0 0.513035 0.764859 0.310353 0.107719
0 0.814035 0.565641 0.235694 0.0647812
0 0.279835 0.575 0.0262588 0.02025
0 0.979329 0.515109 0.0391294 0.051125
0 0.976671 0.553844 0.0459529 0.0333437
0 0.931294 0.538977 0.0675765 0.0394844
0 0.396482 0.470797 0.280024 0.0645
0 0.854647 0.702461 0.218471 0.0761406
0 0.781953 0.483266 0.250212 0.0717812
0 0.657294 0.56882 0.0408941 0.0514219
0 0.817012 0.602563 0.230118 0.074875
0 0.500694 0.721117 0.323176 0.102953
0 0.878506 0.661148 0.237012 0.0977344
0 0.705435 0.698492 0.0423529 0.0480156
0 0.920176 0.661133 0.159647 0.0372031
0 0.257541 0.520047 0.0316471 0.0461562
0 0.714918 0.669867 0.0407529 0.0543906
0 0.788518 0.541344 0.219247 0.068875
0 0.769588 0.514813 0.226047 0.0704375
0 0.971 0.480352 0.0573412 0.0449219
0 0.271271 0.628719 0.0587294 0.0482812
0 0.772741 0.636375 0.0646824 0.0674063
0 0.773918 0.678141 0.0673647 0.0970938
0 0.565353 0.477992 0.120024 0.0484531
0 0.326859 0.646695 0.0340471 0.0321094
0 0.251412 0.510859 0.0257412 0.0165313
0 0.679941 0.667039 0.0520235 0.0345469
0 0.728435 0.65318 0.0191294 0.0508594
0 0.947059 0.521758 0.0344 0.0305781
0 0.512824 0.675258 0.3456 0.0954219
0 0.243318 0.497711 0.0898353 0.0483906
0 0.395153 0.56693 0.159529 0.0618594
0 0.944694 0.498563 0.0588 0.0427187
0 0.933212 0.482078 0.0758353 0.0588437
0 0.900988 0.463461 0.1112 0.0556406
0 0.653329 0.492086 0.0496706 0.0355781
0 0.490424 0.508898 0.213271 0.0306094
