2 0.20699 0.366016 0.0765625 0.0429688
2 0.397365 0.94443 0.113312 0.0992656
2 0.299917 0.0739297 0.04075 0.0256406
2 0.464969 0.547109 0.0557292 0.044875
2 0.841781 0.754312 0.0525625 0.0685625
2 0.406719 0.0928906 0.0480208 0.0380937
2 0.308875 0.38782 0.045125 0.0484531
2 0.254885 0.502758 0.0978958 0.0568594
2 0.0680625 0.447664 0.04675 0.0315156
2 0.133156 0.114484 0.0321458 0.0360625
2 0.168635 0.0342969 0.0188958 0.0246875
2 0.571573 0.763281 0.136979 0.0664062
2 0.355302 0.354398 0.0405625 0.0340469
2 0.0753646 0.0724297 0.0259792 0.0382031
2 0.164521 0.0649297 0.0404167 0.0366719
2 0.353812 0.556281 0.0735 0.0325625
2 0.293604 0.116148 0.03425 0.0239844
2 0.45974 0.366445 0.0222708 0.0186094
2 0.558573 0.445328 0.0201042 0.0189062
2 0.576094 0.395563 0.0510208 0.030625
