2 0.529547 0.0409062 0.0463438 0.0725625
2 0.397828 0.287312 0.0389688 0.0530833
2 0.647586 0.0514167 0.0430781 0.0633333
2 0.520844 0.0888438 0.0411562 0.0571875
2 0.525273 0.167688 0.0469219 0.044625
2 0.625125 0.100646 0.0448125 0.0612917
2 0.640359 0.150031 0.0438438 0.0593542
2 0.561766 0.0888125 0.045875 0.0593333
2 0.619023 0.0193542 0.0544219 0.0387083
2 0.566281 0.148146 0.0504687 0.06375
2 0.60018 0.0673125 0.0396094 0.0535833
2 0.290305 0.0273125 0.0444219 0.0515417
2 0.466852 0.283948 0.0407969 0.0460208
2 0.429289 0.317521 0.0405781 0.0471667
2 0.440578 0.349833 0.0356875 0.0317083
2 0.181023 0.0356354 0.0400781 0.0707292
2 0.593922 0.175302 0.0398125 0.0458958
2 0.595414 0.118323 0.0383281 0.0462708
2 0.571977 0.0418646 0.0478281 0.0548958
2 0.373281 0.32025 0.038875 0.0544167
2 0.46657 0.329865 0.0367344 0.0510208
2 0.213375 0.0798646 0.0424062 0.0558958
2 0.2475 0.0276563 0.0466875 0.0553125
2 0.605602 0.0290104 0.0249844 0.0389375
2 0.217961 0.0292812 0.0392031 0.0585625
2 0.354109 0.345052 0.0401875 0.0294792
2 0.636664 0.180615 0.0441406 0.0443125
2 0.295609 0.0954375 0.0341875 0.0558333
2 0.514242 0.135479 0.0332344 0.042
2 0.363594 0.266802 0.0390313 0.0443542
2 0.61407 0.144875 0.0222969 0.0312917
2 0.622773 0.0537396 0.0134531 0.0305208
