2 0.577016 0.754198 0.0200938 0.0201875
2 0.604391 0.718 0.0219375 0.0272917
2 0.556016 0.708677 0.0203125 0.0254375
2 0.586773 0.71974 0.0172344 0.0205208
2 0.345805 0.713208 0.0603906 0.075125
2 0.61768 0.751792 0.0194219 0.0266667
2 0.523508 0.741823 0.0162031 0.0239792
2 0.665008 0.733302 0.0219531 0.0281875
2 0.557727 0.751062 0.0184531 0.0211667
2 0.596664 0.756281 0.0205781 0.0171875
2 0.562266 0.73326 0.0175 0.0253958
2 0.644953 0.737333 0.0194687 0.0267917
2 0.693797 0.719156 0.0185937 0.0241458
2 0.634172 0.755906 0.0175 0.0241042
2 0.59907 0.688177 0.0221719 0.0262292
2 0.632031 0.718708 0.02175 0.0270417
2 0.585773 0.696948 0.0242344 0.0274375
2 0.589313 0.658333 0.0134687 0.0120417
2 0.686828 0.737896 0.0225312 0.030375
2 0.53957 0.743125 0.0174531 0.0280417
2 0.569984 0.690177 0.0215 0.0301875
2 0.658742 0.709687 0.0194531 0.0245
2 0.702562 0.741667 0.014875 0.0235417
2 0.62182 0.690323 0.0215469 0.0276875
2 0.639188 0.678979 0.0197813 0.0223333
2 0.638469 0.701927 0.0205625 0.0273958
2 0.617656 0.678802 0.0125 0.0203958
