0 0.786945 0.747734 0.0248594 0.0615421
0 0.174727 0.311729 0.0316094 0.077757
0 0.860797 0.722944 0.0326875 0.0608411
0 0.763672 0.839019 0.02425 0.0674766
0 0.614555 0.373446 0.0268906 0.0289019
0 0.499523 0.819136 0.0187969 0.0950467
0 0.20693 0.327278 0.0129531 0.0541822
0 0.686141 0.270164 0.0224375 0.0999533
0 0.115711 0.315958 0.0432969 0.0751869
0 0.514523 0.794836 0.0234219 0.0808879
0 0.639727 0.273773 0.0240156 0.117033
0 0.148594 0.349533 0.0276875 0.0330374
0 0.604078 0.289042 0.021875 0.0591121
0 0.902109 0.726857 0.02975 0.0481542
0 0.838266 0.718516 0.0219062 0.0228271
0 0.760688 0.772173 0.02475 0.0728037
0 0.89375 0.705923 0.0258125 0.0746963
0 0.323008 0.806063 0.0402969 0.0894159
0 0.588164 0.297383 0.0258281 0.113271
0 0.184641 0.81243 0.0190937 0.0579439
0 0.504742 0.76493 0.0256719 0.0583178
0 0.650242 0.231869 0.0309219 0.0920093
0 0.227164 0.815292 0.0170469 0.0850234
0 0.142734 0.313224 0.0481562 0.0598598
0 0.201461 0.774614 0.0286719 0.0562383
0 0.783109 0.822944 0.028625 0.096729
0 0.304383 0.775631 0.0237969 0.0399533
0 0.912242 0.735864 0.0359531 0.0333178
0 0.373187 0.774287 0.0185937 0.0657243
0 0.773242 0.781963 0.0245781 0.0765421
0 0.628883 0.260222 0.0273906 0.11264
0 0.390672 0.762827 0.020625 0.0529907
0 0.530258 0.802815 0.0239219 0.0665654
0 0.486898 0.751694 0.0311719 0.0527804
0 0.293398 0.764182 0.0227969 0.0340654
0 0.353445 0.782231 0.0241094 0.0766589
0 0.176453 0.761636 0.0175313 0.0320093
0 0.249195 0.808154 0.0172344 0.0720561
0 0.406438 0.764346 0.0185937 0.0311682
0 0.718891 0.777593 0.0239688 0.0573832
0 0.384938 0.810619 0.0189375 0.069229
0 0.641273 0.345958 0.0433906 0.0434579
0 0.810031 0.803738 0.0245938 0.0735047
0 0.364617 0.81375 0.0175469 0.0950234
0 0.268117 0.788575 0.0254219 0.0438318
0 0.822852 0.763551 0.0213594 0.0549533
0 0.605164 0.321297 0.0441719 0.0458645
0 0.643664 0.337979 0.0414531 0.0382477
0 0.317875 0.745339 0.0276563 0.0391822
0 0.484234 0.79472 0.0225625 0.0828972
0 0.579937 0.26236 0.0400313 0.108178
0 0.425133 0.785572 0.0135781 0.0187617
0 0.167086 0.324836 0.0241719 0.0953738
0 0.663789 0.248516 0.0295469 0.0956776
0 0.879031 0.702161 0.0200313 0.0753037
0 0.674266 0.28882 0.0278438 0.101939
0 0.171398 0.797009 0.0210781 0.0483645
0 0.5285 0.759825 0.0271875 0.0533411
0 0.133852 0.331203 0.0380781 0.095257
0 0.186008 0.298061 0.0450156 0.0889252
0 0.850867 0.779918 0.0205469 0.0251636
0 0.329102 0.818446 0.0261406 0.0893692
0 0.240125 0.774544 0.019 0.0583411
0 0.12043 0.333306 0.0337656 0.0912383
0 0.188359 0.338271 0.019625 0.0370561
0 0.746742 0.811262 0.0218906 0.086729
0 0.659484 0.299661 0.036875 0.0767991
0 0.742734 0.762979 0.0267812 0.0621262
0 0.440641 0.757874 0.020875 0.0428972
0 0.693227 0.29028 0.0103281 0.0465888
0 0.832703 0.780432 0.0189687 0.0509579
0 0.282414 0.78882 0.00942187 0.0232477
0 0.729586 0.794907 0.0194219 0.0496729
0 0.261336 0.766075 0.0197344 0.0397664
0 0.892914 0.722617 0.0166719 0.038271
0 0.46832 0.742138 0.0365781 0.0441355
0 0.436703 0.787827 0.0195938 0.0341589
0 0.334453 0.764171 0.0366563 0.0643692
0 0.802109 0.769451 0.0219062 0.069743
0 0.180727 0.363014 0.0145156 0.0278972
0 0.297148 0.790467 0.0235156 0.0301869
0 0.200656 0.815058 0.0244062 0.0736682
0 0.221062 0.777535 0.0247188 0.0641355
0 0.844172 0.75896 0.018 0.0236682
0 0.17725 0.284065 0.026125 0.0275234
0 0.467227 0.809486 0.0186094 0.0636449
