2 0.951531 0.673945 0.0789792 0.0483594
2 0.797573 0.447695 0.0544792 0.0206094
2 0.287927 0.446055 0.0610208 0.0168281
2 0.989552 0.700016 0.0198125 0.0558438
2 0.0661458 0.682469 0.080375 0.039
2 0.116375 0.708727 0.0949583 0.0477344
2 0.764698 0.435508 0.0479375 0.0186406
2 0.239135 0.457531 0.0558958 0.023
0 0.323125 0.496328 0.0219167 0.00840625
0 0.27001 0.510016 0.0275208 0.0209688
0 0.331552 0.572586 0.0308125 0.0166406
0 0.425729 0.506688 0.0269167 0.0263125
0 0.387594 0.513945 0.0227708 0.0168281
0 0.393542 0.497789 0.027125 0.0169844
0 0.27526 0.530469 0.0236458 0.00590625
0 0.347937 0.56843 0.039 0.0187656
0 0.32649 0.514266 0.0276458 0.01975
0 0.318833 0.531914 0.033375 0.00907812
0 0.373854 0.530047 0.0384167 0.0105313
0 0.391208 0.509617 0.0242083 0.0136094
0 0.372365 0.496328 0.0173958 0.0116875
0 0.301646 0.572055 0.0345417 0.0158281
0 0.346271 0.503547 0.0344167 0.0205
