2 0.650176 0.837719 0.0339813 0.0275313
2 0.828536 0.817516 0.0366979 0.0238125
2 0.682717 0.867945 0.041171 0.0268594
2 0.682787 0.80475 0.0320375 0.0235625
2 0.670281 0.786336 0.0170492 0.0199531
2 0.838021 0.644 0.0329508 0.0144687
2 0.821429 0.792414 0.0253864 0.0153906
2 0.736405 0.836094 0.0367916 0.0267188
2 0.685094 0.833922 0.0332787 0.0247812
2 0.743232 0.808672 0.0338642 0.0208125
2 0.791077 0.77743 0.0362998 0.0209844
2 0.689625 0.779953 0.0345199 0.0260312
2 0.717283 0.801531 0.0215457 0.0134062
2 0.914649 0.641414 0.0411475 0.0314531
2 0.866464 0.822922 0.0191101 0.01625
2 0.675867 0.6635 0.0398829 0.0140625
2 0.63356 0.812719 0.0322248 0.0150625
2 0.755609 0.776656 0.0322482 0.0213125
2 0.586124 0.809047 0.0351054 0.023
2 0.813478 0.828844 0.0383372 0.0254375
2 0.664496 0.851781 0.0432319 0.0293125
2 0.628173 0.801555 0.0496956 0.0325156
2 0.596171 0.852773 0.0343091 0.0234531
2 0.753864 0.847773 0.0280094 0.0186719
2 0.559953 0.847414 0.0316628 0.0260469
2 0.417119 0.709484 0.0338642 0.0173437
2 0.720527 0.775008 0.0205855 0.0134844
2 0.731546 0.642938 0.0654801 0.0322188
2 0.699415 0.818891 0.035082 0.02125
2 0.656218 0.818797 0.0309368 0.0199688
2 0.569859 0.705633 0.0367213 0.0168906
2 0.708642 0.862406 0.0358314 0.02475
2 0.501686 0.702562 0.0498829 0.015125
2 0.580304 0.845805 0.0206557 0.0172344
2 0.838852 0.810945 0.0266979 0.0215469
2 0.584016 0.828414 0.0388525 0.0216719
2 0.615691 0.832586 0.0329274 0.0200469
2 0.637705 0.858734 0.0205152 0.0152812
2 0.905878 0.663906 0.0204684 0.0266562
2 0.806651 0.653742 0.0424356 0.0189844
2 0.85007 0.832383 0.0344262 0.0203281
2 0.840644 0.670687 0.04274 0.0231562
2 0.717951 0.672492 0.0594614 0.0171094
2 0.80041 0.798734 0.0304215 0.0243438
2 0.709672 0.839195 0.0309133 0.0242344
2 0.584321 0.714805 0.0251288 0.0160156
2 0.731733 0.859117 0.0346604 0.0221406
2 0.756991 0.826797 0.0374005 0.0234062
2 0.764941 0.673219 0.0333021 0.0155937
2 0.785293 0.642305 0.0469321 0.0241406
2 0.783407 0.844906 0.034918 0.028375
2 0.744707 0.764211 0.0332084 0.0101719
2 0.776311 0.794125 0.0307963 0.022
2 0.804965 0.672594 0.0521311 0.0194375
2 0.583302 0.870187 0.0311007 0.0165937
2 0.395269 0.722289 0.0256674 0.0152969
2 0.850843 0.808859 0.028993 0.0212812
2 0.784309 0.813109 0.0343794 0.02125
2 0.714438 0.884484 0.0433489 0.0292812
2 0.7237 0.821656 0.027541 0.021
2 0.763443 0.863711 0.0273068 0.0125156
2 0.529707 0.707344 0.0433958 0.0343437
2 0.608372 0.819813 0.018103 0.00890625
2 0.612717 0.86657 0.0294614 0.0216406
