2 0.751023 0.488588 0.0134531 0.0228235
2 0.75568 0.545424 0.0259844 0.0350353
2 0.746516 0.640176 0.0140625 0.0240706
2 0.713359 0.488965 0.0201563 0.0218353
2 0.775445 0.402906 0.00685937 0.0141412
2 0.742445 0.437094 0.0109531 0.0169176
2 0.746953 0.390871 0.0116562 0.0192
2 0.769344 0.503976 0.013625 0.0212706
2 0.790609 0.572353 0.0170313 0.0210353
2 0.73443 0.508812 0.0149531 0.0235059
2 0.79557 0.521918 0.0211094 0.0253882
2 0.792641 0.802376 0.0160313 0.0251294
2 0.783641 0.439447 0.00640625 0.0186588
2 0.748625 0.448953 0.0109063 0.0213412
2 0.760383 0.573329 0.0149844 0.0158824
2 0.737305 0.448388 0.0129531 0.01
2 0.726641 0.435835 0.00971875 0.0203294
2 0.756375 0.4442 0.0143437 0.0212
2 0.82768 0.583976 0.0168594 0.0238588
2 0.722148 0.425894 0.0182344 0.0312706
2 0.759406 0.393 0.0145313 0.0196941
2 0.776336 0.519071 0.0159531 0.0254824
