0 0.485677 0.529789 0.111312 0.102766
0 0.55526 0.494148 0.0828958 0.101266
0 0.740813 0.437375 0.181708 0.0917188
0 0.519146 0.295227 0.0932083 0.0841094
0 0.260573 0.363828 0.127854 0.0796562
0 0.428125 0.492445 0.112042 0.0982969
0 0.156573 0.638539 0.195104 0.151641
0 0.267833 0.648883 0.249208 0.154172
0 0.337031 0.350086 0.136437 0.0603281
0 0.167708 0.712 0.23975 0.0993125
0 0.729938 0.285938 0.108875 0.130094
0 0.904135 0.343078 0.189687 0.0989688
0 0.455687 0.388555 0.09925 0.117547
0 0.947552 0.848539 0.104063 0.191422
0 0.586583 0.397906 0.139125 0.116781
0 0.863396 0.594398 0.153833 0.134797
0 0.936365 0.456352 0.126396 0.132703
0 0.0910208 0.438836 0.124792 0.128891
0 0.419656 0.535227 0.0731042 0.122734
0 0.409031 0.287359 0.0879375 0.0700625
0 0.715531 0.397008 0.130229 0.171203
0 0.586938 0.291016 0.0760417 0.075
0 0.0774375 0.637102 0.117958 0.165391
0 0.37374 0.379711 0.222896 0.0999219
0 0.97751 0.632055 0.0443125 0.0507656
0 0.53376 0.698344 0.239521 0.158094
0 0.203042 0.491305 0.0697083 0.0373906
0 0.355406 0.488945 0.112979 0.121953
0 0.120885 0.642664 0.199729 0.165141
0 0.234 0.362039 0.117042 0.0880469
0 0.636542 0.310102 0.0615417 0.0658906
0 0.635021 0.443594 0.0793333 0.06975
0 0.538635 0.737422 0.215396 0.128969
0 0.746635 0.410383 0.172854 0.134516
0 0.7575 0.856211 0.26375 0.0970781
0 0.165823 0.570852 0.0561458 0.0394531
0 0.702698 0.707828 0.130687 0.170313
0 0.187438 0.363711 0.08375 0.0714219
0 0.224135 0.440633 0.131562 0.0927656
0 0.651031 0.548648 0.207437 0.130141
0 0.762896 0.807492 0.221875 0.104422
0 0.262146 0.530102 0.13175 0.0723906
0 0.935958 0.355719 0.060125 0.071
0 0.554385 0.658547 0.0820625 0.0636875
0 0.768542 0.710008 0.0656667 0.115203
0 0.4765 0.572867 0.1245 0.0662656
0 0.876563 0.431438 0.133792 0.112563
0 0.153323 0.446789 0.168687 0.0916094
0 0.826042 0.561867 0.160708 0.138016
0 0.977021 0.678578 0.042125 0.0450938
0 0.486573 0.503008 0.0629375 0.0774844
0 0.111104 0.272234 0.140167 0.102813
0 0.332719 0.461891 0.110021 0.11775
0 0.372625 0.356039 0.167167 0.0942344
0 0.919802 0.442914 0.154479 0.117547
0 0.122865 0.307469 0.128188 0.0397188
0 0.352208 0.304766 0.121792 0.0753125
0 0.375042 0.270836 0.113833 0.0743594
0 0.717292 0.270508 0.0342917 0.0463594
0 0.478885 0.394797 0.0929792 0.116156
0 0.132958 0.340227 0.126083 0.0733281
0 0.234615 0.609523 0.193687 0.117953
0 0.122885 0.499484 0.134354 0.044625
0 0.441177 0.666281 0.0786458 0.154094
0 0.532833 0.368383 0.073625 0.134797
0 0.801573 0.350875 0.0788542 0.049375
0 0.63176 0.405648 0.128896 0.118453
0 0.0132187 0.385047 0.0264375 0.0634687
0 0.809083 0.318305 0.074375 0.0693906
0 0.100854 0.455953 0.162042 0.136406
0 0.187656 0.239406 0.0763542 0.0683125
0 0.150667 0.283906 0.152792 0.0765938
0 0.649188 0.589664 0.120542 0.0893281
0 0.771115 0.592852 0.107646 0.121109
0 0.211937 0.278461 0.0694167 0.0610156
0 0.0551667 0.433133 0.108583 0.164203
0 0.141177 0.226297 0.137437 0.0784688
0 0.576896 0.518336 0.101208 0.0941094
0 0.548667 0.569391 0.071125 0.0325625
0 0.95026 0.528 0.0988125 0.0359063
0 0.435396 0.31207 0.0772083 0.0435469
0 0.168073 0.511867 0.0218958 0.0156406
0 0.673031 0.693813 0.0939375 0.1955
0 0.753063 0.545711 0.156458 0.151422
0 0.961615 0.335641 0.0761042 0.045125
0 0.484615 0.271977 0.0837708 0.0571719
0 0.312875 0.291234 0.0925833 0.0750625
0 0.152417 0.43393 0.0637917 0.0322656
0 0.896229 0.805633 0.161667 0.221516
0 0.779542 0.294227 0.0447917 0.0469219
0 0.502031 0.674242 0.205146 0.189078
0 0.713073 0.486695 0.124854 0.0257969
0 0.224781 0.305133 0.0703125 0.0479219
0 0.241865 0.488406 0.178687 0.114875
0 0.107438 0.273398 0.132833 0.0886719
0 0.69074 0.311281 0.0670208 0.0887187
0 0.911448 0.617531 0.166313 0.170125
0 0.0514063 0.348227 0.0633125 0.0415781
0 0.526073 0.806117 0.188479 0.0523594
0 0.56749 0.380305 0.113896 0.142484
0 0.355563 0.524492 0.11675 0.100984
0 0.506281 0.613336 0.0640208 0.0605469
0 0.739958 0.758234 0.234167 0.135313
0 0.115635 0.520797 0.106188 0.029
0 0.472521 0.330672 0.0322083 0.0318437
0 0.662021 0.326539 0.0430833 0.0658906
0 0.500583 0.350383 0.0290417 0.0381719
