0 0.837771 0.473664 0.219833 0.0568594
0 0.836125 0.440453 0.211167 0.063875
0 0.605708 0.638508 0.226167 0.0358594
0 0.61974 0.586031 0.245188 0.0534687
0 0.861646 0.626016 0.238708 0.0399375
0 0.615 0.434789 0.239542 0.0686094
0 0.825219 0.459227 0.194021 0.0579844
0 0.620448 0.46918 0.208188 0.0525781
0 0.517708 0.600305 0.051625 0.0244844
0 0.862187 0.539266 0.214875 0.0539063
0 0.757396 0.508445 0.0398333 0.0300469
0 0.628437 0.621562 0.230708 0.041875
0 0.85776 0.561609 0.211396 0.0556875
0 0.512146 0.512375 0.08125 0.0419687
0 0.485563 0.58218 0.03925 0.0162969
0 0.625531 0.533008 0.237104 0.0426406
0 0.869625 0.593766 0.22675 0.0412813
0 0.622896 0.508555 0.251708 0.0635781
0 0.617188 0.568172 0.288167 0.0545937
0 0.505781 0.499609 0.0357708 0.0194062
0 0.518948 0.469297 0.0618958 0.0344375
0 0.507906 0.549516 0.0544375 0.01925
0 0.856219 0.510242 0.235396 0.0655469
0 0.693458 0.431711 0.101792 0.0624219
