0 0.817133 0.778056 0.00857813 0.0233255
0 0.385562 0.963466 0.0438438 0.0613583
0 0.530445 0.0454333 0.0396094 0.0889461
0 0.880562 0.238689 0.0207188 0.0714286
0 0.481781 0.255386 0.0499062 0.0476815
0 0.447258 0.93596 0.0317344 0.0322951
0 0.468547 0.0557963 0.0435938 0.111593
0 0.0197734 0.898419 0.0354219 0.065644
0 0.56157 0.160937 0.0162344 0.0472131
0 0.365586 0.0296136 0.0377031 0.0566511
0 0.619867 0.982611 0.0401094 0.0337002
0 0.579062 0.944941 0.0635 0.0452927
0 0.423016 0.674824 0.061125 0.0580796
0 0.0595859 0.739766 0.113203 0.0625761
0 0.581492 0.854005 0.0798281 0.0592506
0 0.527852 0.212436 0.0136719 0.0187354
0 0.876719 0.731347 0.071875 0.0403513
0 0.586234 0.87904 0.0350312 0.024637
0 0.863102 0.237951 0.0202031 0.0729508
0 0.234109 0.974508 0.0574375 0.0509836
0 0.524484 0.897904 0.06975 0.0353864
0 0.68143 0.820609 0.0749844 0.0344731
0 0.638719 0.946979 0.0635938 0.0502576
0 0.488898 0.94541 0.0589844 0.0284309
0 0.476398 0.877272 0.0222656 0.0353864
0 0.567352 0.955679 0.0690156 0.052904
0 0.425789 0.890141 0.0885156 0.0432319
0 0.709672 0.758607 0.0383125 0.0388056
0 0.573055 0.988103 0.0674531 0.0224824
0 0.0822578 0.682974 0.0839844 0.0592037
0 0.328977 0.967307 0.0352969 0.0653864
0 0.509984 0.399485 0.0328125 0.0533489
0 0.0423984 0.898044 0.0561406 0.0655504
0 0.0791094 0.0121546 0.0330625 0.0243091
0 0.469008 0.124415 0.0138281 0.026534
0 0.592547 0.136101 0.032625 0.0469555
0 0.355469 0.846335 0.055375 0.0263934
0 0.659492 0.884532 0.0808594 0.05
0 0.392297 0.597787 0.062875 0.0322482
0 0.515211 0.267881 0.0377031 0.0500468
0 0.622289 0.185878 0.0169844 0.044637
0 0.368445 0.620422 0.0547344 0.0525527
0 0.0166875 0.647166 0.032 0.0385012
0 0.87118 0.243208 0.0153906 0.0766745
0 0.891516 0.229555 0.0229375 0.0640281
0 0.260664 0.017904 0.0345781 0.035808
0 0.560359 0.276487 0.0344687 0.0520375
0 0.520844 0.055 0.0439375 0.11
0 0.339297 0.951077 0.0844688 0.0978454
0 0.600531 0.0235129 0.0314688 0.0340984
0 0.575031 0.228981 0.0179375 0.0430679
0 0.207516 0.948724 0.056 0.0997424
0 0.85107 0.795117 0.0615156 0.0334192
0 0.897844 0.156663 0.0341875 0.0682201
0 0.441523 0.0400585 0.0546719 0.0785246
0 0.498828 0.832681 0.0562187 0.0222248
0 0.611844 0.427342 0.0379688 0.0490632
0 0.333148 0.0266745 0.0314531 0.0502576
0 0.595047 0.431183 0.027 0.0478923
0 0.164445 0.0882553 0.0452969 0.0917799
0 0.990953 0.262728 0.0167813 0.0547307
0 0.485906 0.376194 0.0583125 0.0460187
0 0.779758 0.224016 0.0242656 0.0538407
0 0.67807 0.745211 0.0222656 0.0369321
0 0.592961 0.0396019 0.0241406 0.0312881
0 0.0204609 0.625386 0.0409219 0.0425761
0 0.525023 0.872178 0.0940156 0.0740984
0 0.597117 0.811042 0.0672344 0.0284543
0 0.609305 0.144356 0.0206719 0.0497424
0 0.466352 0.840328 0.0196094 0.0431382
0 0.0250547 0.612822 0.0501094 0.0482201
0 0.499258 0.396475 0.0300469 0.0524356
0 0.921023 0.24082 0.0100781 0.0543794
0 0.531484 0.340703 0.01725 0.0340047
0 0.911023 0.168162 0.0382344 0.0731382
0 0.302383 0.0301288 0.0449531 0.0576815
0 0.504352 0.145913 0.0275469 0.0449883
0 0.540187 0.878244 0.0713125 0.0270258
0 0.0108359 0.957717 0.0216719 0.0457845
0 0.724773 0.242775 0.0251094 0.0773068
0 0.734461 0.861511 0.0948906 0.0611007
0 0.0953281 0.645902 0.0997813 0.0816393
0 0.657625 0.856218 0.0524687 0.0130913
0 0.10818 0.917799 0.0267031 0.0779859
0 0.508836 0.917354 0.0822969 0.0284778
0 0.429141 0.979684 0.0492812 0.0406323
0 0.365195 0.97692 0.0336719 0.0461593
0 0.634219 0.198208 0.0111875 0.0295316
0 0.36718 0.788759 0.0530781 0.0235597
0 0.785867 0.816967 0.0968281 0.0592272
0 0.540039 0.429286 0.0280469 0.0646136
0 0.494078 0.0624356 0.0271562 0.121686
0 0.125203 0.964368 0.0359063 0.025644
0 0.435352 0.866007 0.0666719 0.0542155
0 0.363125 0.765082 0.0465938 0.0315691
0 0.50975 0.0576112 0.0326562 0.11466
0 0.0395781 0.936639 0.0415312 0.0294848
0 0.722469 0.767822 0.04 0.0412646
0 0.0079375 0.694871 0.014875 0.0276815
0 0.396313 0.801159 0.0528125 0.0305152
0 0.850594 0.725796 0.0378125 0.0704215
0 0.397148 0.914052 0.0797969 0.0725995
0 0.172977 0.0805152 0.0562344 0.0902576
0 0.573367 0.015 0.0194844 0.0279391
0 0.649133 0.317822 0.00992188 0.0264169
0 0.607898 0.293454 0.0311094 0.0381967
0 0.188 0.901405 0.0369375 0.08637
0 0.822297 0.734625 0.0242812 0.065644
0 0.529078 0.818607 0.074 0.03726
0 0.589844 0.942143 0.0481562 0.0481733
0 0.3735 0.662705 0.0677188 0.0416159
0 0.412398 0.827295 0.0607969 0.0433958
0 0.445672 0.835925 0.0335937 0.0453396
0 0.679219 0.798068 0.0584687 0.0392272
0 0.697398 0.754297 0.0229219 0.0284543
0 0.870789 0.756698 0.0669844 0.0401874
0 0.415961 0.668314 0.0607656 0.0353162
0 0.6205 0.907049 0.0647812 0.051007
0 0.549148 0.0450234 0.0228906 0.0863934
0 0.324305 0.748595 0.0171719 0.0535831
0 0.812031 0.853454 0.094625 0.05
0 0.605133 0.175152 0.0218906 0.0459485
0 0.584 0.750012 0.0223125 0.0174473
0 0.672656 0.802237 0.0254688 0.00948478
0 0.56443 0.131663 0.0186406 0.0377049
0 0.485195 0.233583 0.0483281 0.0204684
0 0.452977 0.0492272 0.0528281 0.0974239
0 0.594492 0.317658 0.0256719 0.0362061
0 0.491133 0.972365 0.0556406 0.0487119
0 0.506961 0.349672 0.0241406 0.0128806
0 0.582352 0.141557 0.0231094 0.040726
0 0.175984 0.0323653 0.0515625 0.0545199
0 0.290156 0.902307 0.0926562 0.0477049
0 0.396461 0.633197 0.0714219 0.041007
0 0.690555 0.925656 0.0532656 0.0523888
0 0.54168 0.400785 0.0164219 0.0412412
0 0.115203 0.098466 0.0275313 0.103583
0 0.75543 0.79459 0.0785781 0.0735363
0 0.376898 0.0376347 0.0258281 0.0752693
0 0.576203 0.311522 0.0164687 0.033911
0 0.64343 0.188361 0.0108281 0.0221077
0 0.61068 0.987436 0.0358906 0.0251288
0 0.695461 0.172436 0.0307656 0.0571897
0 0.315656 0.852412 0.0806875 0.0228103
0 0.482734 0.79377 0.055375 0.0540984
0 0.315445 0.890843 0.0352031 0.0338173
0 0.53743 0.284133 0.0174219 0.0337939
0 0.385086 0.917787 0.102266 0.0663466
0 0.637797 0.461148 0.0225625 0.0268384
0 0.165375 0.912822 0.0447813 0.0830679
0 0.850195 0.779274 0.0649531 0.0324122
0 0.861102 0.823197 0.0275469 0.0263934
0 0.46325 0.415304 0.0152187 0.0310304
0 0.229648 0.0162881 0.0427656 0.0318267
0 0.272672 0.969485 0.0254688 0.0318033
0 0.0355469 0.577354 0.0710937 0.035644
0 0.706984 0.24877 0.0226562 0.074356
0 0.458695 0.973876 0.0598281 0.051733
0 0.626867 0.431019 0.0261406 0.045644
0 0.276016 0.0281967 0.0454688 0.0502576
0 0.978 0.279087 0.014875 0.0545667
0 0.146859 0.917611 0.0176875 0.0222482
0 0.536359 0.122213 0.0169375 0.0446136
0 0.600758 0.459122 0.0172656 0.0376347
0 0.00567969 0.0932436 0.0113594 0.0765574
0 0.103148 0.0962646 0.0399531 0.107143
0 0.803078 0.235199 0.0199063 0.0716628
0 0.639945 0.440761 0.0307656 0.045644
0 0.522031 0.799344 0.084 0.0555504
0 0.924508 0.796522 0.0362969 0.0385246
0 0.526078 0.148326 0.0189687 0.0440984
0 0.599047 0.296276 0.024625 0.044356
0 0.632656 0.056815 0.0330625 0.0439344
0 0.399742 0.0310539 0.0234219 0.0621077
0 0.52382 0.426393 0.0240781 0.0605152
0 0.363789 0.869098 0.0223906 0.0269087
0 0.628773 0.300738 0.0314219 0.0404918
0 0.47943 0.0885831 0.0193281 0.0705152
0 0.64832 0.752822 0.0194844 0.0307494
0 0.42443 0.0288525 0.0299219 0.0540984
0 0.726547 0.878232 0.0720937 0.0577752
0 0.302922 0.866534 0.09175 0.038267
0 0.418187 0.884614 0.0926562 0.0892272
0 0.0517031 0.988208 0.067375 0.0228337
0 0.384422 0.199859 0.0135937 0.0722248
0 0.0772422 0.0780562 0.0435469 0.0871194
0 0.40243 0.201569 0.0146406 0.0737705
0 0.490297 0.380691 0.0484687 0.0464403
0 0.0839687 0.96418 0.05975 0.0533255
0 0.131492 0.910141 0.0310781 0.0621546
0 0.172297 0.0687119 0.0476875 0.0794848
0 0.0732344 0.605386 0.0379375 0.0169087
0 0.416102 0.0260304 0.0212031 0.0520609
0 0.624094 0.154227 0.0219062 0.0436768
0 0.660906 0.8513 0.0651875 0.0237237
0 0.633133 0.0312763 0.0144219 0.0295316
0 0.366906 0.740609 0.0498125 0.0469789
0 0.390289 0.20281 0.00614063 0.0771429
0 0.523797 0.403443 0.0234688 0.0534426
0 0.519914 0.124918 0.0217969 0.0386885
0 0.557656 0.435316 0.02275 0.0537237
0 0.603063 0.218454 0.0331562 0.0410304
0 0.569633 0.356101 0.0176094 0.0522951
0 0.623961 0.230691 0.00745312 0.00948478
0 0.896719 0.825398 0.0310937 0.0542155
0 0.0151875 0.08137 0.030375 0.0780562
0 0.473258 0.424614 0.0162344 0.0233255
0 0.147859 0.945 0.0239375 0.0423185
0 0.670102 0.186593 0.0187969 0.0744028
0 0.0603516 0.0171663 0.0443281 0.0334895
0 0.282219 0.920808 0.0827187 0.0466745
0 0.541766 0.96 0.0767812 0.0480094
0 0.408805 0.196276 0.0252031 0.0746136
0 0.793406 0.234742 0.0225625 0.0781967
0 0.912164 0.25589 0.0218906 0.085644
0 0.536859 0.987108 0.0322188 0.0257845
0 0.227703 0.903361 0.0523438 0.0478923
0 0.129266 0.0987939 0.0221875 0.107986
0 0.143313 0.982213 0.0573125 0.0329508
0 0.68332 0.185129 0.0191406 0.0707728
0 0.542305 0.150187 0.0188281 0.055082
0 0.560094 0.405047 0.0193125 0.049719
0 0.902719 0.761721 0.0380313 0.0373536
0 0.644289 0.833337 0.0404844 0.0174473
0 0.0275 0.917588 0.0400313 0.0674473
0 0.414828 0.952471 0.0424375 0.0301405
0 0.562719 0.765234 0.0205 0.0300937
0 0.401289 0.747295 0.0317344 0.0260187
0 0.505328 0.926475 0.0779062 0.0359485
0 0.804688 0.762108 0.0229687 0.049274
0 0.5825 0.285363 0.01625 0.0464169
0 0.0881953 0.924391 0.0184844 0.0271897
0 0.0483672 0.0238525 0.0535469 0.0458314
0 0.483719 0.131663 0.0157813 0.0236066
0 0.614008 0.354988 0.0189844 0.0454333
1 0.930758 0.655293 0.0105781 0.0232787
1 0.93693 0.698431 0.0116719 0.0177049
1 0.948461 0.569063 0.0106406 0.0159719
1 0.987617 0.604215 0.0184844 0.0210773
1 0.920344 0.569356 0.01475 0.030281
1 0.995602 0.675433 0.00879687 0.0215457
1 0.907781 0.667365 0.0224062 0.0284543
1 0.931523 0.565246 0.00854687 0.0151288
1 0.915555 0.55096 0.0116719 0.00918033
1 0.905125 0.55863 0.007875 0.0115457
1 0.972547 0.573583 0.0160625 0.0194848
1 0.955891 0.593923 0.0153437 0.0238173
1 0.903664 0.584614 0.00973437 0.0215457
1 0.963164 0.628372 0.0218281 0.0151991
1 0.985523 0.555375 0.0172656 0.0149649
1 0.940516 0.648126 0.0184687 0.0230913
1 0.919945 0.624005 0.0108281 0.0114286
1 0.964984 0.655 0.0163125 0.0237705
1 0.907961 0.569871 0.0147031 0.0169321
1 0.909258 0.696967 0.0117969 0.0153864
1 0.949563 0.689262 0.0112812 0.0117799
1 0.911609 0.599063 0.0112812 0.015644
1 0.96507 0.697541 0.00992188 0.0122717
1 0.931766 0.613454 0.0125625 0.0135597
1 0.912547 0.640609 0.0183125 0.025808
1 0.976531 0.608993 0.00984375 0.00843091
1 0.952914 0.644778 0.00785938 0.0120375
1 0.979 0.660234 0.0157188 0.0244028
1 0.938148 0.68863 0.0148281 0.0123888
1 0.946391 0.607178 0.0119688 0.0159016
1 0.982461 0.63082 0.0117031 0.0142389
1 0.926 0.686206 0.0145313 0.0118033
1 0.898273 0.648208 0.00910937 0.0147307
1 0.973234 0.618712 0.015875 0.016534
1 0.972297 0.558232 0.0152812 0.0187588
1 0.923492 0.601019 0.0143594 0.0246136
