1 0.271046 0.447034 0.0478758 0.0599183
1 0.188611 0.481332 0.0386601 0.0347222
1 0.225261 0.43116 0.0466667 0.0387255
1 0.191765 0.397998 0.0364052 0.049232
1 0.277369 0.409894 0.0394118 0.0381863
1 0.240368 0.359338 0.0559314 0.0392647
1 0.155237 0.483472 0.0384804 0.0417484
1 0.227745 0.471569 0.0446078 0.0473203
1 0.153072 0.372214 0.0570915 0.0376307
1 0.233995 0.398456 0.050049 0.0479575
1 0.266904 0.482206 0.0578595 0.0469608
1 0.204559 0.49402 0.0427124 0.0246732
1 0.171773 0.446797 0.0556373 0.0469281
1 0.272802 0.369804 0.0401144 0.0411111
1 0.150817 0.400384 0.0465359 0.0355065
1 0.194706 0.361871 0.0430719 0.0361601
