0 0.23825 0.209843 0.119656 0.288616
0 0.19157 0.19346 0.127484 0.31188
0 0.380531 0.155183 0.0684063 0.139817
0 0.0752031 0.289595 0.136437 0.277572
0 0.263109 0.366606 0.103438 0.263029
0 0.360922 0.287493 0.0937813 0.229452
0 0.557453 0.210914 0.161125 0.145065
0 0.59343 0.242415 0.149328 0.100183
0 0.539734 0.32235 0.169813 0.0968668
0 0.541703 0.166723 0.157313 0.145666
0 0.5795 0.826854 0.288156 0.306449
0 0.180727 0.428616 0.110703 0.299164
0 0.422422 0.0629765 0.107688 0.0424543
0 0.301609 0.189204 0.106594 0.229739
0 0.490328 0.282258 0.0615938 0.0938642
0 0.455039 0.184974 0.0416719 0.0617493
0 0.45732 0.112154 0.0908281 0.0939164
