0 0.127344 0.709005 0.0222188 0.0228337
0 0.315461 0.729696 0.0376094 0.0241218
0 0.296914 0.930375 0.0114531 0.0295082
0 0.297641 0.50452 0.0095625 0.0194848
0 0.690328 0.452283 0.0183125 0.0467213
0 0.102555 0.700117 0.0285469 0.0285714
0 0.0800078 0.436101 0.0134844 0.0473302
0 0.0385 0.724988 0.03125 0.0264169
0 0.458148 0.331674 0.00820313 0.0218033
0 0.317297 0.389016 0.013875 0.0347541
0 0.374102 0.596276 0.0227969 0.0316628
0 0.0439531 0.753513 0.0249688 0.0277283
0 0.76593 0.738033 0.0165781 0.0274473
0 0.80668 0.826487 0.0236406 0.0238876
0 0.720414 0.788384 0.0144531 0.0337705
0 0.466875 0.345234 0.013875 0.0440515
0 0.353406 0.360773 0.0150312 0.0284778
0 0.749125 0.493759 0.015875 0.0178689
0 0.696172 0.342775 0.0156875 0.022178
0 0.425742 0.309333 0.0117031 0.0402108
0 0.888828 0.575703 0.0194687 0.0487822
0 0.929953 0.558958 0.0333437 0.0202576
0 0.251875 0.840035 0.0138437 0.0279859
0 0.373531 0.481265 0.011125 0.0159251
0 0.30343 0.894766 0.0149531 0.0325761
0 0.831156 0.856874 0.013875 0.031733
0 0.882938 0.934614 0.0127812 0.0208431
0 0.323188 0.839157 0.01825 0.0278689
0 0.163453 0.839567 0.021875 0.0292506
0 0.374703 0.272553 0.0251563 0.0479157
0 0.2115 0.497225 0.0130938 0.0446604
0 0.936836 0.932494 0.0182344 0.0161827
0 0.652375 0.495504 0.0291563 0.0357845
0 0.684281 0.423888 0.0132812 0.0444965
0 0.149734 0.547096 0.0345312 0.0318033
0 0.422359 0.395281 0.0129062 0.0345902
0 0.401008 0.414133 0.00957812 0.0180094
0 0.235289 0.900141 0.0129531 0.0257611
0 0.4355 0.526838 0.0124688 0.0292272
0 0.20375 0.407705 0.0165937 0.0459016
0 0.169664 0.514906 0.0194844 0.0556674
0 0.757375 0.470281 0.0166875 0.0263232
0 0.30468 0.637424 0.00495313 0.0297424
0 0.307992 0.805141 0.0120469 0.0443326
0 0.265391 0.375269 0.0119688 0.0241218
0 0.0702266 0.87185 0.0178281 0.0323653
0 0.415031 0.889087 0.0131562 0.0453864
0 0.318617 0.859813 0.0216094 0.0258548
0 0.832203 0.777541 0.0174063 0.0187354
0 0.432336 0.50178 0.0108906 0.0301171
0 0.309555 0.838443 0.0239219 0.0276112
0 0.780273 0.616967 0.0116406 0.0413349
0 0.682273 0.37726 0.0170469 0.0267916
0 0.0602422 0.793033 0.0208594 0.0240984
0 0.622773 0.359813 0.0124844 0.0316628
0 0.0354219 0.89952 0.0439375 0.0411007
0 0.411773 0.713396 0.0176406 0.0155504
0 0.122906 0.303314 0.0145625 0.0349649
0 0.042625 0.704028 0.0312187 0.0204684
0 0.489898 0.313724 0.0143594 0.0410304
0 0.448586 0.869391 0.0121406 0.0382201
0 0.911188 0.785726 0.0323125 0.0238642
0 0.386773 0.625831 0.0353594 0.0327869
0 0.158078 0.910445 0.0149687 0.0230445
0 0.385648 0.908232 0.0138594 0.0325761
0 0.925367 0.836885 0.0187969 0.0328337
0 0.413664 0.863431 0.0160781 0.0320609
0 0.128664 0.397213 0.0174531 0.0687119
0 0.201367 0.567026 0.0131719 0.0351288
0 0.37507 0.54582 0.0135156 0.0169321
0 0.732859 0.783419 0.016125 0.0371897
0 0.294633 0.482143 0.0120781 0.0309368
0 0.985414 0.769344 0.0203281 0.0106792
0 0.656352 0.397623 0.0193906 0.0313583
0 0.35843 0.49877 0.0111406 0.0183372
0 0.268469 0.664696 0.0185937 0.0222248
0 0.42093 0.829766 0.0128281 0.0362529
0 0.622742 0.426534 0.0132344 0.0190632
0 0.464938 0.467459 0.0138437 0.0320609
0 0.706141 0.262939 0.0326562 0.014356
0 0.0609531 0.474052 0.017625 0.0553162
0 0.715898 0.419649 0.0120469 0.0564403
0 0.35325 0.34377 0.011625 0.0189696
0 0.676734 0.526838 0.014875 0.0610304
0 0.424984 0.484379 0.0114375 0.0346136
0 0.395727 0.817787 0.0153281 0.042178
0 0.144945 0.847155 0.0198281 0.0246136
0 0.610656 0.503337 0.0183437 0.0185246
0 0.413258 0.313407 0.0135781 0.0422248
0 0.0662109 0.439848 0.0254219 0.0471897
0 0.693547 0.410211 0.0109375 0.0370492
0 0.0549531 0.932728 0.0155625 0.0628337
0 0.162203 0.754578 0.0249062 0.0261593
0 0.944 0.825867 0.0280313 0.0292506
0 0.235469 0.867436 0.0116875 0.0284543
0 0.489086 0.299614 0.00735937 0.0164169
0 0.260117 0.754098 0.0125781 0.0330679
0 0.869297 0.795199 0.0156875 0.0296487
0 0.839391 0.89034 0.0150625 0.028829
0 0.717781 0.717002 0.013 0.0346136
0 0.23043 0.79411 0.0158906 0.0395082
0 0.618516 0.486405 0.0163125 0.0191803
0 0.121852 0.585703 0.0180469 0.0207728
0 0.69982 0.554789 0.0169219 0.0200234
0 0.724938 0.513841 0.0163438 0.0193911
0 0.391406 0.412354 0.0151875 0.027096
0 0.923984 0.760047 0.0119063 0.0367213
0 0.240148 0.824239 0.0114844 0.0264169
0 0.978789 0.712518 0.0387969 0.0277049
0 0.729992 0.720468 0.0135469 0.0335363
0 0.216484 0.424122 0.0157188 0.0392506
0 0.330797 0.807248 0.0198438 0.0346838
0 0.615898 0.380059 0.0138594 0.0336066
0 0.435633 0.33226 0.0112656 0.0204918
0 0.969641 0.786756 0.024625 0.0238642
0 0.0351953 0.933244 0.00992188 0.0171663
0 0.904516 0.624543 0.0335 0.0236066
0 0.0363281 0.923115 0.0309375 0.0523185
0 0.477305 0.498314 0.00751562 0.0189696
0 0.274602 0.648653 0.0222344 0.0610539
0 0.911492 0.83959 0.0192031 0.0284075
0 0.380586 0.880749 0.0109531 0.0379391
0 0.139125 0.768806 0.02 0.028993
0 0.450891 0.361429 0.0164687 0.0444496
0 0.817391 0.704754 0.00953125 0.0227635
0 0.281453 0.51548 0.0109375 0.0248712
0 0.415461 0.778677 0.0304219 0.0333255
0 0.0860156 0.608642 0.00478125 0.0102576
0 0.809703 0.69055 0.01675 0.0522482
0 0.739812 0.696218 0.0152187 0.0433489
0 0.625203 0.396042 0.011625 0.0338642
0 0.263617 0.395187 0.0249531 0.0181967
0 0.617961 0.464286 0.00904687 0.0161593
0 0.149234 0.867412 0.018875 0.0238173
0 0.871852 0.885035 0.0205469 0.0240749
0 0.242227 0.402986 0.00748437 0.0161358
0 0.945648 0.884005 0.0117031 0.0220141
0 0.386703 0.855351 0.0138437 0.0354801
0 0.669109 0.845422 0.0169375 0.0307494
0 0.910703 0.610433 0.014875 0.0183372
0 0.22843 0.88404 0.0119531 0.0262061
0 0.121109 0.325726 0.00821875 0.0192272
0 0.450008 0.387693 0.0214844 0.0203044
0 0.190391 0.574286 0.011625 0.0171897
0 0.975125 0.890234 0.0123125 0.0112881
0 0.0478437 0.875913 0.0390313 0.0327635
0 0.0760312 0.636803 0.0455938 0.0292037
0 0.192641 0.849848 0.0193125 0.0238642
0 0.172437 0.882717 0.0152187 0.0238407
0 0.349531 0.433407 0.0111562 0.020726
0 0.0155859 0.686218 0.0304219 0.0325761
0 0.977852 0.725199 0.0389844 0.0351288
0 0.906617 0.964684 0.0134844 0.0284778
0 0.769688 0.495152 0.01425 0.0190632
0 0.914016 0.891054 0.0155625 0.0230913
