0 0.595625 0.61918 0.0456562 0.0789227
0 0.675859 0.697834 0.0740313 0.0448478
0 0.755727 0.716511 0.0734844 0.0442155
0 0.512641 0.685632 0.02 0.0240984
0 0.52457 0.694297 0.0293594 0.0291101
0 0.662234 0.620117 0.0269375 0.0374707
0 0.527555 0.749637 0.0430156 0.0842857
0 0.678531 0.636159 0.0157188 0.0281967
0 0.560289 0.707049 0.0528281 0.0387354
0 0.759422 0.720785 0.0665625 0.0310773
0 0.485422 0.71171 0.0377813 0.0453864
0 0.595633 0.63603 0.0707656 0.0781967
0 0.595109 0.703946 0.0410937 0.0460656
0 0.607367 0.615948 0.0570156 0.0859485
0 0.595164 0.730738 0.0429219 0.0423653
0 0.506766 0.620269 0.0467187 0.0987588
0 0.462992 0.745761 0.0206094 0.0377518
0 0.474617 0.648384 0.0381094 0.0335831
0 0.627781 0.793384 0.0299063 0.0384778
0 0.66393 0.735574 0.0653906 0.0819204
0 0.552266 0.756124 0.0504687 0.0848946
0 0.743258 0.682904 0.0581719 0.0551288
0 0.588937 0.796593 0.069 0.0690164
0 0.570531 0.683337 0.0728437 0.0423185
0 0.629555 0.758302 0.0303281 0.0511241
0 0.524273 0.601593 0.0203281 0.0420609
0 0.544766 0.783759 0.0840937 0.0700468
0 0.522719 0.613337 0.0490625 0.0933255
0 0.451766 0.74534 0.0159375 0.0434192
0 0.713008 0.639918 0.0601719 0.0874239
0 0.675977 0.736511 0.0670156 0.0372834
0 0.49625 0.678173 0.0547188 0.035644
0 0.461727 0.710621 0.0141094 0.0419906
0 0.565031 0.61534 0.02525 0.0776581
0 0.448992 0.686124 0.0255156 0.0487822
0 0.619102 0.736159 0.0317969 0.0700234
0 0.733945 0.640187 0.0260781 0.0185948
0 0.657383 0.606276 0.0321406 0.0361593
0 0.701969 0.646979 0.0541875 0.0825761
0 0.743688 0.75 0.082375 0.0459953
0 0.484773 0.601335 0.0239219 0.0630913
0 0.669148 0.773419 0.0576406 0.0382201
0 0.515516 0.733794 0.0482187 0.0591569
0 0.662094 0.670632 0.0669687 0.0418735
0 0.734773 0.744122 0.0708281 0.0561124
0 0.552969 0.618864 0.0311563 0.0675176
0 0.666375 0.720211 0.0676875 0.0340984
0 0.565102 0.781944 0.0800156 0.0743794
0 0.468945 0.676452 0.0382656 0.0486885
