0 0.53188 0.71472 0.1738 0.269493
0 0.85272 0.382333 0.17528 0.11768
0 0.73426 0.626173 0.2282 0.191867
0 0.15778 0.292827 0.11808 0.135893
0 0.7158 0.115373 0.11752 0.15144
0 0.22808 0.782947 0.18464 0.15336
0 0.87299 0.254307 0.20178 0.159333
0 0.79335 0.458987 0.25282 0.198027
0 0.0915 0.593747 0.183 0.11592
0 0.07048 0.381613 0.14096 0.1484
0 0.44571 0.21324 0.1551 0.113627
0 0.08495 0.485547 0.1463 0.137707
0 0.24556 0.208067 0.11904 0.0726667
0 0.81324 0.189627 0.13764 0.129173
0 0.48506 0.101667 0.1226 0.0908533
0 0.61602 0.118907 0.1118 0.122293
0 0.39973 0.840667 0.19414 0.211787
0 0.39063 0.141587 0.10298 0.0870133
0 0.1721 0.665053 0.16684 0.146427
