0 0.112208 0.840594 0.0739167 0.0550937
0 0.376208 0.926844 0.0319167 0.0141563
0 0.917135 0.618516 0.0525208 0.0364375
0 0.833781 0.566492 0.0478125 0.0139844
0 0.45149 0.808898 0.0801042 0.0430156
0 0.461083 0.793258 0.0713333 0.0345781
0 0.260406 0.96157 0.0927708 0.0704844
0 0.392885 0.796039 0.0630625 0.0359219
0 0.386302 0.948523 0.0477708 0.0353594
0 0.966396 0.640445 0.0618333 0.0212969
0 0.364427 0.820047 0.0711458 0.0292187
0 0.953917 0.603406 0.0340417 0.022125
0 0.906427 0.575469 0.0153125 0.02275
0 0.14674 0.821688 0.0788542 0.05225
0 0.20701 0.94518 0.0936042 0.0633906
0 0.835917 0.58675 0.0414583 0.035625
0 0.882375 0.611563 0.04475 0.03025
0 0.379729 0.846602 0.0792083 0.0659219
0 0.970594 0.621602 0.0588125 0.0249531
0 0.145042 0.933594 0.0926667 0.067375
0 0.872771 0.587055 0.0401667 0.0258281
