0 0.742656 0.716089 0.0540312 0.193724
0 0.484711 0.523782 0.125422 0.19534
0 0.315117 0.281944 0.154859 0.148993
0 0.342352 0.345913 0.141547 0.151874
0 0.670914 0.688852 0.0814844 0.212037
0 0.371188 0.0950585 0.0839375 0.150492
0 0.275914 0.109906 0.168547 0.130211
0 0.71582 0.702119 0.0559531 0.210141
0 0.302719 0.0880562 0.139063 0.115457
0 0.274336 0.156393 0.163203 0.131054
0 0.556516 0.586066 0.156219 0.290258
0 0.778094 0.707881 0.0539687 0.153934
0 0.322367 0.0732201 0.142016 0.132248
0 0.800523 0.70226 0.0437656 0.122037
0 0.293398 0.21863 0.174078 0.157541
0 0.378961 0.410304 0.135391 0.168009
0 0.622883 0.701265 0.0413594 0.119953
0 0.375867 0.0761827 0.100797 0.134941
0 0.761055 0.714906 0.0551094 0.178197
0 0.428945 0.474602 0.121266 0.170843
0 0.415187 0.0869672 0.0487187 0.0847541
