0 0.821766 0.834271 0.0810625 0.0928333
0 0.716914 0.931021 0.0617344 0.111792
0 0.899219 0.847177 0.090375 0.0963958
0 0.481609 0.787104 0.0440313 0.0833333
0 0.312375 0.753479 0.0576875 0.0736667
0 0.284742 0.848969 0.0780781 0.0861458
0 0.387195 0.873875 0.0817031 0.0904167
0 0.363469 0.773219 0.0480312 0.0780625
0 0.45268 0.877052 0.0753906 0.0976875
0 0.543414 0.794312 0.0640469 0.0861667
0 0.80107 0.94849 0.0663594 0.103021
0 0.204172 0.822458 0.0927813 0.0990417
0 0.695133 0.811427 0.0786094 0.0875208
0 0.248016 0.748083 0.0698125 0.0535833
0 0.555445 0.902979 0.0782031 0.109833
0 0.756805 0.834281 0.0582656 0.0905208
0 0.418273 0.771375 0.0567344 0.073625
0 0.614469 0.807406 0.0688438 0.0862292
