2 0.454828 0.513458 0.0280313 0.02875
2 0.720391 0.778927 0.06575 0.0740625
2 0.804711 0.538844 0.0673906 0.0671458
2 0.649461 0.284396 0.0197344 0.0415
2 0.447961 0.782479 0.0628906 0.0782083
2 0.338594 0.423125 0.0535625 0.0625
2 0.423633 0.171396 0.0546719 0.0884583
2 0.866914 0.520698 0.0475781 0.0961042
2 0.624383 0.214156 0.0588594 0.0741875
2 0.665609 0.096625 0.0623125 0.0735417
2 0.797609 0.683615 0.0562187 0.0812292
2 0.695555 0.484833 0.0611719 0.0865417
2 0.739219 0.298344 0.058875 0.0776875
2 0.557391 0.833344 0.074625 0.0886875
2 0.842086 0.345281 0.0638281 0.0743542
2 0.672492 0.420448 0.0387344 0.0663542
2 0.796133 0.62599 0.0437031 0.0556875
2 0.58575 0.350229 0.100625 0.111125
2 0.493531 0.381292 0.0220625 0.039375
2 0.608547 0.456656 0.10375 0.126979
2 0.817445 0.266042 0.0687656 0.0975
2 0.693078 0.28 0.0467187 0.0569167
2 0.284227 0.40351 0.0567344 0.0956458
2 0.649711 0.133344 0.0681406 0.0690208
2 0.634602 0.681406 0.0728906 0.0925625
2 0.552219 0.91276 0.0677188 0.0964375
2 0.388492 0.701417 0.0769219 0.106917
