0 0.506867 0.255212 0.0118906 0.0264151
0 0.455172 0.397594 0.0154687 0.0433962
0 0.535766 0.214116 0.0120938 0.0380896
0 0.186352 0.207559 0.00985938 0.0279481
0 0.317102 0.209811 0.0154531 0.0438679
0 0.480445 0.1977 0.00679687 0.0302594
0 0.472484 0.393915 0.0109687 0.0451887
0 0.389437 0.218715 0.0129062 0.038467
0 0.407398 0.218019 0.0151094 0.0274528
0 0.593805 0.253868 0.00801563 0.0423113
0 0.353914 0.217594 0.0116094 0.0383491
0 0.563937 0.386226 0.011125 0.0215566
0 0.529719 0.247406 0.0090625 0.0136792
0 0.413273 0.231616 0.0122344 0.0120519
0 0.2025 0.210189 0.0117188 0.0415566
0 0.223898 0.215413 0.0148594 0.016816
0 0.608656 0.230083 0.01525 0.0277123
0 0.564586 0.376167 0.0137656 0.0326179
0 0.479352 0.213656 0.00373438 0.0182075
0 0.161383 0.186462 0.0242969 0.0243868
0 0.240398 0.210448 0.0181719 0.0466981
0 0.609992 0.220837 0.0227656 0.0279481
0 0.275227 0.211144 0.0146094 0.0259198
0 0.232305 0.211002 0.0159531 0.0485142
0 0.518398 0.253998 0.00932812 0.0230896
0 0.627039 0.216863 0.0146094 0.0405189
0 0.262469 0.223196 0.00984375 0.0274292
0 0.352023 0.189847 0.0130781 0.0366745
0 0.466914 0.196722 0.00920312 0.0275472
0 0.580984 0.384882 0.0123125 0.0421698
0 0.24482 0.383019 0.0107031 0.0358491
0 0.575414 0.212075 0.0129844 0.0364623
0 0.362828 0.22316 0.0059375 0.0174528
0 0.268336 0.214941 0.0135469 0.0339387
0 0.292562 0.200236 0.0214062 0.0333491
0 0.595852 0.433667 0.0123281 0.0353066
0 0.604906 0.24421 0.0175625 0.0409198
0 0.607867 0.237889 0.0212344 0.0348821
0 0.303102 0.211557 0.0106094 0.0468396
0 0.349617 0.26783 0.00542188 0.0142925
0 0.585891 0.25513 0.010875 0.0332311
0 0.496203 0.273632 0.0124688 0.0228774
0 0.413148 0.193986 0.0133594 0.0291038
0 0.474578 0.21533 0.00753125 0.0204717
0 0.385117 0.212547 0.0129219 0.0372642
0 0.527508 0.207889 0.0151094 0.0312972
0 0.207266 0.392229 0.0168437 0.0667689
0 0.488117 0.390118 0.0121406 0.0451415
0 0.513344 0.245177 0.0105938 0.0251651
0 0.277 0.197748 0.0142813 0.0202594
0 0.515211 0.269752 0.0122344 0.0148821
0 0.309961 0.216604 0.0129219 0.0523113
0 0.200117 0.193644 0.00407813 0.0141274
