0 0.486766 0.552868 0.278531 0.465127
0 0.277672 0.928604 0.114562 0.142792
0 0.081625 0.659086 0.16325 0.681827
0 0.830977 0.363858 0.0991406 0.18132
0 0.0246641 0.506739 0.0493281 0.133325
0 0.420094 0.638008 0.291469 0.558452
0 0.888398 0.652817 0.223203 0.694365
0 0.74518 0.457094 0.224641 0.258198
0 0.554289 0.519137 0.0713281 0.249086
0 0.740187 0.761574 0.466031 0.46335
0 0.955906 0.669835 0.0881875 0.540685
0 0.920156 0.233617 0.159062 0.29698
0 0.719938 0.545127 0.210875 0.379492
0 0.432703 0.267563 0.135438 0.186396
0 0.0443047 0.433211 0.0886094 0.174645
0 0.245047 0.461624 0.0876563 0.407817
0 0.165367 0.606066 0.0945469 0.347411
0 0.619367 0.542563 0.100047 0.327056
0 0.0651797 0.418655 0.115516 0.163198
0 0.550906 0.369226 0.345781 0.271041
0 0.448992 0.442614 0.160047 0.23467
0 0.0687344 0.267398 0.136469 0.163274
0 0.122883 0.174734 0.0782031 0.13769
0 0.697977 0.344226 0.0689219 0.107944
0 0.813711 0.389239 0.106672 0.219239
0 0.134336 0.142475 0.0822656 0.103122
0 0.249539 0.612919 0.175703 0.386345
0 0.95218 0.243084 0.0359219 0.0951523
0 0.976648 0.505127 0.0467031 0.214416
0 0.108336 0.258909 0.198297 0.156396
0 0.984563 0.261802 0.0299687 0.199492
0 0.0881016 0.182855 0.0649844 0.156066
0 0.0453594 0.176967 0.0619375 0.168858
0 0.184938 0.930393 0.0683438 0.136472
0 0.206266 0.217195 0.0837813 0.434391
0 0.0428906 0.376802 0.0857813 0.160254
0 0.558812 0.175381 0.188719 0.178071
0 0.397789 0.854277 0.302109 0.289213
0 0.488484 0.639226 0.338781 0.586168
0 0.577086 0.478147 0.0207656 0.130457
0 0.305484 0.115749 0.0363438 0.229518
0 0.365 0.0715863 0.049375 0.0774365
0 0.263711 0.126865 0.0824844 0.253731
0 0.793859 0.393642 0.1295 0.222462
0 0.0146641 0.262221 0.0293281 0.0698223
0 0.0100625 0.572982 0.0182187 0.075203
0 0.462891 0.258845 0.171125 0.176675
