0 0.666776 0.745914 0.0555263 0.0761406
0 0.574419 0.859 0.064057 0.0625938
0 0.513838 0.889891 0.131316 0.0502187
0 0.777412 0.891383 0.0926754 0.0607969
0 0.601283 0.559312 0.051864 0.0935625
0 0.722895 0.867844 0.0745614 0.0577812
0 0.600855 0.815031 0.0610526 0.066625
0 0.668936 0.791078 0.0499781 0.0513438
0 0.606338 0.61157 0.0725439 0.109578
0 0.547862 0.575734 0.0726096 0.0865
0 0.674463 0.469383 0.0599781 0.126672
0 0.778344 0.781297 0.101557 0.0774375
0 0.611886 0.476187 0.11864 0.100875
0 0.513026 0.788867 0.0440789 0.0540156
0 0.475384 0.680078 0.056557 0.0584687
0 0.740175 0.569375 0.0386842 0.0841563
0 0.782697 0.724219 0.0570614 0.0965312
0 0.754408 0.752367 0.0620175 0.0848906
0 0.654452 0.846016 0.0507018 0.0804688
0 0.527818 0.697039 0.0497149 0.0592031
0 0.457643 0.73382 0.0663377 0.0594844
0 0.50375 0.834789 0.0794737 0.0476719
0 0.758059 0.88568 0.0598026 0.0575469
0 0.506765 0.620984 0.13432 0.0824688
0 0.554627 0.748055 0.0746491 0.0524219
0 0.781414 0.656609 0.05625 0.113219
0 0.496173 0.745977 0.078443 0.0474531
0 0.613629 0.744781 0.0685307 0.0833125
0 0.671908 0.714531 0.0525877 0.073
0 0.743805 0.935266 0.112961 0.0410313
0 0.561678 0.875094 0.0534868 0.0401562
0 0.454452 0.893141 0.0432456 0.0197813
0 0.49955 0.944422 0.134232 0.03425
0 0.648794 0.553898 0.0485965 0.0961406
0 0.767895 0.643039 0.0480263 0.101859
0 0.705581 0.951094 0.0769079 0.0419062
0 0.609441 0.940609 0.0399781 0.0605
0 0.447982 0.584187 0.0537281 0.064625
0 0.730274 0.634969 0.0732237 0.100094
0 0.725461 0.815227 0.0304825 0.0403594
0 0.489814 0.926086 0.125373 0.0336094
0 0.609748 0.681047 0.0681798 0.0501562
0 0.636009 0.900305 0.0590351 0.0387656
0 0.701809 0.537164 0.0496272 0.0627656
0 0.591864 0.503984 0.0482456 0.0595938
0 0.456064 0.634266 0.112741 0.0699687
0 0.672785 0.912359 0.0445614 0.0385937
0 0.540285 0.876047 0.0968421 0.06325
0 0.485746 0.719437 0.0724123 0.0510625
0 0.614112 0.787266 0.0612061 0.0607812
0 0.458213 0.831211 0.0544079 0.0432344
0 0.715504 0.755164 0.0472368 0.0893281
0 0.542401 0.668516 0.0991009 0.0645938
0 0.553246 0.81018 0.0682018 0.0447656
0 0.711524 0.903602 0.05125 0.0364844
0 0.692423 0.82218 0.0455044 0.0583281
0 0.50727 0.915953 0.133224 0.0399062
0 0.460154 0.686539 0.0467544 0.0316406
0 0.618443 0.456047 0.0665351 0.0700937
0 0.473662 0.814516 0.0717982 0.0577187
0 0.559276 0.615219 0.100526 0.085875
0 0.740636 0.826523 0.0657895 0.0558594
0 0.466612 0.86218 0.0298465 0.0207969
0 0.693871 0.604484 0.0591009 0.120094
0 0.776327 0.497266 0.0385307 0.109344
0 0.718739 0.707687 0.0511184 0.0573125
0 0.785855 0.510437 0.0529825 0.101125
0 0.780691 0.852828 0.04375 0.0392813
0 0.650362 0.59793 0.0567325 0.109141
0 0.763838 0.488648 0.04 0.106703
0 0.465077 0.781469 0.0370833 0.0405937
0 0.617654 0.868 0.0548684 0.051
0 0.622774 0.70825 0.0452851 0.0651562
0 0.689803 0.435 0.0377632 0.0660937
0 0.682412 0.871867 0.0488158 0.0464219
0 0.736338 0.692242 0.0369298 0.0889531
0 0.569485 0.71893 0.0414693 0.0595469
0 0.724243 0.481953 0.0519079 0.119094
0 0.50227 0.571609 0.0469518 0.0420937
0 0.794934 0.813297 0.0409211 0.0444688
0 0.557939 0.779844 0.0596491 0.0447188
