0 0.490508 0.531765 0.0362969 0.0895103
0 0.341148 0.686031 0.0388281 0.0946907
0 0.396836 0.552229 0.0267031 0.119253
0 0.467695 0.670387 0.0968906 0.0802577
0 0.369328 0.534227 0.0387813 0.133608
0 0.506133 0.544845 0.0436406 0.0590206
0 0.454281 0.542899 0.0490312 0.106881
0 0.439172 0.714497 0.0395937 0.0476546
0 0.443234 0.605 0.053875 0.0766495
0 0.48343 0.597474 0.0648281 0.0747423
0 0.35107 0.74942 0.0607031 0.0561598
0 0.354758 0.680399 0.0254844 0.0955412
0 0.462906 0.70259 0.0832187 0.0489948
0 0.38032 0.715812 0.0452656 0.0826546
0 0.423828 0.532358 0.0350625 0.128119
