0 0.730069 0.886333 0.0944722 0.077125
0 0.969778 0.717854 0.0604444 0.05025
0 0.920153 0.712385 0.102583 0.0604792
0 0.801542 0.871396 0.120139 0.0657083
0 0.660153 0.934813 0.06575 0.0866667
0 0.935069 0.846969 0.0924722 0.0638542
0 0.837833 0.749271 0.0785556 0.06275
0 0.847653 0.785687 0.0699722 0.0709583
0 0.851722 0.887125 0.136778 0.089875
0 0.875458 0.750313 0.0919722 0.0757083
0 0.803903 0.827458 0.136583 0.0375
0 0.751278 0.876573 0.0888333 0.0723125
0 0.704875 0.920292 0.0706389 0.105792
0 0.659903 0.888438 0.0504167 0.0824583
0 0.771889 0.949958 0.0741111 0.0593333
0 0.892014 0.798302 0.0420278 0.0402708
0 0.909986 0.86299 0.0636389 0.0470625
0 0.607903 0.89549 0.0614167 0.0794792
0 0.905986 0.742812 0.0964722 0.0780417
0 0.749347 0.822531 0.0678056 0.0356458
0 0.820472 0.925573 0.0906111 0.0771458
0 0.971361 0.793302 0.0572778 0.0418125
0 0.951306 0.689354 0.0973889 0.0369583
0 0.810667 0.778469 0.0563889 0.0725208
0 0.956639 0.851865 0.0833889 0.0679792
0 0.850431 0.858865 0.124861 0.0444375
0 0.592569 0.881875 0.0834722 0.0593333
0 0.971486 0.7475 0.0548611 0.0297917
