1 0.406562 0.362021 0.0482187 0.0413785
1 0.339875 0.521834 0.042875 0.0384346
1 0.462867 0.411717 0.0568281 0.0390421
1 0.769461 0.545923 0.0555469 0.0627804
1 0.821063 0.535981 0.03525 0.0439252
1 0.35857 0.383738 0.0466719 0.0321495
1 0.54275 0.312722 0.035 0.0253972
1 0.338641 0.450993 0.0518438 0.0349299
1 0.545203 0.362079 0.0388125 0.0217757
1 0.691164 0.527769 0.0646406 0.0610514
1 0.284969 0.399836 0.0485938 0.0253271
1 0.204172 0.398376 0.0326875 0.0334813
1 0.55075 0.497371 0.0311875 0.038014
1 0.543 0.405222 0.0322188 0.0268925
1 0.558578 0.433516 0.0275 0.0263785
1 0.232977 0.427675 0.0517344 0.0403972
1 0.261813 0.453154 0.038625 0.0349533
1 0.448 0.465981 0.0545312 0.0401869
1 0.518555 0.293832 0.0389531 0.0163551
1 0.282875 0.477009 0.044375 0.0266822
1 0.720156 0.579042 0.058375 0.0506542
1 0.729883 0.502243 0.0648281 0.0709813
1 0.499414 0.444019 0.0503594 0.0548598
1 0.33057 0.362956 0.0433594 0.0307243
1 0.413406 0.43028 0.0526563 0.0435981
1 0.428375 0.318797 0.0508125 0.0228738
1 0.601969 0.356238 0.0386562 0.0349533
1 0.672063 0.411414 0.0314375 0.033715
1 0.367656 0.468353 0.0502187 0.0452103
1 0.687633 0.476857 0.0522344 0.0475935
1 0.700953 0.438984 0.0497812 0.0302103
1 0.398742 0.497991 0.0423281 0.0460748
1 0.774844 0.476495 0.0590625 0.0599533
1 0.483898 0.311297 0.0466719 0.0381075
1 0.566563 0.332161 0.042125 0.0191822
1 0.380773 0.409322 0.0319219 0.0318692
1 0.575516 0.38639 0.0487812 0.0388084
1 0.458219 0.347313 0.0385937 0.0429907
1 0.494289 0.369451 0.0577969 0.0326869
1 0.43125 0.388213 0.0495937 0.033715
1 0.518625 0.340327 0.0417812 0.0390187
1 0.647352 0.506005 0.0304844 0.0329439
1 0.380398 0.344977 0.0320156 0.0242056
1 0.313242 0.422231 0.0456406 0.0423598
1 0.653086 0.443879 0.0442031 0.0479439
1 0.727742 0.463201 0.0340781 0.0315421
