0 0.37957 0.149969 0.0272031 0.0373566
0 0.398547 0.832941 0.35075 0.27375
0 0.282 0.269836 0.0215312 0.0482787
0 0.661031 0.251486 0.072375 0.129898
0 0.634461 0.231496 0.0416406 0.153238
0 0.724078 0.194518 0.0560625 0.0429713
0 0.121492 0.269262 0.0379531 0.0539754
0 0.578547 0.255748 0.0466875 0.126086
0 0.854328 0.28833 0.084125 0.180307
0 0.683523 0.447941 0.176609 0.154324
0 0.390492 0.175697 0.0226406 0.0630738
0 0.750516 0.601189 0.297531 0.111926
0 0.341664 0.234744 0.0478281 0.0376844
0 0.08125 0.413986 0.115312 0.06375
0 0.602805 0.239488 0.0320156 0.141025
0 0.285445 0.389734 0.0270469 0.044877
0 0.0872734 0.235246 0.0183906 0.0230738
0 0.20757 0.304703 0.0930781 0.11834
0 0.803086 0.33083 0.0591406 0.0875615
0 0.181359 0.307152 0.0962187 0.114713
0 0.918562 0.202234 0.0982813 0.112869
0 0.112297 0.157428 0.0596563 0.0304303
0 0.572734 0.185512 0.00896875 0.032582
0 0.32643 0.334221 0.0335781 0.108975
0 0.0812344 0.363258 0.116844 0.0677869
0 0.0465234 0.269734 0.0359531 0.0320492
0 0.495508 0.143514 0.0194844 0.021168
0 0.161844 0.146281 0.0126875 0.0135861
0 0.566297 0.450533 0.0955 0.0871311
0 0.255367 0.143453 0.0162031 0.0284631
0 0.873508 0.507572 0.132172 0.189488
0 0.538414 0.174744 0.0221094 0.0396516
0 0.397703 0.642951 0.323688 0.192869
0 0.763672 0.384662 0.037625 0.0410861
0 0.200109 0.095 0.0630625 0.0228279
0 0.344602 0.190932 0.0494219 0.0409631
0 0.693336 0.500973 0.207984 0.19498
0 0.477805 0.174703 0.0684219 0.0439139
0 0.105117 0.116332 0.0642344 0.0433197
0 0.942844 0.255881 0.0558438 0.137377
0 0.715547 0.179641 0.0380937 0.0415369
0 0.0390391 0.246281 0.0326094 0.0730943
0 0.314555 0.372828 0.0344531 0.0738115
0 0.131344 0.641168 0.2165 0.115984
0 0.352938 0.272695 0.0341562 0.0935861
0 0.279188 0.230379 0.0544687 0.038709
0 0.204445 0.107705 0.0593281 0.0206557
0 0.188586 0.16667 0.00407813 0.0129713
0 0.0909688 0.254221 0.0244062 0.0689754
0 0.328484 0.207951 0.0779062 0.0271721
0 0.0684687 0.144764 0.01525 0.0355123
0 0.366297 0.321475 0.04775 0.0763525
0 0.127023 0.136342 0.0230469 0.0284631
0 0.454492 0.422377 0.208172 0.133279
0 0.349992 0.3625 0.0307969 0.0758197
0 0.199641 0.866189 0.350156 0.159877
0 0.75918 0.337971 0.0585156 0.0793443
0 0.761156 0.27833 0.0464687 0.0584631
0 0.302867 0.128084 0.0429531 0.0289959
0 0.509086 0.184355 0.0503594 0.0492418
0 0.926031 0.346793 0.036125 0.117684
0 0.735359 0.357367 0.0341875 0.0380943
0 0.0884609 0.380932 0.119922 0.0285861
0 0.43118 0.139416 0.0232344 0.00743852
0 0.157984 0.212049 0.050375 0.0543443
0 0.161945 0.133842 0.0179531 0.0184631
0 0.481063 0.362367 0.24075 0.10334
0 0.13493 0.55043 0.223016 0.130533
0 0.274586 0.361004 0.0376406 0.0803279
0 0.297844 0.487869 0.105625 0.0930738
0 0.707211 0.18 0.0246094 0.0430738
0 0.899914 0.307695 0.0406094 0.136414
0 0.478734 0.319693 0.207656 0.106189
0 0.242859 0.376383 0.0376875 0.058709
0 0.35243 0.158166 0.0201406 0.0400205
0 0.798687 0.256322 0.0455938 0.0398156
0 0.793008 0.395205 0.0323281 0.0592623
0 0.673602 0.28502 0.0722656 0.118852
0 0.821422 0.389488 0.0376875 0.0512705
0 0.686102 0.178074 0.0266094 0.0330738
0 0.663727 0.148986 0.0436406 0.0469467
0 0.279258 0.173176 0.116078 0.0616803
0 0.466617 0.132305 0.0236094 0.0435861
0 0.0683281 0.0798258 0.0552813 0.036291
0 0.160086 0.385584 0.0694219 0.0193648
0 0.908859 0.304283 0.0363125 0.152582
0 0.586594 0.175922 0.0197813 0.0360656
0 0.405125 0.293391 0.0385313 0.0502664
0 0.797602 0.281107 0.0298594 0.0439344
0 0.247203 0.511209 0.128031 0.207336
0 0.11732 0.32082 0.0640469 0.0528279
0 0.0332969 0.12752 0.0149062 0.0704098
0 0.286781 0.193986 0.082625 0.041373
0 0.227414 0.146916 0.0210469 0.0265369
0 0.269773 0.139416 0.0113281 0.0233402
0 0.162891 0.765502 0.0869062 0.0531762
0 0.22093 0.680338 0.0857656 0.0994057
0 0.20557 0.188043 0.0300781 0.0630943
0 0.860758 0.213279 0.0366094 0.0581557
0 0.556328 0.171055 0.0193437 0.0460451
0 0.0401719 0.19168 0.03375 0.0397951
0 0.562812 0.280205 0.0629375 0.100123
0 0.0635391 0.179611 0.0253906 0.0202459
0 0.437828 0.724027 0.222187 0.0746107
0 0.213375 0.463432 0.199531 0.181742
0 0.841203 0.315768 0.0685 0.100307
0 0.0965859 0.205072 0.0507656 0.0381352
0 0.410164 0.125 0.0123281 0.00860656
0 0.721266 0.230625 0.0561875 0.0348975
0 0.208016 0.155 0.0214688 0.0136066
0 0.36743 0.182787 0.0263906 0.0661885
0 0.0645625 0.221199 0.0306875 0.0747746
0 0.180586 0.18123 0.0249844 0.0227459
0 0.139438 0.253873 0.0431563 0.0544262
0 0.123391 0.185 0.0251875 0.0181967
0 0.0307344 0.179355 0.016 0.0464139
0 0.144766 0.137725 0.0224062 0.0327459
0 0.323695 0.263094 0.0295156 0.0582787
0 0.0581484 0.101793 0.0395781 0.0348975
0 0.0719297 0.261465 0.0271406 0.058709
0 0.335805 0.140768 0.00839063 0.0184631
0 0.658773 0.219898 0.0161406 0.0461885
0 0.103406 0.244631 0.0380937 0.0696721
0 0.453156 0.118504 0.0290938 0.0157377
0 0.419672 0.152613 0.0355313 0.0235861
0 0.522359 0.220512 0.0644375 0.0738525
0 0.312914 0.947674 0.369422 0.0444877
0 0.813805 0.446496 0.159453 0.22873
0 0.253414 0.315 0.0279219 0.0981967
0 0.441922 0.205891 0.0576562 0.0769057
0 0.204539 0.238637 0.0892656 0.0639139
0 0.24007 0.144436 0.0218594 0.0358811
0 0.202641 0.123842 0.0729375 0.0276434
0 0.301055 0.341281 0.0193281 0.0584631
0 0.266102 0.260635 0.0277344 0.075123
0 0.653438 0.522439 0.178594 0.0782787
0 0.0541563 0.439826 0.0618125 0.0719057
0 0.618125 0.21418 0.0113125 0.0530738
0 0.101164 0.284365 0.0421719 0.0640984
0 0.423367 0.165 0.0257656 0.027418
0 0.500766 0.220328 0.0559687 0.0477869
