0 0.794477 0.379331 0.114172 0.163079
0 0.860922 0.454342 0.067375 0.0761146
0 0.825523 0.358185 0.174297 0.169533
0 0.461031 0.645372 0.380125 0.403822
0 0.766078 0.483641 0.0741875 0.131783
0 0.786047 0.158153 0.352594 0.0846285
0 0.909688 0.334161 0.0955625 0.112909
0 0.195703 0.673811 0.391406 0.445626
0 0.524484 0.479788 0.446938 0.380425
0 0.796195 0.214713 0.337828 0.151635
0 0.518289 0.280626 0.438203 0.25
0 0.316461 0.640594 0.394078 0.356178
0 0.902984 0.427803 0.0557813 0.0878344
0 0.722273 0.22448 0.353328 0.145945
0 0.699867 0.64034 0.101547 0.150955
0 0.562703 0.348822 0.407188 0.163206
0 0.809016 0.490297 0.0407813 0.0910403
0 0.955867 0.370106 0.0771719 0.143609
0 0.956812 0.287569 0.0204688 0.0537792
