2 0.584977 0.445135 0.0276719 0.0368958
2 0.730602 0.59049 0.0231406 0.0251458
2 0.384211 0.372302 0.0279219 0.0495208
2 0.186352 0.552344 0.0369219 0.0366458
2 0.610875 0.583125 0.0846563 0.0395833
2 0.533922 0.649167 0.0595938 0.0666667
2 0.795352 0.534458 0.0702344 0.0474583
2 0.524094 0.350302 0.0162813 0.0178125
2 0.670023 0.594687 0.0337969 0.0460833
2 0.578563 0.408615 0.0260937 0.0476458
2 0.333156 0.432875 0.0368125 0.0285417
2 0.428484 0.457542 0.0324375 0.0352917
2 0.482922 0.363938 0.0272812 0.0212917
2 0.495797 0.338104 0.0161563 0.024375
2 0.613859 0.373323 0.0329062 0.0272708
2 0.114406 0.569021 0.04 0.0342083
2 0.622828 0.460958 0.0520312 0.04825
2 0.312469 0.550375 0.0277813 0.0310417
2 0.322039 0.586938 0.0380781 0.0346667
2 0.428992 0.666844 0.0495469 0.0452708
2 0.267617 0.685146 0.0475156 0.0260833
2 0.319047 0.494635 0.0405 0.0421458
2 0.678492 0.620177 0.0462656 0.0298125
2 0.587125 0.565198 0.0336875 0.0235208
2 0.587953 0.380625 0.0275625 0.0284167
2 0.214336 0.461771 0.0281719 0.0281667
2 0.666375 0.347885 0.0215312 0.0267292
2 0.465227 0.70275 0.0353281 0.0490417
2 0.200531 0.565062 0.0304687 0.0219583
2 0.571453 0.730021 0.0575 0.05575
2 0.350555 0.391729 0.0274844 0.0341667
2 0.52132 0.375427 0.0292656 0.0211042
2 0.330766 0.392615 0.0122813 0.00839583
2 0.3015 0.411698 0.0868125 0.0385208
2 0.549297 0.446281 0.0250312 0.0269792
2 0.127102 0.504437 0.0403906 0.0365833
2 0.493789 0.637104 0.0221719 0.0317083
