0 0.784055 0.645047 0.00948437 0.0481733
0 0.441867 0.34692 0.0165781 0.0179625
0 0.353094 0.614754 0.0364375 0.0796253
0 0.388414 0.613712 0.0347031 0.0602576
0 0.75307 0.343337 0.00854687 0.0117799
0 0.406953 0.350117 0.00728125 0.0109133
0 0.393766 0.341698 0.00228125 0.00447307
0 0.367766 0.615351 0.027 0.0708899
0 0.451867 0.347178 0.00904687 0.018993
0 0.798703 0.626663 0.022125 0.0612881
0 0.0133047 0.380621 0.00445313 0.014356
0 0.706617 0.656124 0.0372656 0.0284543
0 0.381797 0.351206 0.0039375 0.01
0 0.0106484 0.384403 0.00564062 0.0118033
0 0.0464531 0.395234 0.0172813 0.00953162
0 0.630086 0.340059 0.00576562 0.00400468
0 0.615422 0.331733 0.010875 0.0112412
0 0.430547 0.344227 0.0135 0.0166511
0 0.573391 0.331288 0.00728125 0.0105855
0 0.0373828 0.37897 0.00617188 0.0108665
0 0.481789 0.33082 0.00923437 0.00974239
0 0.608961 0.325129 0.00479687 0.00562061
0 0.0494297 0.397436 0.0150469 0.00976581
0 0.646961 0.328595 0.00492188 0.0052459
0 0.634258 0.330632 0.00854687 0.015644
0 0.400461 0.348677 0.00460938 0.00461358
0 0.480289 0.327564 0.00701563 0.00744731
0 0.477773 0.326405 0.00170313 0.00564403
