1 0.0837422 0.583479 0.0518594 0.0713333
1 0.139063 0.589667 0.0259688 0.0505
1 0.149789 0.5295 0.0482031 0.05475
1 0.0612812 0.479563 0.0290625 0.0344583
1 0.0530547 0.611854 0.0280781 0.065125
1 0.118453 0.565844 0.0517188 0.0661042
1 0.104883 0.623719 0.0580781 0.0618125
1 0.0665625 0.615938 0.0185625 0.0314167
1 0.029 0.59676 0.0308125 0.0521875
1 0.113789 0.521073 0.0407344 0.0348958
1 0.0201797 0.543719 0.0357344 0.0704375
1 0.0826719 0.475406 0.0319375 0.0363958
2 0.368688 0.614333 0.087875 0.102917
2 0.279078 0.638854 0.0926562 0.121958
2 0.431781 0.667969 0.0918438 0.126854
2 0.450703 0.59126 0.0820625 0.0977292
2 0.337633 0.689323 0.0977969 0.124604
2 0.390164 0.525365 0.0925156 0.118729
0 0.209063 0.329333 0.147562 0.0358333
0 0.218805 0.340208 0.171359 0.0770417
0 0.304414 0.38324 0.0363281 0.0735208
0 0.295813 0.354729 0.0352188 0.074625
