0 0.607552 0.543383 0.0675991 0.0982969
0 0.574219 0.491758 0.0824709 0.142891
0 0.45824 0.530844 0.0987179 0.138719
0 0.364837 0.715359 0.0933566 0.068625
0 0.495688 0.885961 0.136923 0.0748906
0 0.679895 0.78943 0.0981585 0.131547
0 0.249044 0.595391 0.0768765 0.09375
0 0.965932 0.905703 0.0681352 0.0565937
0 0.201026 0.982375 0.0691841 0.03525
0 0.21021 0.59807 0.0791608 0.0900469
0 0.308485 0.507602 0.0545921 0.0844531
0 0.166119 0.606367 0.0563869 0.0478281
0 0.0411888 0.913719 0.0823776 0.0807812
0 0.398287 0.933 0.0937762 0.06975
0 0.427028 0.570898 0.112984 0.107984
0 0.0703846 0.957359 0.0959674 0.0798125
0 0.824965 0.602477 0.175664 0.152109
0 0.122214 0.984211 0.0727273 0.0315781
0 0.560256 0.967734 0.0911888 0.0645312
0 0.714779 0.870203 0.13049 0.112813
0 0.177249 0.659742 0.164522 0.105953
0 0.650862 0.93143 0.103217 0.102266
0 0.416585 0.629305 0.135967 0.0713281
0 0.674172 0.595086 0.100233 0.193234
0 0.555746 0.612531 0.114289 0.127562
0 0.330128 0.840445 0.0975524 0.105766
0 0.578881 0.75032 0.159441 0.0683281
0 0.124825 0.685609 0.122751 0.049875
0 0.130408 0.935578 0.0786247 0.055625
0 0.220373 0.946469 0.0902564 0.0715937
0 0.740606 0.982102 0.0849883 0.0357969
0 0.09669 0.82432 0.0916084 0.0504219
0 0.451946 0.448977 0.0535897 0.0344531
0 0.651247 0.96625 0.104499 0.0675
0 0.92296 0.923117 0.0259674 0.0660469
0 0.457809 0.79475 0.115804 0.112688
0 0.602331 0.819312 0.0935198 0.128438
0 0.0564219 0.808703 0.0857576 0.0711875
0 0.266667 0.67325 0.165874 0.0641875
0 0.182587 0.842438 0.159161 0.0580625
0 0.511958 0.485477 0.0853613 0.139297
0 0.464207 0.977891 0.103939 0.0442188
0 0.829406 0.683945 0.0850117 0.0525469
0 0.95007 0.738711 0.0278788 0.0577969
0 0.338951 0.77375 0.10331 0.132688
0 0.412203 0.864289 0.0964336 0.0852344
0 0.787576 0.912516 0.0287646 0.055
0 0.129033 0.881273 0.120256 0.0555469
0 0.545513 0.681219 0.129441 0.0735
0 0.839242 0.804422 0.233636 0.1035
0 0.297016 0.904828 0.147925 0.0755
0 0.757786 0.56568 0.0988811 0.178172
0 0.486235 0.940078 0.0889744 0.0939375
0 0.880909 0.957711 0.0853613 0.0845781
0 0.5812 0.91325 0.106783 0.0845
0 0.961061 0.876766 0.0778788 0.0494687
0 0.359009 0.983789 0.113776 0.0324219
0 0.347984 0.535648 0.0822145 0.116297
0 0.109522 0.775922 0.123147 0.0637188
0 0.697448 0.512188 0.0455711 0.0670313
0 0.0667832 0.867328 0.0806061 0.0526875
0 0.0366317 0.985984 0.0701865 0.0257812
0 0.31711 0.590398 0.0958042 0.100391
0 0.212704 0.801578 0.150303 0.073375
0 0.873566 0.761398 0.125128 0.0735469
0 0.897366 0.712117 0.0981818 0.0758281
0 0.0216783 0.855203 0.0402331 0.0535312
0 0.840594 0.932773 0.0965268 0.0833594
0 0.312611 0.96675 0.162284 0.0665
0 0.6488 0.704883 0.126177 0.0631406
0 0.50958 0.835555 0.109977 0.0894844
0 0.461783 0.750945 0.100163 0.104547
0 0.0172145 0.965 0.0344289 0.055125
0 0.243427 0.746102 0.157483 0.0863906
0 0.868054 0.902937 0.0891142 0.069875
0 0.437133 0.68975 0.100746 0.0655312
0 0.859907 0.632516 0.219441 0.112156
0 0.2138 0.887336 0.161492 0.113141
0 0.953392 0.961523 0.092331 0.0750469
0 0.918881 0.886141 0.0257343 0.0406562
0 0.639068 0.63457 0.125501 0.114891
0 0.150396 0.729836 0.147086 0.0587344
0 0.739802 0.95443 0.0895338 0.0665156
0 0.330443 0.649648 0.13338 0.0761719
0 0.401492 0.4835 0.0709091 0.0807812
0 0.807914 0.966883 0.0707925 0.0662344
0 0.0827739 0.737313 0.0671329 0.0350937
0 0.606573 0.510813 0.102145 0.119375
0 0.933974 0.994258 0.0771795 0.0114844
