2 0.598805 0.336635 0.0747344 0.0663125
2 0.205922 0.311177 0.0756563 0.0604375
2 0.289125 0.340063 0.0655312 0.0829167
2 0.506859 0.234615 0.033 0.0745208
2 0.585719 0.253031 0.061875 0.0745208
2 0.503906 0.42124 0.071125 0.0869792
2 0.0634219 0.473333 0.0518125 0.09825
2 0.427859 0.589208 0.0458438 0.0926667
2 0.247961 0.192625 0.0624844 0.0815417
2 0.194039 0.5215 0.0759531 0.121
2 0.210844 0.179594 0.0327188 0.0627708
2 0.418742 0.192042 0.0371719 0.0579583
2 0.437937 0.428427 0.065875 0.0875208
2 0.760188 0.277281 0.0455 0.0447708
2 0.493563 0.611448 0.0679687 0.103354
2 0.595984 0.495 0.07075 0.0829167
2 0.65675 0.156062 0.0655 0.0586667
2 0.209289 0.259854 0.0619844 0.0672083
2 0.365812 0.222156 0.0608437 0.0797708
2 0.660062 0.481406 0.0703438 0.0864792
2 0.35507 0.310937 0.0812344 0.047625
2 0.529352 0.121813 0.0508906 0.0551667
2 0.409187 0.714385 0.115469 0.118979
2 0.572023 0.553531 0.0384531 0.0738958
2 0.271727 0.490156 0.116266 0.0946042
2 0.671031 0.29276 0.0587188 0.0623542
2 0.587445 0.175219 0.0565781 0.0533125
2 0.398328 0.346229 0.0737812 0.101458
2 0.554203 0.466208 0.0691563 0.098125
2 0.441883 0.272948 0.0629531 0.104396
2 0.760398 0.588521 0.0838594 0.0911667
2 0.349625 0.636042 0.0525 0.085125
2 0.485266 0.310333 0.0497812 0.04875
2 0.526742 0.316802 0.0545156 0.0748542
2 0.472523 0.209729 0.0446094 0.0507917
2 0.138297 0.314083 0.0657812 0.0730417
2 0.463258 0.489896 0.0731719 0.08725
2 0.23025 0.337635 0.0618125 0.0527708
2 0.507062 0.159375 0.0326562 0.0382917
2 0.629266 0.541573 0.079625 0.0914375
2 0.594625 0.220385 0.0256563 0.0161042
2 0.218117 0.385813 0.0609531 0.0575833
2 0.632719 0.210417 0.0375937 0.0625417
2 0.21493 0.57326 0.0484844 0.0409375
2 0.697609 0.325406 0.0494687 0.0881875
2 0.746547 0.433833 0.0575 0.0789583
2 0.442398 0.151844 0.0657344 0.0841042
2 0.338891 0.351427 0.0301563 0.0564375
2 0.791773 0.279896 0.0475156 0.0440833
2 0.541797 0.245896 0.0447188 0.08325
2 0.683047 0.424708 0.0803438 0.0646667
2 0.393289 0.176781 0.0309531 0.0486458
2 0.520109 0.192583 0.0818438 0.054375
2 0.394961 0.633188 0.0311406 0.04675
2 0.149625 0.279062 0.0367813 0.0369167
2 0.493852 0.546885 0.0880781 0.0746042
2 0.620687 0.247812 0.0442188 0.0529583
2 0.0977578 0.320625 0.0654219 0.086875
2 0.412414 0.476854 0.0567031 0.0457917
2 0.102289 0.369104 0.0412344 0.0555417
2 0.470492 0.346323 0.0483281 0.0570625
2 0.356414 0.469125 0.0561406 0.0673333
2 0.356992 0.154167 0.0502656 0.0477083
2 0.635938 0.392885 0.0791562 0.0956875
2 0.364508 0.384677 0.0713281 0.0803125
2 0.524508 0.477427 0.0507969 0.0652708
2 0.284008 0.262521 0.0987031 0.0870833
