0 0.395445 0.741667 0.0222344 0.0095098
0 0.420508 0.703971 0.0163594 0.0172059
0 0.387898 0.65386 0.00707813 0.0190441
0 0.443914 0.683983 0.00867187 0.036152
0 0.329773 0.766703 0.0217344 0.0144363
0 0.432219 0.689338 0.01275 0.0365196
0 0.268125 0.693456 0.0114375 0.0135784
0 0.425625 0.663174 0.010625 0.0228186
0 0.461867 0.681777 0.0160156 0.0214461
0 0.41657 0.652426 0.0105781 0.0252451
0 0.457727 0.672243 0.0239531 0.018799
0 0.356711 0.756985 0.0107656 0.0311765
0 0.414633 0.705895 0.0140469 0.0124265
0 0.325898 0.749522 0.0237969 0.0177206
0 0.327242 0.755147 0.0242656 0.0172059
0 0.345594 0.679877 0.0104688 0.0243627
0 0.342906 0.649314 0.0105625 0.0164216
0 0.382383 0.690686 0.00882813 0.0294608
0 0.393461 0.691005 0.0152969 0.03
0 0.394711 0.750123 0.0207656 0.0146078
0 0.36857 0.76864 0.00554687 0.00742647
0 0.335047 0.751078 0.00946875 0.0102451
0 0.433953 0.67973 0.0075 0.037549
0 0.371258 0.752684 0.0243594 0.0171814
0 0.443906 0.652953 0.0168437 0.0274265
0 0.440898 0.657096 0.0160156 0.0217892
0 0.396664 0.762488 0.0114844 0.00977941
