0 0.602839 0.77718 0.0751282 0.03384
0 0.306868 0.8043 0.0658242 0.03924
0 0.17652 0.5816 0.0874725 0.02808
0 0.246209 0.71488 0.0450916 0.03824
0 0.397106 0.78267 0.0530403 0.03278
0 0.611172 0.84667 0.0561172 0.01422
0 0.471593 0.74074 0.0627473 0.0528
0 0.310275 0.55842 0.0582051 0.07436
0 0.52804 0.79552 0.0738095 0.02288
0 0.496648 0.68157 0.0595971 0.03354
0 0.187985 0.62664 0.0934799 0.04056
0 0.45293 0.67648 0.0620513 0.0488
0 0.564963 0.93585 0.0693407 0.03222
0 0.518553 0.63841 0.0743956 0.0531
0 0.264707 0.5428 0.0442125 0.0578
0 0.414524 0.75446 0.0591575 0.05672
0 0.410495 0.81035 0.0552747 0.03314
0 0.389542 0.90883 0.0505128 0.03694
0 0.532289 0.67018 0.101429 0.0454
0 0.497033 0.89102 0.0638828 0.03488
0 0.396136 0.83539 0.0561538 0.03858
0 0.26804 0.79351 0.04663 0.04626
0 0.379286 0.7219 0.0550549 0.04356
0 0.508132 0.9121 0.0826374 0.03308
0 0.332564 0.54982 0.0484982 0.07612
0 0.273571 0.82909 0.053663 0.0331
0 0.494945 0.95939 0.0572161 0.02578
0 0.222381 0.74252 0.0249817 0.0346
0 0.404377 0.88141 0.0521245 0.03462
0 0.576465 0.83332 0.0704396 0.04564
0 0.59859 0.74173 0.046044 0.03226
0 0.239286 0.81285 0.0461172 0.04626
0 0.483736 0.82875 0.076044 0.05018
0 0.455476 0.57643 0.0516117 0.03602
0 0.538718 0.81534 0.0554579 0.04412
0 0.541319 0.76423 0.0685714 0.05462
0 0.369579 0.85972 0.0680952 0.03948
0 0.497033 0.77463 0.0551648 0.04134
0 0.2837 0.64055 0.0754579 0.0493
0 0.344853 0.78206 0.0760806 0.04564
0 0.592546 0.80452 0.059011 0.02356
0 0.341374 0.90777 0.053663 0.02902
0 0.296612 0.76683 0.0639194 0.04434
0 0.332912 0.93143 0.0715385 0.02858
0 0.596722 0.71028 0.0598168 0.03576
0 0.4337 0.85123 0.0591941 0.0459
0 0.377179 0.57839 0.0884982 0.08118
0 0.553095 0.90072 0.0669963 0.03796
0 0.484982 0.93411 0.061685 0.03242
0 0.458645 0.8115 0.058022 0.03536
0 0.204286 0.72985 0.0258608 0.0277
0 0.309982 0.61269 0.0624542 0.0577
0 0.394963 0.9584 0.0592308 0.03172
0 0.436355 0.71428 0.075641 0.0464
0 0.351154 0.65956 0.0633333 0.04144
0 0.521062 0.96297 0.0991941 0.0319
0 0.297326 0.90435 0.0705495 0.0333
0 0.514304 0.60129 0.0793773 0.04154
0 0.358095 0.81633 0.0558974 0.03666
0 0.445275 0.60679 0.13619 0.04538
0 0.334414 0.72766 0.0765934 0.06076
0 0.425806 0.98434 0.0417949 0.03132
0 0.243132 0.88885 0.0388645 0.02694
0 0.249194 0.8498 0.0662271 0.0282
0 0.295037 0.72956 0.0684615 0.05816
0 0.318205 0.87214 0.0469597 0.04436
0 0.350604 0.95718 0.0587179 0.02512
0 0.378114 0.93608 0.0507326 0.02332
0 0.558114 0.66787 0.0887546 0.06078
0 0.249029 0.59595 0.0626007 0.05114
0 0.380476 0.98372 0.0446154 0.0282
0 0.351722 0.98064 0.0389011 0.02556
0 0.435788 0.93436 0.0687179 0.03204
0 0.58478 0.77416 0.0798168 0.04052
0 0.204103 0.60406 0.0879853 0.04804
0 0.232711 0.56025 0.101465 0.06102
0 0.599029 0.85992 0.0613553 0.01804
0 0.592015 0.83851 0.0662271 0.03282
0 0.539542 0.73346 0.0906593 0.04744
0 0.247985 0.74628 0.0455678 0.04384
0 0.450165 0.96141 0.0526374 0.03394
0 0.329927 0.83615 0.0798535 0.03898
0 0.465201 0.64359 0.0831502 0.0487
0 0.250696 0.87563 0.021685 0.02518
0 0.501282 0.85384 0.0882051 0.04576
0 0.580073 0.9221 0.0675458 0.02956
0 0.557747 0.60782 0.0314652 0.01512
0 0.621374 0.79012 0.0587179 0.02436
0 0.456282 0.88231 0.0530769 0.03026
0 0.608223 0.66916 0.0259707 0.02808
0 0.58652 0.87218 0.0622711 0.02316
0 0.360513 0.88628 0.0488645 0.03284
0 0.607473 0.7352 0.0460073 0.02664
0 0.61293 0.88076 0.0249084 0.02564
0 0.552399 0.87131 0.0807692 0.0323
0 0.526374 0.64079 0.0936996 0.05122
0 0.293278 0.69927 0.0328571 0.03482
0 0.510934 0.98688 0.0527839 0.0228
0 0.529524 0.9391 0.0542125 0.02716
0 0.363755 0.63128 0.0807692 0.04872
0 0.289103 0.86227 0.0256044 0.03194
0 0.246722 0.78686 0.0389377 0.0508
0 0.183974 0.60698 0.0609158 0.02904
0 0.261703 0.90577 0.0347619 0.0259
0 0.36207 0.75705 0.0547619 0.0455
0 0.411026 0.65094 0.072381 0.04648
0 0.340678 0.98974 0.0338828 0.01816
0 0.440495 0.90436 0.0547619 0.03624
0 0.228004 0.67243 0.103333 0.0577
0 0.304176 0.67602 0.0564835 0.04936
0 0.218425 0.70838 0.0468864 0.03616
0 0.312088 0.97269 0.0572894 0.02486
0 0.280824 0.87684 0.0723443 0.03052
0 0.448974 0.77951 0.0551648 0.0487
0 0.242546 0.64634 0.0754212 0.04508
0 0.400495 0.68515 0.0563736 0.04166
0 0.5937 0.89228 0.0380952 0.02892
0 0.457271 0.55957 0.0493407 0.03742
0 0.302216 0.95103 0.0713919 0.0241
0 0.277802 0.92918 0.0654212 0.0234
0 0.604396 0.91257 0.0263004 0.00974
0 0.495385 0.72408 0.0572161 0.05912
0 0.555696 0.70158 0.0723443 0.04384
0 0.441722 0.55436 0.025348 0.04412
0 0.348168 0.69085 0.0583883 0.03614
0 0.622875 0.75458 0.0438462 0.01448
0 0.553846 0.5979 0.0192674 0.02436
0 0.477473 0.98574 0.0821978 0.02616
0 0.530238 0.98852 0.0398901 0.0202
