0 0.0692656 0.764479 0.138531 0.20125
0 0.00982031 0.893146 0.0194531 0.184
0 0.875977 0.962542 0.156859 0.0721667
0 0.281109 0.702229 0.183563 0.17675
0 0.543484 0.200813 0.1465 0.165958
0 0.589531 0.351687 0.199281 0.192333
0 0.797766 0.211562 0.192062 0.174458
0 0.809758 0.313052 0.133453 0.209812
0 0.572953 0.85851 0.241406 0.144729
0 0.173719 0.0485521 0.166625 0.0971042
0 0.7835 0.386969 0.107281 0.271479
0 0.273492 0.862667 0.117359 0.0743333
0 0.0612188 0.198573 0.121313 0.253104
0 0.642992 0.391719 0.158766 0.250188
0 0.154547 0.397885 0.152188 0.357687
0 0.375289 0.876656 0.107672 0.187187
0 0.380125 0.239698 0.0541562 0.229104
0 0.455602 0.195865 0.0963594 0.264021
0 0.710078 0.394917 0.123313 0.284417
0 0.50543 0.894698 0.182078 0.210604
0 0.407078 0.536229 0.0714687 0.142208
0 0.21518 0.0871875 0.144047 0.0615417
0 0.199422 0.422604 0.148031 0.378083
0 0.650852 0.056 0.133609 0.112
0 0.789125 0.0235938 0.102688 0.0471875
0 0.481406 0.454865 0.221219 0.206146
0 0.0312969 0.463521 0.0623125 0.25
0 0.0293125 0.910927 0.0409062 0.154063
0 0.318187 0.0344167 0.123188 0.0589167
0 0.347727 0.0856354 0.0860469 0.0882708
0 0.54657 0.117375 0.190266 0.169833
0 0.830531 0.0697083 0.0629687 0.0921667
0 0.0323984 0.245781 0.0647969 0.248479
0 0.176781 0.588781 0.134625 0.242521
0 0.764258 0.0419167 0.171578 0.0815833
0 0.554805 0.802906 0.200297 0.0826458
0 0.128867 0.333021 0.175422 0.348583
0 0.277953 0.0222604 0.159938 0.0441458
0 0.331633 0.44875 0.126172 0.396375
0 0.262234 0.451469 0.126625 0.394313
0 0.329711 0.642781 0.0666406 0.0795625
0 0.473422 0.42725 0.182844 0.157042
0 0.2935 0.0917604 0.04975 0.0591875
0 0.751734 0.941177 0.0762188 0.114896
0 0.417063 0.255333 0.065375 0.237
0 0.3435 0.159656 0.0941875 0.116687
0 0.0891797 0.564844 0.0919219 0.153604
0 0.526812 0.281281 0.0580625 0.0948542
0 0.573195 0.317188 0.0979531 0.0825833
0 0.579602 0.426417 0.148453 0.106667
0 0.890703 0.0285104 0.1195 0.0570208
0 0.669508 0.979615 0.111922 0.0407708
0 0.0442891 0.842583 0.0885781 0.232458
0 0.301586 0.80051 0.225516 0.158979
0 0.158477 0.0237708 0.116578 0.0472083
0 0.4465 0.94999 0.116531 0.100021
0 0.311469 0.936083 0.113906 0.122167
0 0.726773 0.052875 0.150578 0.10575
0 0.364859 0.974823 0.0524375 0.0503542
