0 0.534508 0.526219 0.0556406 0.196729
0 0.437797 0.295365 0.105062 0.236813
0 0.765461 0.691146 0.257891 0.13875
0 0.538523 0.27575 0.0390469 0.211417
0 0.469727 0.244396 0.0292656 0.153917
0 0.496023 0.279844 0.0447656 0.163979
0 0.664602 0.67149 0.105578 0.0763125
0 0.441305 0.756281 0.0952031 0.0957292
0 0.580203 0.633062 0.0698438 0.095875
0 0.572133 0.903167 0.0497969 0.193667
0 0.45 0.787406 0.0661875 0.0948125
0 0.434188 0.579927 0.147187 0.112979
0 0.794063 0.746 0.21075 0.098
0 0.571 0.267542 0.0869375 0.254
0 0.617195 0.910885 0.0581406 0.178229
0 0.387219 0.656854 0.219125 0.070625
0 0.39825 0.302719 0.073875 0.168063
0 0.597664 0.907115 0.0395156 0.185771
0 0.371523 0.726667 0.170703 0.129042
0 0.707359 0.747979 0.208437 0.090625
0 0.610437 0.3655 0.152625 0.137625
0 0.611008 0.327198 0.153578 0.172938
0 0.467125 0.545208 0.0999687 0.124083
0 0.664578 0.96926 0.0427812 0.0614792
