0 0.60596 0.38282 0.04104 0.03384
0 0.50876 0.37031 0.0332533 0.03586
0 0.53704 0.37946 0.0282133 0.03208
0 0.599613 0.42552 0.0161867 0.02952
0 0.716587 0.47453 0.0424 0.02166
0 0.61192 0.44007 0.0186133 0.02462
0 0.576533 0.36566 0.02208 0.03932
0 0.50072 0.37096 0.04656 0.03092
0 0.616827 0.45333 0.0158933 0.02102
0 0.781293 0.148 0.0167733 0.02004
0 0.509853 0.38916 0.0194933 0.03224
0 0.587893 0.42535 0.0109333 0.02922
0 0.592827 0.37646 0.0215467 0.02976
0 0.490147 0.3468 0.0170933 0.02076
0 0.815013 0.14833 0.00650667 0.01154
0 0.66508 0.45574 0.0284533 0.02392
0 0.565067 0.36317 0.0173333 0.04174
0 0.802747 0.16325 0.0251733 0.01614
0 0.63144 0.4746 0.0348267 0.043
0 0.769893 0.14282 0.0160533 0.01128
0 0.710093 0.14142 0.0116533 0.0098
0 0.72748 0.49083 0.0236 0.01922
0 0.551093 0.365 0.01744 0.0382
0 0.479613 0.35221 0.0164 0.02078
0 0.642053 0.4489 0.0307733 0.03
0 0.723053 0.16116 0.0153867 0.00744
0 0.555947 0.41949 0.02896 0.03018
0 0.666067 0.43018 0.03112 0.02332
0 0.698933 0.14261 0.0106133 0.0159
0 0.61228 0.42585 0.00776 0.0111
0 0.625187 0.44231 0.01608 0.0395
0 0.792707 0.15055 0.018 0.01934
0 0.707813 0.49007 0.0336 0.01854
0 0.755387 0.14633 0.0132267 0.01422
0 0.53564 0.33552 0.0178933 0.03448
0 0.720587 0.13768 0.0142933 0.01496
0 0.659627 0.47321 0.0218667 0.04642
0 0.518773 0.40231 0.02224 0.01642
0 0.76612 0.16607 0.01496 0.00946
0 0.74612 0.14214 0.0137867 0.0142
