0 0.713109 0.76051 0.0309687 0.0338542
0 0.601891 0.908458 0.0295625 0.0435
0 0.0501328 0.483146 0.0135156 0.0360833
0 0.532 0.928708 0.0256563 0.0544583
0 0.675367 0.695354 0.0349219 0.035
0 0.130219 0.449406 0.03175 0.0347292
0 0.169086 0.769781 0.0246094 0.0297292
0 0.298336 0.652656 0.0522344 0.0514375
0 0.976617 0.3965 0.0364844 0.03275
0 0.932734 0.739073 0.0334688 0.0433542
0 0.0890391 0.527104 0.0159219 0.037625
0 0.863953 0.793781 0.03325 0.0363958
0 0.856625 0.554125 0.0120938 0.0156667
0 0.0859844 0.440479 0.0256563 0.0139583
0 0.936711 0.410375 0.0392031 0.0473333
0 0.583398 0.832177 0.0190469 0.0741042
0 0.532586 0.628594 0.0419219 0.0987292
0 0.297109 0.621427 0.0643125 0.0620625
0 0.0461641 0.630823 0.0728906 0.0461042
0 0.699742 0.631385 0.0527344 0.0171875
0 0.933922 0.367948 0.04 0.0512708
0 0.466609 0.670156 0.06525 0.0452292
0 0.888031 0.980177 0.0225 0.0325625
0 0.120156 0.563021 0.029625 0.0822917
0 0.942937 0.587833 0.0392813 0.04075
0 0.910031 0.921375 0.0766563 0.0494583
0 0.0568984 0.498875 0.0107656 0.0335833
0 0.930289 0.360073 0.0164844 0.0298542
0 0.106336 0.487302 0.00942187 0.0310208
0 0.831617 0.713969 0.0429531 0.0524792
0 0.454898 0.595177 0.0292344 0.0553958
0 0.891859 0.811885 0.044875 0.0219375
0 0.764437 0.757229 0.0332812 0.0369167
0 0.161664 0.35551 0.0144219 0.0146042
0 0.0887344 0.311854 0.0462813 0.0179583
0 0.156023 0.630021 0.0409219 0.0357083
0 0.704641 0.725927 0.0198438 0.0248542
0 0.805719 0.554906 0.043125 0.0324792
0 0.987359 0.200448 0.0118438 0.0109792
0 0.0386641 0.515771 0.0294219 0.0361667
0 0.932773 0.707437 0.0528906 0.03025
0 0.14375 0.810281 0.020375 0.0348125
0 0.337211 0.957823 0.0269219 0.0294792
0 0.988859 0.115802 0.01575 0.0206458
0 0.213203 0.752427 0.0286563 0.0392292
0 0.0869062 0.411198 0.0369375 0.0232708
0 0.614203 0.829104 0.0350312 0.0809167
0 0.119086 0.681208 0.0811719 0.0364167
0 0.991953 0.918906 0.0146875 0.0298958
0 0.874547 0.58174 0.031625 0.0411458
0 0.683898 0.72701 0.0262656 0.0232292
0 0.198734 0.789073 0.0314375 0.0283125
0 0.457648 0.961469 0.0319219 0.0407708
0 0.662672 0.621469 0.0342187 0.0110208
0 0.992578 0.930156 0.0148437 0.0320625
0 0.870156 0.681958 0.0708125 0.028125
0 0.38093 0.979719 0.0435156 0.0247708
0 0.224195 0.77676 0.0458281 0.0306875
0 0.359508 0.958594 0.0311406 0.0240625
0 0.984172 0.211844 0.0173125 0.0171042
0 0.624313 0.666927 0.017125 0.0225625
0 0.746328 0.68051 0.0301875 0.0358958
0 0.17518 0.742812 0.0232656 0.0333333
0 0.507984 0.598125 0.0211562 0.0264167
0 0.0472891 0.664021 0.0757656 0.045125
0 0.108172 0.32801 0.0199688 0.0278125
0 0.80168 0.567562 0.0514219 0.0217917
0 0.376625 0.962563 0.0311563 0.0215417
0 0.544016 0.942948 0.0400937 0.0448542
0 0.60475 0.919646 0.0353125 0.0384583
0 0.895016 0.614208 0.0489375 0.021
0 0.0777891 0.754667 0.0336406 0.0487083
0 0.298156 0.725125 0.0326875 0.0287083
0 0.473797 0.596198 0.0267188 0.0358958
0 0.786898 0.714813 0.0557656 0.0317917
0 0.76575 0.668458 0.0188437 0.05025
0 0.190961 0.386583 0.0194219 0.0217917
0 0.820836 0.84525 0.0315156 0.0275417
0 0.273305 0.707177 0.0273906 0.0246042
0 0.324891 0.942177 0.0313437 0.0258958
0 0.821586 0.547823 0.0211406 0.0348542
0 0.382664 0.950969 0.0567969 0.0268958
0 0.973297 0.203406 0.00628125 0.00877083
0 0.63875 0.893531 0.0747812 0.0353125
0 0.901945 0.703208 0.0319219 0.02025
0 0.138461 0.322896 0.0193594 0.0237083
0 0.0603125 0.361844 0.0164063 0.0343542
0 0.100906 0.755771 0.0485625 0.05
0 0.0838437 0.577458 0.0506875 0.0661667
0 0.320078 0.65424 0.045 0.0407708
0 0.670445 0.643542 0.0279219 0.026
0 0.0614766 0.601646 0.0413594 0.0763333
0 0.0412031 0.36425 0.0234688 0.0297083
0 0.915695 0.6615 0.0481719 0.016625
0 0.987148 0.148594 0.00885937 0.0161458
0 0.243414 0.675344 0.0407656 0.0453958
0 0.0674453 0.507698 0.0159219 0.0361458
0 0.291914 0.600073 0.0538281 0.0754375
0 0.979727 0.38526 0.0277344 0.0393125
0 0.580109 0.91951 0.03325 0.0383542
0 0.242219 0.734427 0.0322188 0.0281042
0 0.0698906 0.720594 0.0408437 0.0574792
0 0.853578 0.649813 0.0467813 0.047875
0 0.987398 0.181115 0.0118594 0.0203125
0 0.122828 0.659823 0.0652812 0.0350208
0 0.968688 0.427563 0.0111562 0.035625
0 0.604914 0.947115 0.0390469 0.0438542
0 0.847094 0.756667 0.0675 0.03075
0 0.795344 0.68001 0.0282813 0.0203125
0 0.514172 0.936281 0.0251875 0.0510208
0 0.493734 0.940125 0.02 0.045375
0 0.831039 0.823677 0.0378281 0.0412292
0 0.446234 0.936073 0.0348437 0.0302708
0 0.977 0.617437 0.02 0.0333333
0 0.0221953 0.350302 0.0234531 0.0272708
0 0.147828 0.778698 0.0242812 0.0321458
0 0.920344 0.412281 0.0162188 0.0205208
0 0.861789 0.581417 0.0255156 0.0269167
0 0.566953 0.972833 0.0568125 0.0271667
0 0.0954688 0.492302 0.014625 0.0410208
0 0.788109 0.72949 0.0617188 0.0236042
0 0.139219 0.569104 0.0336562 0.07
0 0.0355 0.696896 0.0204375 0.023
0 0.137508 0.41299 0.0277344 0.0222292
0 0.90725 0.785937 0.0469375 0.024875
0 0.108445 0.37449 0.0182656 0.0223125
0 0.850797 0.822313 0.0386562 0.0215417
0 0.0257422 0.339417 0.0327344 0.0324167
0 0.509266 0.968969 0.0313437 0.0343542
0 0.875555 0.94701 0.0218594 0.0642292
0 0.837102 0.782813 0.0597969 0.045125
0 0.791445 0.59524 0.0507031 0.0333958
0 0.475742 0.937 0.0257031 0.0425
0 0.967914 0.577573 0.0239531 0.0395208
0 0.215367 0.806625 0.0369219 0.0320417
0 0.8445 0.740687 0.0490312 0.0242917
0 0.0501641 0.461 0.0168281 0.02875
0 0.0801797 0.34025 0.0167344 0.0333333
0 0.772867 0.671865 0.0348906 0.0465208
0 0.120891 0.698927 0.073875 0.0523958
0 0.427523 0.629344 0.0267344 0.0256458
0 0.163945 0.744656 0.0508594 0.0428958
0 0.862094 0.55199 0.0246875 0.0352292
0 0.0926641 0.320521 0.0460781 0.0304167
0 0.0801406 0.785969 0.0311563 0.0359792
0 0.251859 0.702438 0.0215312 0.0361667
0 0.959133 0.612313 0.0230781 0.0384583
0 0.100156 0.451 0.02625 0.0164583
0 0.127008 0.793135 0.0396406 0.0368542
0 0.117047 0.674344 0.0660625 0.0201042
0 0.154938 0.374469 0.0335312 0.0246042
0 0.76093 0.840271 0.0399844 0.02225
0 0.164328 0.890052 0.0501875 0.0528125
0 0.39625 0.920896 0.0661562 0.035625
0 0.979797 0.119865 0.0136562 0.0125625
0 0.627484 0.639542 0.0188437 0.0184583
0 0.06075 0.792438 0.0209688 0.04025
0 0.865336 0.670771 0.0613594 0.0355833
0 0.755211 0.814917 0.0257969 0.037375
0 0.72268 0.68949 0.0225781 0.0456458
0 0.142836 0.471719 0.0261406 0.0395208
0 0.811992 0.547802 0.0336719 0.0379792
0 0.77518 0.780406 0.0232344 0.0231042
0 0.134125 0.468031 0.0323125 0.0324792
0 0.652805 0.712865 0.0215781 0.0347292
0 0.912727 0.994938 0.0166094 0.010125
0 0.544086 0.889719 0.0416719 0.0581042
0 0.902055 0.646021 0.0594219 0.0279583
0 0.157773 0.713719 0.0288594 0.0330625
0 0.365414 0.616094 0.0187031 0.0233542
0 0.975477 0.0853854 0.0176094 0.00860417
0 0.975805 0.100125 0.00654688 0.0120417
0 0.114883 0.490906 0.00842187 0.0163125
0 0.702 0.701792 0.0211562 0.02975
0 0.760633 0.705937 0.0264219 0.0386667
0 0.421648 0.651167 0.0226719 0.0205
0 0.95643 0.443333 0.0152031 0.0338333
0 0.123297 0.756854 0.0389375 0.0677917
0 0.0779609 0.377906 0.0196406 0.0145625
0 0.0769609 0.603865 0.0305156 0.0446458
0 0.213156 0.69051 0.0211562 0.0589792
0 0.124508 0.644365 0.0105781 0.0128125
0 0.511211 0.542802 0.0342969 0.0479792
0 0.992203 0.187823 0.0138437 0.0171875
