2 0.615422 0.821291 0.0481562 0.0615023
2 0.705461 0.869765 0.0376719 0.0111268
2 0.709633 0.83 0.0542031 0.0471831
2 0.435227 0.799484 0.0437656 0.0397183
2 0.620797 0.876103 0.0469062 0.02277
2 0.511492 0.822946 0.0470469 0.0510094
2 0.416312 0.819026 0.05375 0.0482394
2 0.468609 0.818075 0.0438125 0.0551174
2 0.57975 0.871972 0.0363125 0.0192488
2 0.637625 0.905505 0.03825 0.0245305
2 0.535258 0.800094 0.0434219 0.0234742
2 0.661039 0.829413 0.0471719 0.0465728
2 0.444172 0.884237 0.0633438 0.0573944
2 0.496641 0.886491 0.0489375 0.0550939
2 0.540398 0.891491 0.0555469 0.0482394
2 0.553906 0.827746 0.0445 0.0466667
2 0.706273 0.801174 0.0498594 0.0303756
2 0.593828 0.898016 0.052 0.0375822
2 0.415313 0.86061 0.0307812 0.0208451
2 0.714781 0.89642 0.0510625 0.0423709
2 0.666172 0.89115 0.0484062 0.0494836
