0 0.55707 0.393844 0.0132656 0.0456458
0 0.533914 0.453354 0.0146719 0.0504167
0 0.914789 0.427562 0.0236406 0.0536667
0 0.0529609 0.459135 0.0128906 0.0314792
0 0.559758 0.367031 0.0148281 0.0307292
0 0.93182 0.470896 0.0155781 0.044875
0 0.903445 0.367104 0.0152344 0.048
0 0.920586 0.363979 0.0229844 0.0492083
0 0.862297 0.314615 0.019625 0.0389792
0 0.860469 0.371031 0.014625 0.0441042
0 0.0212891 0.454583 0.0121094 0.0161667
0 0.953641 0.459365 0.0136562 0.0274375
0 0.874984 0.438698 0.0160313 0.0569375
0 0.576438 0.422969 0.0117188 0.0402292
0 0.0393516 0.395302 0.0187969 0.0146458
0 0.0810078 0.433313 0.0242969 0.0248333
0 0.514375 0.385115 0.0119375 0.0231875
0 0.0344688 0.496031 0.0174375 0.0331042
0 0.892391 0.353073 0.015 0.0394792
0 0.0535625 0.427948 0.0125 0.0236042
0 0.0567187 0.475646 0.0161563 0.0379583
0 0.913469 0.615104 0.0187187 0.0172917
0 0.897797 0.430385 0.0180937 0.0585208
0 0.886367 0.437031 0.0164844 0.0605208
0 0.881336 0.292052 0.0155781 0.0276875
0 0.586687 0.339042 0.0358125 0.0296667
0 0.890453 0.315594 0.017 0.0448125
0 0.543992 0.38999 0.0134219 0.0407292
0 0.861711 0.49375 0.0137031 0.0512917
0 0.936531 0.281969 0.0282187 0.0335625
0 0.865609 0.456667 0.0142187 0.0369167
0 0.874062 0.493333 0.0160625 0.0656667
0 0.854289 0.370927 0.00723437 0.0426042
0 0.877828 0.600854 0.0074375 0.0198333
0 0.529219 0.39026 0.0161563 0.0389792
0 0.922336 0.280615 0.0264219 0.0321875
0 0.554086 0.40699 0.0127031 0.0583125
0 0.566133 0.407177 0.0119219 0.0405208
0 0.652648 0.758896 0.0117969 0.0312083
0 0.944789 0.305385 0.0203906 0.0281875
0 0.532047 0.427448 0.0094375 0.0171875
0 0.886969 0.51774 0.015 0.0358958
0 0.885703 0.39149 0.0153437 0.0351042
0 0.583914 0.368552 0.0146719 0.0471875
0 0.865656 0.42051 0.0223125 0.0512708
0 0.875805 0.3165 0.0141719 0.041875
0 0.0760156 0.45474 0.0101563 0.0301875
0 0.946109 0.427917 0.0214688 0.0444167
0 0.924469 0.321125 0.030125 0.030125
0 0.911094 0.372698 0.015 0.0489792
0 0.550219 0.456208 0.0210625 0.0387917
0 0.919422 0.336333 0.02 0.0320417
0 0.91368 0.298281 0.0196406 0.0256458
0 0.0888359 0.493719 0.00789063 0.0243542
0 0.902875 0.498698 0.0180312 0.0357292
0 0.873797 0.282146 0.0152812 0.0330833
0 0.896391 0.29049 0.0140313 0.0269375
0 0.0469141 0.396542 0.0155781 0.015125
0 0.542148 0.347437 0.0247969 0.0287083
0 0.556125 0.349896 0.0176563 0.030375
0 0.925031 0.423646 0.029375 0.0534583
0 0.0705469 0.400104 0.00903125 0.0166667
0 0.57125 0.359344 0.0150937 0.0384792
0 0.588266 0.363302 0.0232187 0.0366875
0 0.904453 0.278656 0.0196563 0.0329375
0 0.0284453 0.481667 0.0192344 0.03
0 0.03 0.439302 0.0135625 0.0273542
0 0.937195 0.361365 0.0252969 0.0348542
