0 0.844594 0.681664 0.0205208 0.0320469
0 0.470688 0.379305 0.167042 0.0573281
0 0.544896 0.350914 0.157208 0.0540781
0 0.832958 0.624867 0.01025 0.0194844
0 0.435104 0.447695 0.208208 0.120516
0 0.0845729 0.523805 0.0256042 0.0422031
0 0.232115 0.536539 0.0953958 0.174109
0 0.90476 0.707953 0.0143542 0.0138437
0 0.884104 0.566437 0.0216667 0.0228437
0 0.173719 0.331914 0.227021 0.0653906
0 0.147469 0.388133 0.203063 0.0562344
0 0.828854 0.653719 0.0150417 0.0259062
0 0.489469 0.435234 0.0916458 0.0557187
0 0.53576 0.224672 0.0638958 0.0490938
0 0.473677 0.240633 0.0545208 0.101547
0 0.302937 0.281273 0.105333 0.175453
0 0.678208 0.254812 0.0590833 0.0557813
0 0.863365 0.628672 0.0339375 0.014875
0 0.289313 0.409219 0.091625 0.072875
0 0.6145 0.394852 0.143208 0.0606094
0 0.867031 0.741656 0.0197708 0.015625
0 0.88824 0.689063 0.00989583 0.0117188
0 0.891031 0.590305 0.0341875 0.0107656
0 0.863052 0.707055 0.0157292 0.0243594
0 0.432281 0.241797 0.0745208 0.102563
0 0.880313 0.598109 0.03875 0.0153437
0 0.875854 0.704055 0.0176667 0.0241094
0 0.647594 0.403336 0.130354 0.0529531
0 0.211479 0.266023 0.133125 0.115734
0 0.316823 0.518727 0.0904792 0.133328
0 0.832323 0.662281 0.0147292 0.0204688
0 0.683396 0.299234 0.0584583 0.054875
0 0.489365 0.507141 0.130396 0.0748438
0 0.515969 0.258039 0.0581875 0.0367031
0 0.775354 0.588969 0.0212083 0.0164063
0 0.520031 0.450781 0.138187 0.101688
0 0.295896 0.594828 0.0660417 0.033125
0 0.849531 0.699633 0.0196042 0.0175781
0 0.366969 0.297219 0.0954792 0.112344
0 0.880417 0.738516 0.0164167 0.0164063
0 0.884792 0.616078 0.0147083 0.0192187
0 0.847156 0.607313 0.0160625 0.0289687
0 0.520365 0.287219 0.130687 0.0793125
0 0.832271 0.577953 0.0133333 0.0164063
0 0.677885 0.34993 0.111229 0.0525469
0 0.874583 0.5605 0.015625 0.0280313
0 0.814542 0.605859 0.0260417 0.025
0 0.390906 0.495039 0.156563 0.103047
0 0.0635417 0.463719 0.0436667 0.0591875
0 0.830083 0.697734 0.0195833 0.0228125
0 0.893479 0.630266 0.0209167 0.0144063
0 0.894062 0.639391 0.021125 0.0099375
0 0.834802 0.732555 0.0176042 0.0227344
0 0.55774 0.425758 0.0839792 0.0669219
0 0.0586667 0.408625 0.0809583 0.0371875
0 0.836469 0.604359 0.0143542 0.0307812
0 0.852198 0.661156 0.0208542 0.0212812
0 0.846302 0.720305 0.0146875 0.0184531
0 0.751938 0.59218 0.013 0.00795313
0 0.883885 0.654523 0.0328125 0.0243594
0 0.701844 0.365547 0.0587708 0.0235938
0 0.876104 0.689711 0.0135833 0.0216094
0 0.85399 0.574875 0.0146875 0.0164063
0 0.0989375 0.459523 0.0939167 0.0993906
0 0.798312 0.581703 0.0229583 0.011375
0 0.857792 0.602469 0.0121667 0.0287187
0 0.845833 0.559187 0.0268333 0.0230312
0 0.809833 0.626922 0.0272083 0.0144375
0 0.817354 0.618711 0.021 0.0257656
0 0.839865 0.557766 0.0248542 0.0179375
0 0.85875 0.735492 0.0131667 0.0216094
0 0.500646 0.241586 0.018125 0.0317969
0 0.610948 0.296859 0.154854 0.0552188
0 0.844448 0.646203 0.0126458 0.0266562
0 0.797917 0.612563 0.021875 0.0220625
0 0.593292 0.329227 0.108375 0.0443281
0 0.454313 0.545227 0.0550833 0.0733594
0 0.152083 0.289898 0.142917 0.0420469
0 0.350448 0.230156 0.0788125 0.0530937
0 0.418219 0.344609 0.174104 0.0885625
0 0.42124 0.303641 0.0853958 0.0375
0 0.591208 0.257219 0.0875 0.0544063
0 0.180823 0.517742 0.0745208 0.0564219
0 0.83174 0.719773 0.0208958 0.0241094
0 0.885417 0.628367 0.0295417 0.0218281
0 0.884333 0.707031 0.0239583 0.0226562
0 0.0378854 0.981727 0.0468958 0.0365469
0 0.28874 0.507992 0.0535625 0.113203
0 0.81626 0.643016 0.0112708 0.0123125
0 0.0671458 0.369914 0.0887917 0.0507969
0 0.873208 0.649492 0.0208333 0.0299219
0 0.658792 0.320469 0.0365 0.0147813
0 0.859167 0.676516 0.0247917 0.0169063
0 0.884698 0.725914 0.0212292 0.0166719
