2 0.535778 0.877203 0.152444 0.123469
2 0.637292 0.504461 0.0503056 0.0246406
2 0.618042 0.723266 0.335194 0.11575
2 0.657708 0.458844 0.0305278 0.015375
2 0.419583 0.430047 0.0266667 0.0098125
2 0.329153 0.833078 0.217472 0.14475
2 0.635375 0.632914 0.247028 0.112016
2 0.187583 0.579141 0.1185 0.0479375
2 0.847819 0.489547 0.0469167 0.024875
2 0.599819 0.403977 0.0355278 0.0156406
2 0.168653 0.810203 0.337306 0.169344
2 0.645806 0.436594 0.0213889 0.01
2 0.621292 0.483977 0.0450833 0.0156406
2 0.369903 0.89268 0.122083 0.102484
2 0.570875 0.443219 0.0311389 0.0221562
2 0.602111 0.425727 0.0276111 0.0132344
2 0.5245 0.783211 0.170611 0.0890156
2 0.278944 0.683641 0.197667 0.09025
2 0.7715 0.434742 0.0414444 0.0141094
2 0.319194 0.734516 0.261333 0.0685313
2 0.670167 0.417148 0.0308889 0.0159844
2 0.507611 0.556578 0.177833 0.0545625
2 0.735833 0.443586 0.0382778 0.0117969
2 0.801347 0.629188 0.175417 0.098375
2 0.269458 0.621242 0.204694 0.0799844
2 0.672 0.443969 0.0318889 0.0135937
2 0.699056 0.561539 0.139833 0.0425781
2 0.337472 0.557797 0.145389 0.0618437
2 0.103111 0.631148 0.186722 0.0905156
2 0.639181 0.56007 0.133694 0.0424219
2 0.822292 0.744617 0.187694 0.139547
