0 0.598326 0.588367 0.0790867 0.125859
0 0.667529 0.2975 0.0720141 0.0765
0 0.442119 0.657062 0.0930913 0.115531
0 0.365878 0.424008 0.102201 0.130297
0 0.327611 0.747758 0.165386 0.132266
0 0.655527 0.900602 0.104356 0.0695781
0 0.38671 0.485172 0.109719 0.126344
0 0.425047 0.577031 0.153841 0.140375
0 0.731897 0.789453 0.130117 0.08625
0 0.492881 0.327477 0.0325995 0.0993281
0 0.515211 0.581523 0.107002 0.121641
0 0.312553 0.490172 0.095082 0.123156
0 0.296124 0.430977 0.0789461 0.0718281
0 0.62459 0.701562 0.0935363 0.134469
0 0.595691 0.461719 0.120422 0.140969
0 0.626159 0.523281 0.0797658 0.151313
0 0.393021 0.357414 0.0388759 0.0269844
0 0.524895 0.411359 0.0820609 0.13675
0 0.366218 0.669492 0.10007 0.101609
0 0.45048 0.476781 0.074356 0.14325
0 0.750925 0.586477 0.0966042 0.118297
0 0.554157 0.742859 0.0845199 0.1365
0 0.748197 0.498414 0.0517564 0.129047
0 0.696112 0.51275 0.0846838 0.156531
0 0.554766 0.902297 0.103443 0.067875
0 0.667986 0.359117 0.0685246 0.144984
0 0.732295 0.761352 0.0903513 0.0658281
0 0.379778 0.733102 0.131967 0.143203
0 0.274801 0.682539 0.0886651 0.0508906
0 0.659368 0.748516 0.13185 0.12
0 0.529262 0.684937 0.0819906 0.148844
0 0.311136 0.774047 0.235574 0.104844
0 0.247623 0.802383 0.116651 0.0661406
0 0.792084 0.383609 0.0817799 0.0587812
0 0.720843 0.337734 0.0383138 0.068875
0 0.333583 0.879141 0.191382 0.0954375
0 0.296593 0.516469 0.128173 0.108031
0 0.461756 0.359531 0.0962061 0.147125
0 0.380667 0.862508 0.153747 0.118984
0 0.616089 0.823031 0.100796 0.106875
0 0.465902 0.733383 0.098548 0.143703
0 0.236616 0.699109 0.0287822 0.037375
0 0.815855 0.416258 0.12726 0.0979844
0 0.766171 0.852758 0.159742 0.0651719
0 0.430656 0.932344 0.0823888 0.0314688
0 0.446393 0.39 0.0827635 0.132594
0 0.51623 0.836797 0.093911 0.105219
0 0.765773 0.494734 0.0292506 0.100594
0 0.259145 0.430641 0.0225059 0.0251563
0 0.356206 0.624711 0.0808431 0.0644219
0 0.802037 0.564031 0.0742389 0.128719
0 0.741171 0.9005 0.115082 0.0585312
0 0.626288 0.331937 0.0533255 0.1605
0 0.368712 0.363484 0.0789227 0.0798125
0 0.70274 0.823805 0.13452 0.0947031
0 0.771792 0.68425 0.081007 0.11175
0 0.389204 0.612305 0.037377 0.0494219
0 0.708876 0.396969 0.0919906 0.133438
0 0.677389 0.678055 0.0269555 0.0469844
0 0.680796 0.606672 0.0897424 0.101969
0 0.723653 0.684609 0.12356 0.114937
0 0.573103 0.942047 0.11 0.0411875
0 0.44534 0.824805 0.0555504 0.0423281
0 0.308337 0.650078 0.0194379 0.050375
0 0.525129 0.527453 0.0989227 0.150375
