1 0.639867 0.864629 0.112609 0.219737
1 0.0887187 0.814557 0.0919375 0.133995
1 0.109711 0.918421 0.0979844 0.15378
1 0.680211 0.565024 0.0913906 0.160335
1 0.396898 0.857799 0.111953 0.188038
1 0.132312 0.606543 0.112656 0.151124
1 0.150359 0.760407 0.121063 0.177273
1 0.764234 0.878266 0.148938 0.178971
2 0.853703 0.479318 0.1345 0.225957
2 0.771297 0.284844 0.169469 0.244043
2 0.772086 0.694797 0.184984 0.238206
2 0.904625 0.61049 0.158219 0.250311
2 0.860953 0.307775 0.07475 0.139043
2 0.973453 0.0375598 0.0530937 0.0751196
0 0.780734 0.123911 0.408906 0.223612
0 0.947398 0.148864 0.103734 0.144809
0 0.625094 0.100179 0.118781 0.0958134
