1 0.662891 0.746101 0.0459062 0.124848
1 0.719258 0.765785 0.0315469 0.11096
1 0.452055 0.479988 0.0811719 0.160117
1 0.202719 0.582049 0.0090625 0.0333255
1 0.740297 0.775691 0.0117813 0.0497424
1 0.749547 0.580152 0.00721875 0.0423185
1 0.75857 0.638419 0.00882813 0.0403044
1 0.585367 0.765585 0.101766 0.170422
1 0.697437 0.668372 0.0420625 0.162084
1 0.36968 0.261183 0.0430781 0.133841
1 0.510656 0.765515 0.0492187 0.0718735
1 0.218289 0.639028 0.0131406 0.0355738
1 0.530734 0.618782 0.124937 0.279625
