0 0.704641 0.592733 0.0250625 0.0474186
0 0.76125 0.692523 0.0465313 0.0560698
0 0.662359 0.810581 0.0279375 0.0384186
0 0.67275 0.560593 0.0451562 0.0977907
0 0.652258 0.714 0.0380156 0.0812093
0 0.745195 0.727826 0.0402344 0.0478837
0 0.72918 0.582558 0.0263281 0.0865116
0 0.678766 0.605081 0.0588125 0.0602093
0 0.694227 0.638209 0.0504844 0.0523256
0 0.67968 0.815267 0.0206719 0.0402558
0 0.651805 0.686686 0.0356094 0.104209
0 0.746695 0.677023 0.0417031 0.0824651
0 0.746102 0.61693 0.0222031 0.0374419
0 0.695273 0.687942 0.0254531 0.0526744
0 0.751062 0.656058 0.0284375 0.0416047
0 0.621977 0.726581 0.0279844 0.0437674
0 0.708352 0.761628 0.0349219 0.0262791
0 0.730992 0.786791 0.0213594 0.0474419
0 0.630969 0.682826 0.0600938 0.0487209
0 0.636977 0.764233 0.0234219 0.0828372
0 0.706461 0.80307 0.0318594 0.0574419
0 0.706109 0.726488 0.040625 0.0436744
0 0.67575 0.700105 0.0246562 0.0616977
0 0.733539 0.639314 0.0274219 0.0404419
0 0.717586 0.686023 0.0305781 0.0607907
0 0.664203 0.764581 0.0363125 0.061814
