1 0.751906 0.697437 0.0091875 0.00570833
1 0.781727 0.719021 0.00442188 0.00666667
1 0.809562 0.627302 0.0028125 0.0028125
1 0.721922 0.704625 0.00696875 0.00829167
1 0.795945 0.703594 0.00789063 0.0112708
1 0.876055 0.666063 0.00692187 0.00691667
1 0.831312 0.658177 0.00603125 0.00635417
1 0.87818 0.614365 0.0145469 0.0164792
1 0.752859 0.711375 0.009125 0.01375
1 0.860773 0.614052 0.00595313 0.00760417
1 0.865758 0.674083 0.00789063 0.0103333
1 0.83143 0.671302 0.00476562 0.0055625
1 0.849289 0.618646 0.00517188 0.0045
1 0.823547 0.696281 0.00615625 0.00589583
1 0.884211 0.663615 0.00554687 0.00872917
1 0.769727 0.666937 0.00714063 0.006875
1 0.918859 0.618438 0.00859375 0.0112083
1 0.818672 0.708688 0.00765625 0.0109167
1 0.797289 0.67876 0.00673437 0.0107708
