0 0.0665234 0.688844 0.0713594 0.117688
0 0.0907188 0.988854 0.0586563 0.0222917
0 0.0338125 0.957562 0.06575 0.0829167
0 0.0344609 0.862344 0.0240156 0.0618542
0 0.017375 0.895396 0.03225 0.112167
0 0.0520312 0.450094 0.0227187 0.0356458
0 0.0296875 0.688281 0.058 0.142021
0 0.12832 0.595292 0.0179219 0.068
0 0.0764297 0.9375 0.0523281 0.108625
0 0.0426797 0.416396 0.0248281 0.0774583
0 0.0095 0.78451 0.0159375 0.0467708
0 0.0157109 0.483198 0.0314219 0.0710208
0 0.0466328 0.78901 0.0725781 0.0697708
0 0.124734 0.678833 0.0690937 0.06825
0 0.00776562 0.606833 0.0155312 0.0561667
0 0.0235078 0.42875 0.0352031 0.086
0 0.0889922 0.614802 0.0671719 0.116521
0 0.0456563 0.917687 0.0892187 0.14975
0 0.0116562 0.368115 0.02225 0.0801042
0 0.104648 0.662823 0.0436406 0.107188
0 0.0567891 0.763031 0.0686719 0.0599375
0 0.0110547 0.704958 0.0191094 0.0884583
0 0.0493828 0.391563 0.0225781 0.0587083
0 0.137898 0.643115 0.0392344 0.0516458
0 0.00516406 0.422833 0.0103281 0.1005
0 0.0121406 0.826083 0.0242812 0.0561667
