2 0.692789 0.239635 0.0526406 0.0390625
2 0.201789 0.416667 0.0692344 0.08075
2 0.339648 0.840396 0.0680781 0.119375
2 0.665227 0.238844 0.0307969 0.0330625
2 0.735711 0.690979 0.0716094 0.0822917
2 0.466289 0.337792 0.0404844 0.0439583
2 0.148758 0.35976 0.109828 0.0912292
2 0.837133 0.463719 0.0812031 0.103979
2 0.137453 0.41249 0.0939062 0.0865625
2 0.154531 0.300125 0.0655312 0.0742083
2 0.53793 0.397271 0.0301719 0.061625
2 0.389656 0.360604 0.117125 0.05875
2 0.0387656 0.498073 0.0439688 0.0947708
2 0.72307 0.506167 0.0808281 0.116083
2 0.539344 0.582812 0.0690313 0.179417
2 0.563813 0.22875 0.0315937 0.0323333
2 0.361391 0.476615 0.0939062 0.168354
