0 0.934734 0.413595 0.0104688 0.0407728
0 0.930508 0.416686 0.0102656 0.0402576
0 0.207805 0.440785 0.0169219 0.0338407
0 0.285281 0.41185 0.0107188 0.038548
0 0.914195 0.411768 0.0116719 0.043911
0 0.797961 0.436663 0.0106094 0.034356
0 0.969883 0.413021 0.00873437 0.0405152
0 0.969953 0.51144 0.0160938 0.0482201
0 0.747609 0.407377 0.007875 0.0371897
0 0.348828 0.514801 0.0102813 0.0461827
0 0.242133 0.439204 0.0115469 0.0249649
0 0.899484 0.412705 0.0100938 0.0412881
0 0.606672 0.432319 0.00753125 0.0274473
0 0.571055 0.415738 0.00848437 0.0402342
0 0.197469 0.503162 0.00684375 0.0441218
0 0.425766 0.502845 0.0065 0.0418033
0 0.484398 0.412998 0.00632812 0.0425761
0 0.240523 0.502002 0.00892187 0.0316393
0 0.225266 0.50822 0.007 0.0525059
0 0.912477 0.455714 0.00889063 0.0100234
0 0.344367 0.425445 0.00451563 0.0183372
0 0.930852 0.505597 0.0126719 0.0487119
0 0.703422 0.408595 0.0065 0.0440281
0 0.239984 0.409883 0.0070625 0.0397658
0 0.625047 0.49555 0.0108438 0.0361124
0 0.454492 0.40644 0.00801563 0.035082
0 0.319898 0.425269 0.00617188 0.0163934
0 0.956813 0.506148 0.012375 0.0414286
0 0.563344 0.498923 0.0065 0.0361124
0 0.303117 0.504133 0.00992188 0.0392272
0 0.80357 0.407272 0.0130781 0.0407728
0 0.258461 0.509859 0.00876563 0.0454333
0 0.80032 0.504239 0.00710937 0.0451522
0 0.64182 0.507073 0.0101719 0.0434192
0 0.976055 0.413396 0.0125156 0.041452
0 0.511086 0.410703 0.0116406 0.0420609
0 0.367266 0.502283 0.006125 0.0342155
0 0.233023 0.50534 0.0135156 0.0473536
0 0.918812 0.504742 0.0114062 0.0428806
0 0.533531 0.410141 0.0104375 0.0389696
0 0.720172 0.501218 0.0118438 0.0410304
0 0.550578 0.499344 0.0101875 0.0415925
0 0.358609 0.500831 0.0100938 0.0361827
0 0.321453 0.5013 0.00975 0.0376815
0 0.789375 0.406347 0.0117813 0.0398595
0 0.522258 0.50226 0.00923437 0.0430679
0 0.379148 0.505609 0.00876563 0.0489696
0 0.708836 0.406347 0.00839063 0.0405152
0 0.270375 0.448548 0.00740625 0.0354567
0 0.249688 0.501089 0.0102188 0.0322951
0 0.262336 0.51274 0.00585938 0.0532553
0 0.897398 0.445878 0.00985938 0.0139578
0 0.673328 0.506101 0.00784375 0.0405386
0 0.286992 0.500328 0.00889063 0.0363934
0 0.296016 0.499906 0.0085625 0.0410304
0 0.622703 0.434415 0.00884375 0.0337002
0 0.233477 0.40719 0.0126719 0.0377049
0 0.442688 0.498431 0.0070625 0.0415457
0 0.587852 0.496827 0.0159219 0.0348712
0 0.663844 0.406721 0.00821875 0.0377049
0 0.61818 0.49411 0.00876563 0.0407728
0 0.267875 0.410843 0.0112187 0.0329274
0 0.335164 0.518372 0.0106094 0.0497658
0 0.190281 0.408607 0.0102813 0.0440984
0 0.219016 0.50315 0.00765625 0.0473302
0 0.223805 0.403981 0.0124844 0.0415457
0 0.951258 0.505808 0.00976562 0.0391569
0 0.594766 0.498302 0.0102813 0.0366979
0 0.602227 0.435269 0.0112969 0.0333489
0 0.601109 0.500386 0.0111875 0.0448478
0 0.766266 0.409415 0.0124063 0.0388759
0 0.719625 0.407763 0.0118125 0.0412881
0 0.541641 0.408009 0.0071875 0.0330679
0 0.411805 0.501218 0.00739063 0.0399063
0 0.358555 0.443208 0.0165781 0.0222014
0 0.562289 0.412283 0.0145156 0.038993
0 0.187938 0.406885 0.0112187 0.0395316
0 0.3835 0.506054 0.00753125 0.0482201
0 0.307227 0.4363 0.0112969 0.0466979
0 0.551484 0.495422 0.00759375 0.0319204
0 0.430602 0.435269 0.00854687 0.044637
0 0.758461 0.504391 0.00723437 0.0396956
0 0.863266 0.44007 0.0147187 0.040281
0 0.787266 0.499614 0.00821875 0.0390398
0 0.537883 0.496967 0.00973437 0.0374005
0 0.396906 0.50356 0.0071875 0.0386885
0 0.572852 0.499848 0.0107031 0.0416628
0 0.781211 0.40534 0.00795313 0.0357845
0 0.280273 0.408595 0.0107656 0.0383138
0 0.694031 0.417506 0.007875 0.0443794
0 0.521805 0.406546 0.00548437 0.0338407
0 0.863047 0.504789 0.0105938 0.0380562
0 0.320656 0.429251 0.0167813 0.0264169
0 0.658523 0.503466 0.0109531 0.0428103
0 0.986477 0.509672 0.00989063 0.0465574
0 0.381102 0.409239 0.0192969 0.0390398
0 0.980398 0.508888 0.0102656 0.0466745
0 0.636984 0.507705 0.00784375 0.0436066
0 0.65007 0.409297 0.0147031 0.0387354
0 0.893555 0.501956 0.00701563 0.0338407
0 0.690008 0.413724 0.00907812 0.0430913
0 0.598242 0.4387 0.0112969 0.0133255
0 0.992195 0.510609 0.00979688 0.0480562
0 0.859117 0.437319 0.0150469 0.0348712
0 0.655477 0.505433 0.00785938 0.0430913
0 0.529484 0.502576 0.0130312 0.0408431
0 0.737242 0.412963 0.00889063 0.0492506
0 0.473836 0.411534 0.00795313 0.0374473
0 0.955234 0.457459 0.0104375 0.00845433
0 0.881406 0.416686 0.0114687 0.0438642
0 0.889359 0.420152 0.00821875 0.0466745
0 0.975094 0.512986 0.0150625 0.0461593
0 0.720727 0.520796 0.00598438 0.00435597
0 0.672594 0.408056 0.00803125 0.0366745
0 0.754859 0.437974 0.0133437 0.0197424
0 0.994727 0.414333 0.0102344 0.03363
0 0.580344 0.495878 0.0107813 0.0346136
0 0.88982 0.495258 0.0114844 0.0267213
0 0.763023 0.500679 0.00942187 0.0375176
0 0.407539 0.446112 0.0101406 0.03274
0 0.744258 0.505164 0.00564062 0.0397424
0 0.413742 0.429754 0.00907812 0.0412881
0 0.399422 0.409145 0.00840625 0.0372131
0 0.859625 0.507026 0.0061875 0.0370492
0 0.524281 0.409122 0.0121563 0.0461593
0 0.904672 0.500152 0.0114687 0.0384778
0 0.366125 0.427436 0.00578125 0.0150117
0 0.229742 0.509766 0.00510938 0.0525995
0 0.678477 0.504403 0.00832813 0.0406089
0 0.869945 0.429883 0.0158594 0.0407494
0 0.754219 0.500492 0.00615625 0.0392974
0 0.592336 0.415703 0.00954687 0.0384309
0 0.362539 0.501698 0.00848437 0.034356
0 0.949164 0.403852 0.00632812 0.0202576
0 0.614109 0.493724 0.007875 0.0346136
0 0.2025 0.501511 0.0085625 0.0423185
0 0.611898 0.494637 0.00942187 0.0382201
0 0.652961 0.408478 0.00889063 0.0377049
0 0.990023 0.419625 0.0181406 0.0420609
0 0.643617 0.408747 0.0130469 0.0394145
0 0.466742 0.409496 0.00992188 0.0348712
0 0.406805 0.501733 0.00726563 0.0385012
0 0.264141 0.411159 0.0140313 0.0364169
0 0.415414 0.430656 0.00839063 0.0425761
0 0.941805 0.503747 0.0131719 0.0410304
0 0.55318 0.420398 0.00757812 0.0422482
0 0.925039 0.415468 0.0116406 0.0402108
0 0.372672 0.414637 0.0071875 0.0474473
0 0.809586 0.502248 0.00920312 0.0420609
0 0.272484 0.504567 0.0090625 0.0441218
0 0.225273 0.441534 0.00582812 0.041007
0 0.364289 0.443232 0.0135156 0.0210304
0 0.78625 0.49808 0.00975 0.0412646
0 0.202375 0.407002 0.011 0.0446838
