1 0.720562 0.767677 0.1335 0.0581458
1 0.896102 0.50125 0.0467656 0.0651667
1 0.76632 0.349677 0.0322656 0.0468958
1 0.767625 0.658594 0.053 0.0400625
1 0.795937 0.377115 0.0219688 0.0344792
1 0.852852 0.72001 0.0493594 0.0418958
1 0.792805 0.76326 0.0624531 0.0736042
1 0.788812 0.838344 0.072125 0.0535208
1 0.671664 0.656552 0.0533594 0.0599375
1 0.742617 0.323906 0.0357656 0.0469792
1 0.84707 0.630448 0.0631719 0.0583125
1 0.533844 0.553365 0.0521563 0.0822292
1 0.576523 0.578771 0.0297031 0.0377083
1 0.606461 0.493208 0.0384219 0.052625
1 0.868633 0.449042 0.0475156 0.0495833
1 0.554852 0.340844 0.0342031 0.0523125
1 0.647352 0.292698 0.0330469 0.0498542
1 0.639758 0.4455 0.0384844 0.0425833
1 0.852328 0.66201 0.0363125 0.0529792
1 0.890656 0.568437 0.0405937 0.0565833
1 0.835648 0.559313 0.0680781 0.104875
1 0.841461 0.482781 0.0312031 0.0575625
1 0.68807 0.400792 0.0499844 0.0334167
1 0.540789 0.486719 0.0340469 0.0742292
1 0.697328 0.851667 0.0365 0.046
1 0.546914 0.632469 0.0659531 0.0851042
1 0.594336 0.669896 0.0352031 0.0331667
1 0.599109 0.312604 0.0417812 0.0460833
1 0.69925 0.416448 0.0476562 0.0273958
1 0.578234 0.46749 0.0435938 0.0710625
1 0.739633 0.423021 0.0552344 0.059375
1 0.902313 0.773281 0.0330625 0.0325208
1 0.913227 0.448885 0.0434219 0.0630208
1 0.525438 0.715365 0.047625 0.0536875
