0 0.635312 0.393946 0.00471875 0.00850117
0 0.809555 0.260129 0.00957812 0.0156206
0 0.684633 0.350984 0.00551562 0.00594848
0 0.809133 0.242869 0.00342188 0.0115457
0 0.837727 0.270117 0.0114531 0.00487119
0 0.742898 0.145515 0.0107656 0.00742389
0 0.690547 0.402951 0.0111875 0.00847775
0 0.753242 0.220386 0.00489063 0.0167916
0 0.746125 0.457974 0.01675 0.005363
0 0.789266 0.153864 0.00728125 0.00960187
0 0.713336 0.405948 0.00701563 0.00613583
0 0.738383 0.176066 0.00682812 0.0130679
0 0.453672 0.842998 0.00359375 0.0115222
0 0.737117 0.324297 0.0107656 0.00892272
0 0.741859 0.234145 0.00615625 0.00974239
0 0.805102 0.319578 0.00935937 0.00688525
0 0.68982 0.397155 0.0117656 0.00967213
0 0.619195 0.327201 0.00495313 0.0115457
0 0.637836 0.31315 0.00576562 0.00704918
0 0.623297 0.388419 0.00540625 0.0240984
0 0.690289 0.237728 0.0149844 0.0111007
0 0.822992 0.379719 0.00423438 0.00885246
0 0.701641 0.30466 0.00990625 0.00932084
0 0.797891 0.182564 0.00546875 0.0071897
0 0.705125 0.322166 0.0069375 0.00845433
0 0.68675 0.184368 0.00625 0.0069555
0 0.429477 0.78808 0.00820313 0.0161593
0 0.752773 0.208443 0.0132969 0.010281
0 0.760672 0.368337 0.0150312 0.0151288
0 0.795695 0.221686 0.00720313 0.00482436
0 0.466391 0.803712 0.00775 0.0243326
0 0.732422 0.343735 0.0113125 0.0109368
0 0.796367 0.344602 0.00735937 0.0087822
0 0.763664 0.373454 0.0133281 0.0187119
0 0.653156 0.331464 0.005125 0.00845433
0 0.699742 0.448185 0.00767187 0.00747073
0 0.699648 0.235515 0.0124844 0.0115457
0 0.625523 0.347775 0.00289062 0.00946136
0 0.618125 0.264532 0.007375 0.0129508
0 0.438195 0.75582 0.0106719 0.0209602
0 0.719227 0.250562 0.00970312 0.00960187
0 0.672531 0.397611 0.008375 0.0105855
0 0.776438 0.399871 0.0124688 0.00793911
0 0.663109 0.266897 0.0150625 0.0130445
0 0.746922 0.380925 0.0104375 0.0141218
0 0.802055 0.161827 0.00685937 0.00454333
0 0.661312 0.196218 0.0120313 0.00934426
0 0.704266 0.183489 0.007 0.00894614
0 0.634937 0.453384 0.0117813 0.0117799
0 0.745445 0.310445 0.00639062 0.0105855
0 0.445539 0.752951 0.00854687 0.0166745
0 0.775703 0.249052 0.00875 0.0113115
0 0.712242 0.326054 0.00951562 0.00925059
0 0.638703 0.397049 0.00525 0.00852459
0 0.780586 0.258326 0.00957812 0.00948478
0 0.460016 0.82082 0.004625 0.0151288
0 0.833336 0.337974 0.00529688 0.0179625
0 0.611008 0.192307 0.00667187 0.0159016
0 0.775867 0.330199 0.00632812 0.00615925
0 0.749047 0.136206 0.005125 0.0076815
0 0.667242 0.258232 0.0105781 0.0148712
0 0.830305 0.307881 0.00876563 0.00737705
0 0.774766 0.319895 0.0060625 0.00526932
0 0.749836 0.370773 0.00564062 0.00871194
0 0.646328 0.24781 0.0045625 0.00793911
0 0.648836 0.327037 0.00492188 0.00845433
