2 0.656781 0.551154 0.0330937 0.0464241
2 0.591492 0.331767 0.0529531 0.0536383
2 0.437148 0.720956 0.0755156 0.0454886
2 0.307523 0.499647 0.00889063 0.0147609
2 0.283086 0.473056 0.0182031 0.0301871
2 0.549398 0.700946 0.0354219 0.0423077
2 0.463125 0.271081 0.031 0.0318087
2 0.625602 0.481798 0.0346406 0.0466736
2 0.724844 0.511466 0.0153125 0.0312474
2 0.501133 0.338326 0.0486406 0.0350312
2 0.534633 0.315904 0.0262344 0.0178378
2 0.464336 0.671798 0.0492969 0.0948233
2 0.340492 0.250759 0.0237031 0.0318295
2 0.203328 0.483981 0.0665937 0.0438462
2 0.277086 0.447297 0.0279844 0.0414137
2 0.40457 0.34052 0.0250469 0.0187526
2 0.761609 0.35211 0.0139063 0.0470478
2 0.359734 0.364439 0.0331562 0.0207277
2 0.527102 0.646185 0.0275156 0.0396466
2 0.300242 0.34104 0.0417031 0.0312266
2 0.449531 0.297879 0.0353438 0.050104
2 0.138039 0.502287 0.0227969 0.02
2 0.513891 0.696102 0.0468125 0.0740333
2 0.373086 0.488077 0.0207969 0.0192308
2 0.759328 0.278992 0.0287813 0.0422245
2 0.657117 0.604886 0.0399219 0.0645738
2 0.606094 0.71396 0.0106875 0.0168607
2 0.439859 0.215988 0.04375 0.0362162
2 0.272711 0.398077 0.0417656 0.0469231
2 0.233414 0.447921 0.0279219 0.0548025
