0 0.871766 0.841435 0.0324375 0.079415
0 0.52418 0.705181 0.0353594 0.0850696
0 0.384469 0.746992 0.0260312 0.048468
0 0.349172 0.780376 0.0268125 0.0336212
0 0.954578 0.85422 0.035125 0.0854875
0 0.597258 0.880279 0.0767031 0.0709749
0 0.871547 0.861741 0.055 0.100808
0 0.31107 0.70915 0.0280781 0.0479944
0 0.764172 0.794429 0.104656 0.0446797
0 0.939297 0.865515 0.070375 0.0807799
0 0.762828 0.7689 0.0912813 0.0489972
0 0.435937 0.787312 0.0341875 0.0827577
0 0.687305 0.794791 0.0515781 0.116992
0 0.951961 0.73585 0.0577969 0.0566574
0 0.92043 0.84 0.0309844 0.0504735
0 0.912977 0.863134 0.0370469 0.0912256
0 0.27575 0.729276 0.058875 0.0357103
0 0.435586 0.798565 0.0779531 0.139415
0 0.963758 0.823398 0.0326719 0.067688
0 0.616656 0.843524 0.0704687 0.0648189
0 0.962375 0.768134 0.0572187 0.0555989
0 0.539898 0.78539 0.0786719 0.0749582
0 0.350609 0.835585 0.0500625 0.0783565
0 0.324141 0.840195 0.0553438 0.0960446
0 0.393203 0.719471 0.022125 0.0577716
0 0.292516 0.776504 0.0830625 0.0863788
0 0.595461 0.757786 0.0654844 0.0589136
0 0.276055 0.844638 0.0442031 0.0802507
0 0.919539 0.780905 0.0229219 0.0697214
0 0.25257 0.81468 0.0407031 0.0868524
0 0.384336 0.873412 0.0270469 0.0451532
0 0.846797 0.8511 0.0650312 0.0971309
0 0.587031 0.680961 0.04425 0.0454875
0 0.684992 0.869596 0.0272969 0.0812535
0 0.605641 0.825056 0.0640938 0.0474373
0 0.782781 0.887925 0.0872187 0.0616992
0 0.732281 0.888148 0.022125 0.0698886
0 0.849422 0.807744 0.0685937 0.0368802
0 0.760211 0.815014 0.0990469 0.0389972
0 0.258875 0.756755 0.0443125 0.0973538
0 0.720219 0.699526 0.04 0.130139
0 0.591148 0.781017 0.0901094 0.0643733
0 0.762766 0.725627 0.0175625 0.0419499
0 0.701836 0.782994 0.0395781 0.10805
0 0.35557 0.716643 0.0145469 0.0171309
0 0.540398 0.831393 0.0742031 0.0731476
0 0.627148 0.857242 0.0707031 0.0610585
0 0.22868 0.819847 0.0269844 0.116518
0 0.386055 0.836281 0.0220156 0.0373538
0 0.663711 0.705905 0.0243594 0.0442897
0 0.633875 0.722479 0.0365938 0.0621727
0 0.874945 0.78163 0.0283281 0.0246518
0 0.907172 0.754944 0.0301563 0.0492201
0 0.707914 0.839777 0.0285156 0.030195
0 0.708305 0.864861 0.0291094 0.0428134
0 0.215539 0.815237 0.0442031 0.121838
0 0.345641 0.868287 0.0245938 0.0463788
0 0.982469 0.834805 0.031625 0.0868245
0 0.732914 0.699443 0.0374219 0.111922
0 0.640891 0.785613 0.0326875 0.0466574
0 0.42768 0.877535 0.0505781 0.0521727
0 0.351367 0.753997 0.0326094 0.0617549
0 0.6685 0.892006 0.00578125 0.0261281
0 0.284797 0.80876 0.0525937 0.101699
0 0.697414 0.710446 0.0401094 0.137604
0 0.817906 0.848983 0.0539063 0.0585794
0 0.496039 0.824875 0.0343594 0.0875766
0 0.494117 0.786435 0.0282969 0.065961
0 0.310141 0.788301 0.0297812 0.0310306
0 0.720492 0.879554 0.0318281 0.0848468
0 0.587914 0.729318 0.0155156 0.0259889
0 0.507211 0.700947 0.0402031 0.108747
0 0.827719 0.759819 0.035125 0.0484401
0 0.427227 0.713259 0.0251406 0.0612256
0 0.541453 0.887382 0.0527813 0.0443454
0 0.844656 0.793426 0.0264688 0.0231755
0 0.806195 0.754624 0.0739531 0.0999443
0 0.503391 0.883565 0.0420937 0.0480223
0 0.207156 0.806811 0.0499687 0.132061
0 0.458422 0.753468 0.050375 0.160864
0 0.62332 0.740613 0.0585156 0.067688
0 0.985555 0.750543 0.0288906 0.0569081
0 0.569523 0.70351 0.0499844 0.0272423
0 0.554625 0.744749 0.0222188 0.0346797
