0 0.131906 0.800625 0.116344 0.0990417
0 0.121172 0.187969 0.0568125 0.218854
0 0.546047 0.430354 0.110281 0.0969167
0 0.0406797 0.0452708 0.0225781 0.0905417
0 0.941984 0.767927 0.0757812 0.0868958
0 0.293656 0.409125 0.194562 0.0954583
0 0.474648 0.189469 0.0538281 0.112688
0 0.437961 0.336156 0.226953 0.111979
0 0.819477 0.424625 0.103703 0.233417
0 0.172156 0.561896 0.0706875 0.0954583
0 0.510859 0.382615 0.145313 0.185854
0 0.822008 0.706167 0.0829531 0.0654583
0 0.635336 0.715188 0.248297 0.222167
0 0.727867 0.258771 0.0615469 0.181417
0 0.22282 0.322 0.0505156 0.0825833
0 0.179594 0.0691458 0.0912813 0.0575
0 0.725875 0.851427 0.0615625 0.0548125
0 0.658773 0.539802 0.0681094 0.158063
0 0.284977 0.662333 0.0470781 0.0687917
0 0.240328 0.345323 0.0586875 0.0548125
0 0.953313 0.715187 0.093375 0.082875
0 0.587211 0.365271 0.0388594 0.039625
0 0.431375 0.540844 0.091875 0.123104
0 0.748437 0.875354 0.042625 0.0607083
0 0.501945 0.786625 0.181297 0.258833
0 0.196156 0.734094 0.0687187 0.0789375
0 0.162727 0.2255 0.0384531 0.165292
0 0.780453 0.854958 0.0499062 0.0895417
0 0.473266 0.873375 0.225687 0.222417
0 0.650906 0.68425 0.238375 0.201667
0 0.800969 0.210885 0.0671563 0.201938
0 0.736969 0.411667 0.0840313 0.281958
0 0.845578 0.876781 0.0987813 0.0495625
0 0.0378516 0.164323 0.0433906 0.119271
0 0.781703 0.407396 0.0765312 0.263458
0 0.0224922 0.811896 0.0445781 0.087125
0 0.889609 0.802052 0.125812 0.0777292
0 0.0306016 0.576396 0.0612031 0.113917
0 0.460875 0.0324896 0.138406 0.0649792
0 0.0858672 0.501927 0.0934844 0.128188
0 0.300016 0.219781 0.0575312 0.0993958
0 0.0534687 0.261427 0.106937 0.0774375
0 0.554203 0.472812 0.190281 0.1315
0 0.441766 0.182427 0.0289687 0.0838542
0 0.534359 0.269917 0.0485312 0.04875
0 0.599594 0.76176 0.20825 0.295063
0 0.0984375 0.352344 0.119063 0.0895208
0 0.186984 0.666865 0.0956562 0.0831458
0 0.306453 0.350885 0.0731563 0.0416875
0 0.51775 0.504521 0.205313 0.210833
0 0.0736172 0.328375 0.147234 0.08975
0 0.0497812 0.881187 0.0975 0.0904167
0 0.0787969 0.156094 0.0794688 0.249271
0 0.830016 0.796344 0.0665313 0.0840208
0 0.422305 0.876792 0.177328 0.246417
0 0.663664 0.0593229 0.0651406 0.118646
0 0.393039 0.148302 0.0490469 0.0739792
0 0.205484 0.261385 0.07775 0.149812
0 0.903406 0.284229 0.0775312 0.196292
0 0.187352 0.143792 0.0709844 0.0439167
0 0.477164 0.391979 0.0818594 0.06725
0 0.296391 0.565719 0.0896875 0.100646
0 0.068125 0.451448 0.0621875 0.122688
0 0.881352 0.925583 0.0754531 0.05425
0 0.969734 0.361958 0.0605313 0.0925417
0 0.134094 0.421167 0.0880313 0.0842083
0 0.755602 0.215615 0.0711406 0.154896
0 0.713359 0.462979 0.128031 0.265333
0 0.646094 0.0629583 0.0910938 0.125917
0 0.681945 0.0604688 0.0493281 0.119188
0 0.433297 0.246281 0.0371875 0.0528958
0 0.647305 0.176573 0.0376094 0.0386458
0 0.970852 0.498177 0.0576406 0.160604
0 0.365367 0.161437 0.0649531 0.107083
0 0.218688 0.521427 0.126969 0.0910625
0 0.703289 0.0597604 0.0345156 0.119521
0 0.770867 0.149156 0.0430469 0.0468542
0 0.553109 0.0177917 0.0384688 0.0355833
0 0.86718 0.24775 0.0844219 0.152542
0 0.142039 0.598417 0.100641 0.110042
0 0.521203 0.132375 0.0453125 0.0825833
0 0.960867 0.327969 0.0782656 0.0889792
0 0.325008 0.1355 0.0187031 0.0889583
0 0.579477 0.232708 0.0702344 0.129333
0 0.733477 0.630458 0.0897031 0.0677917
0 0.93968 0.271115 0.0642031 0.0966458
0 0.517352 0.743896 0.173609 0.311208
0 0.0511328 0.218646 0.102266 0.121792
0 0.96307 0.228604 0.0397031 0.04825
0 0.81832 0.203448 0.0634219 0.177146
0 0.0890937 0.12125 0.02675 0.140083
0 0.528867 0.172333 0.0605469 0.136292
0 0.560867 0.188385 0.0286719 0.0715625
0 0.212477 0.589219 0.102109 0.0771458
0 0.416156 0.128375 0.0644687 0.0865
0 0.183688 0.123583 0.073125 0.0432917
0 0.91525 0.879 0.063875 0.0457083
0 0.344383 0.866729 0.138453 0.265583
0 0.183617 0.0994479 0.0700469 0.0226042
0 0.661898 0.625906 0.0907969 0.0976042
0 0.481687 0.205073 0.0518438 0.0962708
0 0.159422 0.868448 0.0799062 0.0800208
0 0.62207 0.34975 0.0573906 0.118542
0 0.204469 0.152792 0.0514375 0.0366667
0 0.658742 0.344073 0.0562344 0.128562
0 0.805383 0.627625 0.107453 0.0705417
0 0.144172 0.679302 0.0431875 0.0764375
0 0.0805703 0.711979 0.131547 0.123167
0 0.348461 0.10175 0.0433594 0.0909167
0 0.873766 0.48274 0.0796562 0.234521
0 0.47357 0.136229 0.0365469 0.08475
0 0.833797 0.438781 0.0820937 0.222354
0 0.30132 0.630917 0.0678281 0.0575833
0 0.305102 0.280302 0.0547656 0.0966875
0 0.375211 0.279802 0.0475156 0.0342708
0 0.456086 0.0585104 0.156391 0.114812
0 0.901461 0.9255 0.0756094 0.0695833
0 0.862492 0.699031 0.134578 0.109146
0 0.0291328 0.476594 0.0582656 0.0772708
0 0.183734 0.262583 0.035125 0.083375
0 0.159148 0.919323 0.0656094 0.0815208
0 0.96543 0.666396 0.0687969 0.0325
0 0.754539 0.401688 0.0448594 0.277042
0 0.963484 0.687531 0.0730313 0.0456875
0 0.241164 0.650604 0.0764531 0.104417
0 0.502977 0.0189583 0.114109 0.0379167
0 0.523727 0.108792 0.0602969 0.06425
0 0.844797 0.460406 0.0664062 0.214604
0 0.774461 0.69001 0.0996719 0.0631875
0 0.879273 0.575917 0.0473281 0.1235
0 0.569242 0.0263229 0.0410156 0.0526458
0 0.517898 0.251281 0.0787344 0.0852708
0 0.785187 0.750625 0.0281563 0.0430417
0 0.488273 0.303771 0.0822344 0.035
0 0.950016 0.300187 0.0816875 0.1025
0 0.30357 0.179302 0.0369531 0.117813
0 0.0655469 0.0368854 0.0481562 0.0737708
0 0.602477 0.856656 0.0807344 0.0976875
0 0.36932 0.200885 0.0970469 0.118604
0 0.0266094 0.407146 0.0514063 0.0782083
0 0.937297 0.466875 0.0575312 0.183333
0 0.439297 0.745552 0.113469 0.303396
0 0.597109 0.308417 0.04025 0.07825
0 0.183555 0.794229 0.0377344 0.0837083
0 0.0236797 0.978104 0.0473594 0.0437917
0 0.621352 0.62275 0.0586719 0.0845
0 0.279219 0.382385 0.162062 0.0573542
0 0.814297 0.830719 0.0920938 0.0567708
0 0.320359 0.462333 0.215031 0.139833
0 0.605102 0.180708 0.0369844 0.0815417
0 0.699313 0.681146 0.0830313 0.0540417
0 0.757383 0.735646 0.0454531 0.0414583
0 0.117602 0.918458 0.0376094 0.0578333
0 0.589938 0.0293125 0.0455625 0.058625
0 0.13793 0.508865 0.0697031 0.106979
0 0.637117 0.102896 0.110172 0.110625
0 0.445609 0.836969 0.144406 0.154271
0 0.311602 0.534781 0.0561406 0.0518958
0 0.294391 0.888917 0.0942813 0.213333
0 0.932172 0.829542 0.0798438 0.054625
0 0.386094 0.105719 0.039625 0.0981458
0 0.0480703 0.639969 0.0961406 0.119771
0 0.365148 0.550031 0.0752969 0.0619375
0 0.316453 0.705625 0.0488438 0.062875
0 0.0242188 0.731146 0.0484375 0.0793333
0 0.813359 0.923115 0.108594 0.0448125
0 0.411258 0.191469 0.0469531 0.0964792
0 0.0989922 0.882062 0.0666406 0.0715833
0 0.703656 0.18099 0.0361563 0.0600625
0 0.0856172 0.582562 0.0657344 0.07475
0 0.111977 0.978125 0.0843906 0.04375
0 0.953648 0.604521 0.0927031 0.106083
0 0.783375 0.116427 0.0926875 0.110521
0 0.0590156 0.801063 0.0816562 0.0914583
0 0.347242 0.625625 0.0481406 0.0617083
0 0.269641 0.72599 0.0844688 0.0761875
0 0.38632 0.318792 0.128141 0.0620417
0 0.748031 0.0716458 0.0441563 0.141083
0 0.371539 0.237479 0.0872344 0.0859583
0 0.870203 0.846427 0.0372813 0.0283958
0 0.142063 0.730615 0.0689375 0.0603542
0 0.196977 0.455021 0.0880156 0.0927917
0 0.67732 0.197406 0.0276094 0.0436875
0 0.446578 0.288312 0.0740937 0.062875
0 0.84243 0.242083 0.0693906 0.194208
0 0.246039 0.893292 0.0918281 0.21075
0 0.578656 0.138156 0.0448438 0.0796042
0 0.725336 0.0639271 0.0284219 0.127854
0 0.981078 0.407646 0.0378437 0.102417
0 0.190867 0.938021 0.0677969 0.123958
0 0.774906 0.1025 0.0526563 0.0835417
0 0.842953 0.745563 0.0917813 0.0654167
0 0.0762734 0.960604 0.0954531 0.0787917
