0 0.495477 0.725969 0.120797 0.0605625
0 0.356445 0.11876 0.0376094 0.0251458
0 0.453055 0.540823 0.0993594 0.0605625
0 0.360859 0.158042 0.0441563 0.0150833
0 0.728531 0.645323 0.0209375 0.0870208
0 0.206672 0.59724 0.0575937 0.0449375
0 0.289891 0.147458 0.0498437 0.0283333
0 0.305656 0.20975 0.0130938 0.0104167
0 0.645922 0.608208 0.04325 0.06825
0 0.316109 0.638146 0.0487812 0.0215417
0 0.667773 0.614719 0.0582656 0.0615625
0 0.290055 0.647865 0.0632656 0.0587292
0 0.316719 0.561281 0.0901875 0.0563958
0 0.816805 0.698219 0.136672 0.0444375
0 0.388023 0.590969 0.0328281 0.0830208
0 0.366711 0.674875 0.0878906 0.0471667
0 0.35793 0.145906 0.0477969 0.0325625
0 0.703781 0.685208 0.0367188 0.0340833
0 0.214758 0.56551 0.0599844 0.0223958
0 0.539281 0.76024 0.0842187 0.0246875
0 0.318297 0.618073 0.1025 0.0443542
0 0.473703 0.615344 0.0539063 0.0615208
0 0.628242 0.731583 0.100828 0.036
0 0.475984 0.563198 0.075 0.0456458
0 0.469305 0.691573 0.100516 0.0970208
0 0.455016 0.590438 0.1 0.0566667
0 0.705 0.65851 0.0425 0.0723125
0 0.219023 0.572177 0.112891 0.0992292
0 0.486313 0.702771 0.118 0.0908333
0 0.219914 0.591135 0.0775781 0.0618542
0 0.300484 0.184427 0.0267812 0.0223958
0 0.629375 0.703333 0.0998125 0.0405
0 0.367547 0.700135 0.075 0.0388958
0 0.617641 0.680021 0.0926562 0.0865
0 0.668883 0.624146 0.0484219 0.0472917
0 0.167727 0.210948 0.0565781 0.0339792
0 0.422555 0.700198 0.0240156 0.0927708
0 0.816602 0.670667 0.138266 0.0660833
0 0.612414 0.611594 0.0273594 0.0513958
0 0.628602 0.691208 0.106297 0.0650833
0 0.381453 0.134792 0.0325 0.0182083
0 0.153484 0.586031 0.043375 0.0946875
0 0.270008 0.591833 0.0558594 0.0428333
0 0.778203 0.64 0.0725 0.0904167
0 0.351094 0.195563 0.013875 0.0105833
0 0.81332 0.728583 0.135984 0.0346667
0 0.532984 0.664396 0.0686563 0.0330833
0 0.62825 0.261333 0.0511563 0.0410417
0 0.63368 0.248167 0.0581719 0.034
0 0.1675 0.189167 0.0635625 0.0427083
0 0.430094 0.61925 0.0495312 0.0320417
0 0.424867 0.584896 0.0738906 0.0837083
0 0.510453 0.62575 0.0884687 0.0424167
0 0.504211 0.614865 0.0971094 0.0574375
0 0.761922 0.636583 0.0601875 0.095125
0 0.645344 0.261917 0.0354375 0.0367917
0 0.220766 0.626969 0.0351875 0.0399792
0 0.668055 0.637885 0.0446406 0.0408958
0 0.282641 0.676188 0.0625 0.0423333
0 0.384016 0.550896 0.0275 0.035625
0 0.529039 0.64051 0.0988594 0.0343542
0 0.42975 0.584573 0.0613437 0.0603542
0 0.579562 0.680094 0.046875 0.0848958
0 0.492906 0.752917 0.113719 0.0365417
0 0.723453 0.629792 0.0662812 0.119458
0 0.370461 0.121823 0.0414219 0.0178542
0 0.436719 0.128594 0.0209688 0.0120625
0 0.46393 0.715906 0.0492344 0.0480208
0 0.627555 0.270385 0.0317344 0.0238542
