0 0.487979 0.71618 0.01675 0.0135781
0 0.367583 0.734883 0.02525 0.0125469
0 0.709177 0.414648 0.0185208 0.0115781
0 0.174302 0.754203 0.0169792 0.0181875
0 0.409729 0.732563 0.0198333 0.0123125
0 0.938604 0.718461 0.025 0.0131719
0 0.524344 0.439102 0.0205208 0.0294844
0 0.178604 0.789453 0.0177083 0.0140625
0 0.393479 0.741719 0.0295417 0.0160313
0 0.911427 0.618555 0.0198542 0.0115781
0 0.27001 0.765383 0.0279375 0.0109531
0 0.369729 0.653328 0.0369167 0.02
0 0.0209583 0.761898 0.0095 0.0175156
0 0.10799 0.711969 0.0213125 0.018125
0 0.515062 0.656648 0.0285 0.0258281
0 0.883073 0.654789 0.0140625 0.0120469
0 0.693646 0.435937 0.0189167 0.024625
0 0.974771 0.808977 0.0184583 0.0143594
0 0.386698 0.603789 0.0254375 0.0233906
0 0.801844 0.733992 0.0175208 0.00710937
0 0.173135 0.771047 0.0232708 0.0245
0 0.30851 0.839023 0.0215208 0.0153906
0 0.131688 0.629703 0.025125 0.0220312
0 0.0443229 0.557297 0.0123125 0.0228437
0 0.962708 0.709523 0.0211667 0.0224844
0 0.284333 0.680758 0.019125 0.0320156
0 0.166448 0.723125 0.0368958 0.0220938
0 0.860427 0.625289 0.0134792 0.0109531
0 0.0415208 0.819664 0.019625 0.0149531
0 0.419792 0.416258 0.0116667 0.0109531
0 0.18126 0.710852 0.0294375 0.0279531
0 0.599062 0.423281 0.0266667 0.0189687
0 0.051875 0.843133 0.034875 0.0117969
0 0.0187604 0.658188 0.0218958 0.0169687
0 0.494615 0.416844 0.0081875 0.01
0 0.946427 0.702406 0.0162708 0.0213438
0 0.0932708 0.529313 0.034125 0.0163125
0 0.0488958 0.661836 0.01625 0.0127031
0 0.0936458 0.549789 0.0150417 0.0107656
0 0.962198 0.798078 0.0171042 0.0166563
0 0.990917 0.81032 0.01675 0.0122969
0 0.0574167 0.790125 0.0314583 0.0238438
0 0.675708 0.438469 0.021875 0.0312812
0 0.96375 0.761977 0.015 0.0165156
0 0.870792 0.73768 0.0240833 0.00739063
0 0.422021 0.75843 0.0112917 0.00642188
0 0.794531 0.713859 0.0213958 0.0167813
0 0.40075 0.757148 0.036375 0.0121719
0 0.0633438 0.746391 0.0261042 0.0193125
0 0.356323 0.366328 0.0177708 0.00640625
0 0.430156 0.623883 0.0128958 0.0143906
0 0.354219 0.785141 0.0240625 0.0065
0 0.334458 0.609391 0.0405417 0.0237813
0 0.888302 0.723227 0.0183958 0.0140469
0 0.8715 0.697406 0.0147083 0.0100938
0 0.490792 0.434195 0.0215417 0.00926562
0 0.00926042 0.552945 0.0185208 0.0120469
0 0.922823 0.786211 0.0153958 0.0117969
0 0.837698 0.651039 0.0114792 0.0114219
0 0.344448 0.635266 0.0454375 0.0125938
0 0.986292 0.787164 0.0207083 0.0138906
0 0.48701 0.614797 0.0622292 0.01975
0 0.409229 0.625563 0.032125 0.0176875
0 0.848021 0.609969 0.0121667 0.01025
0 0.552604 0.414094 0.0395833 0.00909375
0 0.718458 0.433195 0.0428333 0.0203281
0 0.270229 0.646023 0.0225833 0.0207656
0 0.911687 0.702461 0.00741667 0.0129844
0 0.866844 0.635906 0.0153958 0.0112812
0 0.45275 0.714117 0.032125 0.0246406
0 0.743083 0.418891 0.01675 0.0125625
0 0.409875 0.653641 0.0198333 0.0107813
0 0.56949 0.42675 0.0185208 0.0175313
0 0.483375 0.384539 0.03 0.0153594
0 0.943865 0.75882 0.0259792 0.0230781
0 0.366667 0.596125 0.015875 0.0347187
0 0.777156 0.680039 0.0286042 0.0195156
0 0.20749 0.795516 0.0222292 0.0259062
0 0.770031 0.723437 0.0273542 0.0161563
0 0.446479 0.431453 0.0211667 0.0188437
0 0.0484479 0.642508 0.0243958 0.0214844
0 0.68476 0.416664 0.0366458 0.00945312
0 0.16476 0.646023 0.00989583 0.0177031
0 0.442885 0.608258 0.0235625 0.0164219
0 0.149865 0.862422 0.0232708 0.0162813
0 0.460656 0.633594 0.0198125 0.014875
0 0.663021 0.407109 0.014875 0.018625
0 0.141781 0.795633 0.0287708 0.0160781
0 0.160135 0.824648 0.0182708 0.0157031
0 0.205615 0.739445 0.0222292 0.0180156
0 0.256875 0.618289 0.015875 0.0234844
0 0.519458 0.676156 0.024625 0.014875
0 0.517625 0.708711 0.0174167 0.0137031
0 0.310406 0.676023 0.0345208 0.0407656
0 0.951448 0.725562 0.0177708 0.0120625
0 0.0528646 0.774055 0.0238542 0.0266406
0 0.415521 0.404234 0.01675 0.0176875
0 0.0437083 0.705672 0.0161667 0.0159688
0 0.346781 0.75693 0.0400625 0.0135781
0 0.34424 0.386586 0.0143542 0.00539063
0 0.631573 0.4285 0.0381458 0.0120625
0 0.330052 0.395773 0.00752083 0.0105156
0 0.570417 0.440156 0.0261667 0.027125
0 0.522531 0.399055 0.0141458 0.00732813
0 0.0450104 0.856359 0.0246875 0.011875
0 0.344083 0.712945 0.0417083 0.0141094
0 0.145333 0.876023 0.0247083 0.0185781
0 0.512656 0.69732 0.0251875 0.0164219
0 0.0762604 0.818164 0.00989583 0.0121094
0 0.21049 0.704242 0.0183125 0.0269531
0 0.913135 0.745 0.0215208 0.015125
0 0.031125 0.847969 0.0279583 0.0128438
0 0.455615 0.426719 0.0180625 0.0184687
0 0.345646 0.699281 0.04 0.0071875
0 0.301875 0.744039 0.0196667 0.0258594
0 0.810521 0.740477 0.0209167 0.0161719
0 0.276448 0.835797 0.0218958 0.014625
0 0.197969 0.606203 0.00985417 0.0112187
0 0.777396 0.704063 0.0207917 0.0115312
0 0.508448 0.401344 0.0211875 0.02
0 0.0253021 0.583344 0.0273542 0.0276875
0 0.784896 0.692992 0.0203333 0.00945312
0 0.353479 0.777406 0.0273333 0.00846875
0 0.331594 0.797438 0.0338542 0.0164063
0 0.138302 0.745672 0.0175208 0.0165
0 0.360552 0.840422 0.0203125 0.0105
0 0.906562 0.650641 0.0133333 0.0130625
0 0.818948 0.688672 0.0188125 0.0110312
0 0.274427 0.409117 0.0189792 0.00798438
0 0.924781 0.77675 0.0198958 0.0113437
0 0.555604 0.439641 0.0150417 0.0261562
0 0.216365 0.857805 0.0261458 0.0118906
0 0.39399 0.372695 0.0253125 0.0166719
0 0.523458 0.732969 0.01675 0.0115625
0 0.381927 0.595219 0.0237708 0.0189375
0 0.460125 0.650852 0.0253333 0.0248906
0 0.898958 0.63568 0.0163333 0.00985938
0 0.136406 0.765047 0.0174375 0.00896875
0 0.229302 0.62782 0.0174375 0.0182031
0 0.0211458 0.729797 0.0154167 0.0172187
0 0.0381042 0.766867 0.019 0.0253906
0 0.0174375 0.631914 0.0278333 0.0208906
0 0.118094 0.698852 0.0611875 0.0192344
0 0.174073 0.848406 0.0236875 0.0144375
0 0.406906 0.706023 0.0174375 0.00845313
0 0.583958 0.426906 0.03425 0.0211875
0 0.398677 0.686828 0.0203125 0.0100625
0 0.961771 0.735391 0.0198333 0.0138437
0 0.927042 0.693133 0.0232917 0.00832813
0 0.383677 0.56543 0.0191458 0.0169219
0 0.325958 0.821922 0.0252917 0.0192187
0 0.406833 0.38525 0.0273333 0.00675
0 0.420146 0.683594 0.0126667 0.00975
0 0.300583 0.392797 0.00825 0.0110625
0 0.209896 0.770273 0.0174167 0.0160469
0 0.405875 0.720258 0.0235833 0.0128281
0 0.97724 0.707047 0.0102708 0.0187187
0 0.37626 0.386914 0.0078125 0.0121094
0 0.520292 0.377727 0.00925 0.0133594
0 0.0838542 0.547109 0.0150417 0.0125625
0 0.22626 0.836555 0.0241042 0.0233281
0 0.330406 0.777602 0.0325208 0.0159219
0 0.492531 0.64618 0.0218958 0.0258594
0 0.332187 0.406938 0.014125 0.0119063
0 0.917365 0.720586 0.0237708 0.00623438
0 0.232375 0.793375 0.0285833 0.0123438
0 0.395771 0.415672 0.0255833 0.0171875
0 0.445635 0.672937 0.0267292 0.015125
0 0.211656 0.603945 0.0148958 0.0194844
0 0.0731146 0.682961 0.0172292 0.0125781
0 0.461156 0.590695 0.0246042 0.0366719
0 0.97749 0.748117 0.0201875 0.0153906
0 0.148698 0.651156 0.0242708 0.0223125
0 0.0971458 0.559656 0.0117917 0.00815625
0 0.361396 0.82118 0.0198333 0.0128281
0 0.0091875 0.794641 0.0147083 0.015375
0 0.773802 0.686195 0.0253958 0.0102031
0 0.0985208 0.672797 0.0393333 0.0252812
0 0.851979 0.663586 0.0120417 0.00945312
0 0.223906 0.776125 0.0211875 0.0110312
0 0.628687 0.419359 0.041375 0.0095
0 0.478458 0.592398 0.0303333 0.0326094
0 0.446042 0.391031 0.0105833 0.014875
0 0.172667 0.833602 0.0255833 0.0172031
0 0.432396 0.381258 0.0150417 0.0151406
0 0.319552 0.388914 0.0126042 0.0143594
0 0.50426 0.682477 0.00889583 0.0102656
0 0.736729 0.44025 0.027 0.0312812
0 0.815375 0.592617 0.017625 0.00639062
0 0.976208 0.76968 0.0162083 0.0131094
0 0.482365 0.735352 0.0178958 0.0164219
0 0.396354 0.664297 0.04675 0.0110312
0 0.430448 0.414445 0.00852083 0.0112344
0 0.539104 0.739156 0.0198333 0.0115312
0 0.153281 0.588469 0.0325208 0.0254063
