0 0.721911 0.618531 0.0748479 0.101625
0 0.762861 0.787508 0.0762928 0.0831406
0 0.456977 0.645992 0.0910646 0.0667031
0 0.156255 0.68607 0.311939 0.358391
0 0.365865 0.797742 0.0951141 0.0856094
0 0.519743 0.654875 0.0621483 0.0764062
0 0.502899 0.585305 0.0838213 0.0686719
0 0.417025 0.768297 0.10827 0.0957812
0 0.345342 0.688172 0.0940304 0.0750313
0 0.324097 0.834016 0.0871673 0.0850625
0 0.53924 0.733734 0.0642966 0.0820937
0 0.77249 0.597156 0.0842966 0.0954688
0 0.587348 0.736492 0.0571673 0.0830781
0 0.670694 0.63207 0.0689924 0.0868594
0 0.602861 0.652219 0.046673 0.0832187
0 0.609705 0.767 0.089943 0.077375
0 0.568175 0.655984 0.060076 0.0828125
0 0.629572 0.644891 0.0546958 0.0853437
0 0.479335 0.733078 0.0793536 0.0791562
0 0.693584 0.77607 0.0811217 0.0809219
