0 0.17249 0.501703 0.0369792 0.056625
0 0.407219 0.446898 0.0614375 0.0721719
0 0.411646 0.41043 0.0300833 0.0682969
0 0.290083 0.255539 0.0229167 0.0302969
0 0.104323 0.605578 0.0688125 0.0377813
0 0.422396 0.581508 0.0306667 0.0560156
0 0.183948 0.67857 0.0329375 0.0367656
0 0.919802 0.403625 0.0606042 0.017375
0 0.407687 0.705344 0.0383333 0.04875
0 0.577813 0.495344 0.040625 0.0584375
0 0.559198 0.0258672 0.0149375 0.0517344
0 0.578635 0.697297 0.0397292 0.0405313
0 0.41899 0.739617 0.0418125 0.0326406
0 0.134427 0.469883 0.0433958 0.0624219
0 0.207229 0.60357 0.030875 0.0597656
0 0.521875 0.0358125 0.026375 0.0534375
0 0.982677 0.448406 0.0346458 0.0399375
0 0.374052 0.650203 0.0538542 0.0584687
0 0.576063 0.763047 0.0399167 0.0259688
0 0.958083 0.441125 0.0286667 0.0228125
0 0.282146 0.441891 0.0362917 0.0480312
0 0.0884792 0.433984 0.028625 0.0382813
0 0.306177 0.378797 0.0289375 0.0455938
0 0.310802 0.615563 0.0844792 0.027375
0 0.72876 0.536844 0.0416042 0.0502187
0 0.756271 0.310688 0.0364583 0.0563438
0 0.120656 0.684297 0.0596458 0.0259688
0 0.703031 0.380625 0.0291042 0.0805
0 0.250333 0.395414 0.040875 0.0268594
0 0.458115 0.496125 0.0797292 0.0616563
0 0.200385 0.519094 0.0256042 0.0740625
0 0.397583 0.735789 0.034875 0.0272969
0 0.543542 0.694047 0.0533333 0.0319375
0 0.315531 0.456172 0.0582292 0.066625
0 0.169906 0.648805 0.0363125 0.0404219
0 0.404792 0.503258 0.0371667 0.0718281
0 0.94426 0.396039 0.0598542 0.0311406
0 0.201813 0.706375 0.0592917 0.0273438
0 0.49801 0.765562 0.0529792 0.0283125
0 0.899854 0.538359 0.0582917 0.0475625
0 0.742396 0.510188 0.0352083 0.0538125
0 0.354573 0.446945 0.0303542 0.0720156
0 0.492583 0.789594 0.0791667 0.0240625
0 0.561073 0.719398 0.0454792 0.0389844
0 0.363594 0.709063 0.0704792 0.0284375
0 0.0863229 0.696531 0.0577708 0.0234688
0 0.502948 0.798289 0.0667292 0.0355781
0 0.792323 0.617867 0.0549375 0.0293281
0 0.0399792 0.387242 0.0347917 0.0542656
0 0.38749 0.633852 0.0338125 0.0502031
0 0.568927 0.640102 0.0425625 0.0373906
0 0.0231458 0.372344 0.034 0.042875
0 0.825896 0.415211 0.028625 0.0755469
0 0.655771 0.786969 0.0414583 0.0215312
0 0.681781 0.465156 0.0380208 0.06325
0 0.539823 0.792719 0.0496042 0.0314688
0 0.241948 0.559141 0.0618125 0.042625
0 0.334583 0.58357 0.0655 0.0544844
0 0.815417 0.533594 0.0394583 0.0527813
0 0.781833 0.497742 0.031625 0.0523594
0 0.279312 0.204234 0.025 0.0313437
0 0.511042 0.696266 0.0552917 0.0295625
0 0.641854 0.647328 0.046125 0.0318437
0 0.685354 0.677672 0.0524167 0.0335937
0 0.102542 0.501133 0.0709583 0.0506094
0 0.366615 0.57843 0.0351458 0.0627656
0 0.0349271 0.348867 0.0500625 0.0369219
0 0.14474 0.291492 0.0233542 0.0309219
0 0.1265 0.706875 0.0572083 0.0263437
0 0.0654688 0.342656 0.0291042 0.0286563
0 0.134885 0.488227 0.0418958 0.0680156
0 0.185479 0.43343 0.0459583 0.0494844
0 0.781802 0.548672 0.0419792 0.04275
0 0.920635 0.49575 0.0811458 0.0245312
0 0.705094 0.536773 0.0506458 0.0559219
0 0.885531 0.64582 0.0270208 0.0281719
0 0.456094 0.540687 0.0539792 0.0254063
0 0.113771 0.634937 0.0763333 0.0264375
0 0.652031 0.703281 0.0391458 0.0337812
0 0.168906 0.587789 0.0379792 0.0478594
0 0.688437 0.383742 0.0395417 0.0948594
0 0.0851146 0.573875 0.0638958 0.041125
0 0.873615 0.33057 0.0261042 0.0440469
0 0.450281 0.25432 0.0235625 0.0569844
0 0.0481667 0.313516 0.03525 0.0172187
0 0.621281 0.560383 0.0517292 0.0359844
0 0.0229896 0.401055 0.0459792 0.0470781
0 0.0450104 0.689398 0.0510208 0.0247969
0 0.253427 0.299875 0.0456458 0.0665625
0 0.181771 0.616 0.0317083 0.0467813
0 0.699813 0.624148 0.0494583 0.0424531
0 0.66674 0.556461 0.0373958 0.0379219
0 0.233437 0.619852 0.0310417 0.0469531
0 0.972927 0.486859 0.0541458 0.0272188
0 0.208135 0.644789 0.0419792 0.0448594
0 0.135073 0.285648 0.0202708 0.0239219
0 0.750948 0.359969 0.0463958 0.038
0 0.444177 0.377945 0.0297708 0.0474531
0 0.870031 0.711594 0.0411042 0.016125
0 0.805906 0.598437 0.0521458 0.0290938
0 0.461313 0.322234 0.0254583 0.035625
0 0.446698 0.588781 0.0460208 0.0686563
0 0.44799 0.515078 0.0648958 0.0576875
0 0.210875 0.431672 0.048375 0.0553125
0 0.135917 0.551344 0.0680417 0.0641875
0 0.874313 0.430195 0.0551667 0.0491094
0 0.526865 0.5375 0.0573125 0.0344687
0 0.271365 0.316477 0.0629375 0.0563906
0 0.546969 0.504734 0.0668125 0.0429688
0 0.903417 0.615617 0.0539583 0.0416094
0 0.281479 0.355047 0.0209167 0.0165937
0 0.416531 0.560367 0.0521458 0.0475156
0 0.65049 0.61382 0.0416042 0.0487344
0 0.861948 0.611289 0.0286458 0.0528281
0 0.130792 0.265516 0.0487917 0.0175
0 0.487365 0.74132 0.0513125 0.0298906
0 0.69999 0.699984 0.0466875 0.023875
0 0.690385 0.575516 0.0447292 0.0415625
0 0.21849 0.499297 0.0221042 0.0467813
0 0.909906 0.47968 0.0715625 0.0398281
0 0.587521 0.567531 0.0703333 0.0395625
0 0.112042 0.253984 0.0606667 0.0200938
0 0.278594 0.341938 0.0215625 0.0283438
0 0.867635 0.581039 0.0291875 0.0409844
0 0.280052 0.392328 0.0364792 0.0213438
0 0.0674479 0.542039 0.0877708 0.0226719
0 0.461938 0.757344 0.0452917 0.0341562
0 0.323042 0.66157 0.059375 0.0198281
0 0.599781 0.523234 0.0329375 0.0455
0 0.841042 0.598406 0.0248333 0.0531875
0 0.0685104 0.383922 0.0563125 0.0450625
0 0.653542 0.57693 0.0347917 0.0347344
0 0.722417 0.598812 0.054625 0.0190937
0 0.126927 0.303344 0.0206875 0.030625
0 0.789927 0.338078 0.0412292 0.046375
0 0.291812 0.495703 0.10325 0.028
0 0.473917 0.270258 0.0306667 0.0580469
0 0.885094 0.344148 0.0305208 0.0329844
0 0.975771 0.521078 0.0476667 0.0227812
0 0.745583 0.38675 0.0509167 0.0441563
0 0.0699583 0.716203 0.0683333 0.0207813
0 0.453938 0.47632 0.03825 0.0569531
0 0.258667 0.350852 0.0275833 0.0353594
0 0.647958 0.443625 0.0321667 0.0275938
0 0.0559688 0.481297 0.0453958 0.0452188
0 0.637604 0.524867 0.051 0.0459531
0 0.0838125 0.395852 0.0200833 0.0492344
0 0.636885 0.751711 0.0653958 0.0312969
0 0.872438 0.537398 0.02625 0.0530781
0 0.312052 0.644273 0.0565208 0.0362969
0 0.307708 0.27657 0.021125 0.0472656
0 0.165604 0.729883 0.0497917 0.0309219
0 0.562333 0.226203 0.02 0.02225
0 0.624 0.62132 0.0379583 0.0405156
0 0.845604 0.684094 0.0625 0.0259375
0 0.211427 0.458695 0.0469375 0.0384531
0 0.155531 0.436375 0.0224375 0.036375
0 0.665208 0.764648 0.0557083 0.0242344
0 0.772146 0.391203 0.0272917 0.033875
0 0.546135 0.471352 0.0324375 0.0554844
0 0.0437917 0.519555 0.0803333 0.0254531
0 0.467458 0.362047 0.0406667 0.0265937
0 0.606063 0.645727 0.0350417 0.0383281
0 0.919604 0.590672 0.0555 0.03625
0 0.609188 0.763219 0.0338333 0.0315
0 0.234437 0.648391 0.066125 0.0477187
0 0.92824 0.346984 0.0401875 0.0452188
0 0.883792 0.665695 0.0301667 0.0329844
0 0.36826 0.505836 0.0376458 0.0724531
0 0.213188 0.548219 0.03775 0.0544375
0 0.315708 0.591609 0.075875 0.0444688
0 0.50151 0.632641 0.0287708 0.028625
0 0.617156 0.796273 0.0483542 0.0276719
0 0.338219 0.552563 0.0392292 0.0544375
0 0.66625 0.661125 0.0459167 0.03275
0 0.430146 0.701266 0.0320833 0.0484687
0 0.227354 0.514664 0.0382083 0.0557031
0 0.667031 0.730484 0.0533125 0.0294687
0 0.410885 0.65118 0.0297708 0.0564531
0 0.943156 0.553836 0.0449792 0.0329219
0 0.481 0.419117 0.0356667 0.0519531
0 0.828385 0.662352 0.0737292 0.0276406
0 0.0658125 0.359945 0.0519583 0.0231719
0 0.704396 0.650117 0.041375 0.0299531
0 0.796948 0.367313 0.0175625 0.0288125
0 0.707115 0.404031 0.0681458 0.0575
0 0.96426 0.366391 0.0284375 0.054625
0 0.760646 0.35657 0.0195833 0.0128906
0 0.896792 0.596148 0.0466667 0.0449219
0 0.475167 0.68257 0.0369167 0.0362969
0 0.777812 0.430406 0.0534583 0.068625
0 0.517969 0.467047 0.0330625 0.0407187
0 0.708687 0.456273 0.0300417 0.0614844
0 0.355438 0.737125 0.0736667 0.0279063
0 0.496594 0.567688 0.0231875 0.034
0 0.176854 0.471945 0.0288333 0.0468906
0 0.102719 0.455961 0.0246042 0.0408281
0 0.0299271 0.543805 0.0454792 0.0237656
0 0.753104 0.455023 0.069625 0.0326406
0 0.815594 0.687734 0.0581875 0.0240938
0 0.552344 0.747266 0.0340208 0.027375
0 0.282312 0.262828 0.0342083 0.0419375
0 0.0450312 0.441562 0.0232292 0.0295312
0 0.515448 0.608039 0.0526042 0.0449844
0 0.744927 0.679766 0.0519792 0.0280938
0 0.301865 0.323984 0.0501458 0.0332188
0 0.16774 0.695133 0.0307292 0.0384531
0 0.811917 0.664219 0.0614583 0.0296875
0 0.391417 0.562812 0.033375 0.0533438
0 0.584687 0.618617 0.0394167 0.0472344
0 0.855469 0.401906 0.0360208 0.0400937
0 0.847406 0.654203 0.0542292 0.0289375
0 0.536958 0.767609 0.036875 0.0285938
0 0.271031 0.372148 0.0485208 0.0270469
0 0.932823 0.365922 0.0448542 0.0456875
0 0.328635 0.440695 0.0303125 0.0637031
0 0.849906 0.42725 0.0500625 0.0538125
0 0.350937 0.717523 0.074875 0.0225156
0 0.55249 0.670289 0.0373542 0.0387344
0 0.540687 0.818094 0.0457917 0.0345625
0 0.482531 0.348609 0.0281042 0.0405625
0 0.568427 0.447359 0.0291042 0.0420625
0 0.756229 0.642227 0.0455833 0.0372656
0 0.87849 0.463703 0.0577292 0.0520312
0 0.527417 0.578273 0.0421667 0.0416094
0 0.907521 0.459984 0.067 0.04775
0 0.669729 0.626102 0.0524167 0.0414844
0 0.683625 0.602203 0.032125 0.0211562
0 0.867062 0.291797 0.0167083 0.0226562
0 0.65149 0.481867 0.0369792 0.0622031
0 0.62951 0.724531 0.0469792 0.0393437
0 0.885875 0.365617 0.03525 0.0368281
0 0.743937 0.329258 0.0636667 0.0463281
0 0.232875 0.358969 0.0342083 0.0486562
0 0.0217292 0.448422 0.0434583 0.0420937
0 0.0569896 0.637945 0.0442708 0.0275156
0 0.102917 0.662492 0.0634167 0.0240469
0 0.841771 0.521773 0.0298333 0.0559844
0 0.0595313 0.373203 0.0171042 0.0255
0 0.475823 0.234125 0.0178958 0.033875
0 0.0700104 0.591859 0.0478958 0.0318437
0 0.876573 0.29975 0.0319375 0.0289063
0 0.48601 0.654016 0.0289792 0.0220625
0 0.174365 0.543023 0.0473542 0.0547656
0 0.461615 0.387156 0.0246875 0.0374688
0 0.986323 0.627422 0.0208542 0.0205
0 0.0858854 0.646117 0.0560625 0.0256094
0 0.69575 0.722 0.035875 0.0290938
0 0.754958 0.666695 0.0573333 0.0234844
0 0.807177 0.320781 0.0103542 0.0315625
0 0.802312 0.639719 0.050625 0.0256875
0 0.224646 0.392383 0.0532917 0.0455781
0 0.582365 0.814922 0.0363958 0.04275
0 0.43949 0.426594 0.0379792 0.0889375
0 0.80725 0.427984 0.0355 0.0599688
0 0.68574 0.0130547 0.0193542 0.0208594
0 0.496729 0.607039 0.0480833 0.0372969
0 0.0691354 0.676 0.0558958 0.0247188
0 0.178635 0.572438 0.0207292 0.013
0 0.254469 0.532047 0.0486875 0.0510625
0 0.990031 0.362094 0.0199375 0.0558438
0 0.522406 0.563047 0.0421458 0.0413125
0 0.305208 0.517523 0.0754167 0.0413906
0 0.819937 0.56318 0.0408333 0.0394219
0 0.783417 0.287414 0.0382917 0.0404531
0 0.0997604 0.719984 0.0688958 0.0231562
0 0.1375 0.246234 0.0454583 0.02175
0 0.523021 0.71932 0.0624167 0.0365156
0 0.747656 0.585625 0.0493125 0.0519063
0 0.726833 0.621953 0.0217083 0.02175
0 0.905 0.518422 0.0457083 0.0381875
0 0.965333 0.696242 0.0693333 0.0197969
0 0.126083 0.337141 0.0709167 0.03975
0 0.689198 0.74675 0.0489792 0.022125
0 0.617885 0.497258 0.0360208 0.0615156
0 0.579823 0.0115859 0.0420625 0.0231719
0 0.470885 0.0189297 0.0592292 0.0378594
0 0.266365 0.415867 0.0605625 0.0340781
0 0.907458 0.563594 0.0530417 0.048375
0 0.135573 0.66732 0.0594375 0.0430156
0 0.64375 0.806219 0.0632917 0.0232812
0 0.145271 0.603102 0.0437917 0.0603906
0 0.992729 0.405258 0.0145417 0.0311094
0 0.836 0.620688 0.0469583 0.0453125
0 0.0645729 0.513352 0.0842708 0.0397969
0 0.945094 0.633633 0.0837708 0.0281406
0 0.689229 0.514359 0.07975 0.05875
0 0.562896 0.532867 0.0470417 0.0329844
0 0.129448 0.739133 0.0412292 0.0388906
0 0.591021 0.673531 0.0528333 0.0338437
0 0.865854 0.509422 0.0257083 0.0428437
0 0.536 0.641695 0.0515417 0.0350156
0 0.353167 0.680984 0.0879167 0.0304687
0 0.320802 0.557742 0.0584792 0.0537344
0 0.437219 0.487539 0.0344375 0.0732344
0 0.909833 0.364359 0.02325 0.0234688
0 0.641187 0.680195 0.0351667 0.0357031
0 0.0535729 0.605805 0.0356042 0.0227031
0 0.597573 0.719695 0.0339375 0.0407656
0 0.380979 0.441719 0.0279583 0.0715
0 0.61649 0.591758 0.0538125 0.0327031
0 0.237844 0.676508 0.0815208 0.0219219
0 0.948354 0.616039 0.0655833 0.0401719
0 0.751885 0.698039 0.0661875 0.0219531
0 0.450313 0.698734 0.0249583 0.0416562
0 0.24425 0.698141 0.03525 0.022375
0 0.0423333 0.411297 0.066125 0.0488125
0 0.912083 0.671687 0.0330833 0.032875
0 0.966917 0.671078 0.0650833 0.0283125
0 0.439198 0.664578 0.0332292 0.043
0 0.969073 0.415758 0.0384792 0.0279531
0 0.0784167 0.457852 0.0273333 0.0368281
0 0.616052 0.697656 0.0329375 0.0480312
0 0.29376 0.474539 0.0873125 0.0441094
