0 0.584844 0.359543 0.01425 0.0679391
0 0.535625 0.349859 0.02125 0.0725527
0 0.60982 0.339379 0.0167344 0.0613817
0 0.636188 0.375445 0.0155312 0.06274
0 0.439906 0.464333 0.0303125 0.035363
0 0.597227 0.341511 0.0113594 0.0618501
0 0.555312 0.518595 0.0158438 0.0461358
0 0.501273 0.511148 0.0202344 0.0514286
0 0.482938 0.317752 0.0204375 0.0622482
0 0.51525 0.357119 0.0195 0.0750351
0 0.547125 0.363384 0.019 0.0774473
0 0.481125 0.593138 0.0306875 0.0456206
0 0.415523 0.283443 0.0145469 0.0583138
0 0.53432 0.383782 0.0194219 0.0620375
0 0.472281 0.326815 0.0199688 0.0662763
0 0.63257 0.416335 0.0171406 0.0344028
0 0.509563 0.247389 0.0118438 0.0213349
0 0.465438 0.505773 0.0149687 0.0505621
0 0.566641 0.548255 0.02475 0.0509368
0 0.515734 0.509625 0.0220938 0.0730211
0 0.525938 0.552412 0.0190937 0.0414988
0 0.40707 0.507927 0.0236719 0.0908431
0 0.470797 0.348009 0.0245938 0.0666042
0 0.41475 0.332389 0.0285313 0.0555035
0 0.478234 0.550925 0.0282187 0.0429274
0 0.43482 0.263841 0.0398594 0.0399532
0 0.485219 0.518372 0.0198438 0.0329508
0 0.463289 0.311862 0.0301406 0.0659719
0 0.459023 0.302459 0.0314844 0.0563466
0 0.455797 0.548489 0.0222188 0.0633021
0 0.568234 0.514965 0.023875 0.0294614
0 0.605148 0.555937 0.0143594 0.0247073
0 0.962039 0.334731 0.0115781 0.022623
0 0.606031 0.360539 0.0106875 0.0639813
0 0.583117 0.554883 0.0183906 0.0385246
0 0.461945 0.470679 0.0293906 0.0250117
0 0.621477 0.338607 0.0210781 0.0588525
0 0.526672 0.516112 0.0199375 0.0649649
0 0.434266 0.533841 0.0197813 0.0317564
0 0.42175 0.507342 0.0206875 0.08363
0 0.607437 0.565363 0.024375 0.0235597
0 0.600734 0.401604 0.00990625 0.0598361
0 0.498219 0.487951 0.037125 0.0522482
0 0.402648 0.287881 0.0174844 0.0687822
0 0.528359 0.569426 0.0003125 0.0029274
0 0.394977 0.314707 0.0136719 0.0662763
0 0.593734 0.55445 0.0168437 0.0413583
0 0.625695 0.395527 0.0132344 0.0585948
0 0.522281 0.317529 0.0370313 0.0507963
0 0.58582 0.22952 0.0221094 0.0243794
0 0.432617 0.339906 0.0229219 0.0458548
0 0.474031 0.567295 0.014875 0.0459251
0 0.468656 0.232529 0.0107188 0.0240749
0 0.377672 0.509906 0.0394375 0.0817799
0 0.568156 0.387998 0.00925 0.0376347
0 0.493844 0.325902 0.0128125 0.0619672
0 0.611172 0.418829 0.012125 0.0512412
0 0.421672 0.296464 0.0149375 0.0586885
0 0.402781 0.260105 0.019875 0.0466276
0 0.52125 0.378162 0.0165313 0.0672365
0 0.589781 0.397037 0.0145625 0.0732787
0 0.451602 0.498138 0.0171406 0.0440047
0 0.935617 0.287178 0.0285781 0.0853162
0 0.433766 0.28 0.022125 0.0445433
0 0.965938 0.264555 0.0156563 0.0532787
0 0.540117 0.254391 0.00826563 0.0173536
0 0.489406 0.377787 0.0179687 0.0213817
0 0.43168 0.319988 0.0212031 0.0725761
0 0.446344 0.285316 0.00909375 0.0198126
0 0.578602 0.392787 0.0119219 0.0640749
0 0.586602 0.524169 0.0181406 0.03274
0 0.640469 0.356967 0.0161563 0.0424122
0 0.487102 0.627506 0.0118281 0.0440984
0 0.414828 0.508981 0.0114062 0.0811475
0 0.926 0.345937 0.00853125 0.0176815
0 0.403766 0.37 0.022125 0.0118033
0 0.537406 0.532576 0.0224062 0.0784075
0 0.385609 0.541194 0.013 0.0253396
