0 0.965719 0.430031 0.0495625 0.0998958
0 0.990234 0.423969 0.0195312 0.0638542
0 0.815578 0.292365 0.0515312 0.117438
0 0.759836 0.277177 0.0392344 0.0820625
0 0.786477 0.27101 0.0147031 0.0623958
0 0.849602 0.293073 0.0240469 0.0928125
0 0.905031 0.449104 0.0123125 0.055125
0 0.90982 0.3615 0.0428281 0.0725833
0 0.898266 0.303385 0.0211562 0.0743542
0 0.736367 0.27875 0.00957812 0.027
0 0.817773 0.338208 0.0353906 0.116917
0 0.864156 0.275406 0.0200313 0.100396
0 0.968578 0.547219 0.0628438 0.0436458
0 0.832352 0.27276 0.0390781 0.0640625
0 0.783172 0.317104 0.019625 0.0679583
0 0.979086 0.488 0.0415156 0.0770833
0 0.860391 0.360188 0.031 0.0641667
0 0.963391 0.336729 0.0324062 0.0605
0 0.978758 0.539333 0.0424844 0.0197083
0 0.944727 0.479771 0.0519844 0.1045
0 0.899711 0.368771 0.0361406 0.094375
0 0.888156 0.425896 0.045375 0.107708
0 0.94518 0.429531 0.0248281 0.0867708
0 0.918945 0.436323 0.0822031 0.145646
0 0.989945 0.500458 0.0193594 0.0515833
0 0.99282 0.335792 0.0125469 0.0704167
0 0.927609 0.483885 0.0394062 0.102521
0 0.800914 0.334021 0.0246094 0.107958
0 0.836484 0.291906 0.0414375 0.102188
0 0.859109 0.400948 0.034625 0.0812708
0 0.938352 0.432052 0.0568906 0.138896
0 0.777867 0.302948 0.0255781 0.0469375
0 0.849313 0.360635 0.0361563 0.0858958
0 0.987023 0.344927 0.0230781 0.0789792
0 0.889422 0.27001 0.0187187 0.0435208
0 0.771906 0.281917 0.0248125 0.07975
0 0.927484 0.352563 0.0259688 0.0835833
0 0.976203 0.436344 0.0374063 0.0534792
0 0.862156 0.345354 0.0137187 0.0287917
0 0.853187 0.388 0.0274375 0.0379583
0 0.916695 0.335281 0.0218281 0.0373542
0 0.88643 0.363073 0.0196094 0.0743542
0 0.875273 0.346021 0.00654688 0.0279583
0 0.98268 0.407698 0.0342344 0.0728125
0 0.954891 0.36949 0.0492187 0.0861458
0 0.887781 0.290969 0.0394375 0.100188
0 0.904422 0.310385 0.0109687 0.0510208
