2 0.507781 0.314108 0.0331562 0.0701408
2 0.637641 0.0869484 0.0603437 0.0894836
2 0.526734 0.0882864 0.0585938 0.0769953
2 0.576484 0.118979 0.0804375 0.102512
2 0.524055 0.248486 0.0628281 0.0825117
2 0.63525 0.236138 0.0682187 0.0876761
2 0.540445 0.0171831 0.0617031 0.0323944
2 0.583867 0.184636 0.0595156 0.0908685
2 0.58532 0.277101 0.0683281 0.0852347
2 0.635172 0.306185 0.0616563 0.048615
2 0.636703 0.164038 0.0495625 0.0787324
2 0.636547 0.0161385 0.0510312 0.0276761
2 0.52307 0.169401 0.0526719 0.0815258
