1 0.384539 0.495146 0.0415781 0.0299167
1 0.616945 0.144104 0.0355781 0.0465
1 0.51832 0.345729 0.0291406 0.05125
1 0.470617 0.282417 0.0259531 0.0565
1 0.421359 0.514323 0.0294375 0.0374792
1 0.513859 0.440729 0.0271562 0.0342083
1 0.635625 0.176427 0.0364688 0.0428542
1 0.35407 0.342438 0.0371094 0.04275
1 0.626672 0.214781 0.0334688 0.0395625
1 0.605172 0.179562 0.0294063 0.0469583
1 0.439422 0.272375 0.0289687 0.0521667
1 0.358742 0.473052 0.0357969 0.0356042
1 0.494664 0.479552 0.0292656 0.0321042
1 0.370742 0.309896 0.0485156 0.04925
1 0.274187 0.689969 0.0362188 0.0452708
1 0.572812 0.175135 0.0379375 0.0491458
1 0.45975 0.503542 0.027 0.033875
1 0.566688 0.231458 0.0341562 0.0465833
1 0.341414 0.433417 0.0352969 0.0342917
1 0.401078 0.283479 0.0462813 0.0545417
1 0.604891 0.241115 0.0430625 0.0522292
1 0.585578 0.217802 0.0264375 0.0488125
1 0.338664 0.388708 0.0359844 0.0357083
1 0.526398 0.394396 0.0278594 0.03925
1 0.657969 0.204229 0.0367813 0.05025
1 0.504164 0.300177 0.0307656 0.0613542
