1 0.589438 0.732479 0.100312 0.10925
1 0.0851875 0.0342083 0.0185625 0.0275833
1 0.298914 0.76824 0.0842031 0.114437
1 0.897258 0.363208 0.0300469 0.044125
1 0.245805 0.393115 0.0514531 0.0650208
1 0.781578 0.333125 0.0279063 0.0310833
1 0.166328 0.504896 0.01425 0.0374167
1 0.964539 0.355271 0.0709219 0.109458
1 0.799914 0.322302 0.0265156 0.0372292
1 0.904094 0.341698 0.0348437 0.0489375
1 0.166672 0.748698 0.0909375 0.117896
1 0.723328 0.738583 0.0889062 0.108333
1 0.0718281 0.0542188 0.0200313 0.0318958
1 0.0281484 0.0266458 0.0562344 0.0532917
1 0.418328 0.283802 0.0379688 0.0795208
1 0.78682 0.364781 0.0342344 0.0461875
1 0.453711 0.753844 0.0925469 0.104771
1 0.0736094 0.138594 0.02475 0.0389375
1 0.687883 0.0584792 0.0684531 0.0518333
1 0.300195 0.297729 0.0367031 0.0792917
