0 0.4705 0.931385 0.211469 0.137229
0 0.334281 0.399062 0.0621563 0.074375
0 0.389539 0.882958 0.145922 0.171375
0 0.1625 0.514031 0.0957812 0.0861458
0 0.683 0.591938 0.127156 0.194875
0 0.697688 0.734958 0.135125 0.277708
0 0.0639531 0.459969 0.127906 0.202937
0 0.257664 0.524698 0.180516 0.289313
0 0.762242 0.607229 0.142547 0.216167
0 0.158211 0.708625 0.141078 0.172125
0 0.383836 0.581667 0.142891 0.291042
0 0.31832 0.574313 0.166328 0.278458
0 0.573656 0.218135 0.143156 0.219438
0 0.113734 0.639552 0.1225 0.203354
0 0.186563 0.409042 0.210219 0.174208
0 0.245336 0.713521 0.0809844 0.106125
0 0.724648 0.449417 0.143703 0.0787083
0 0.648828 0.248073 0.152219 0.183688
1 0.732617 0.501729 0.0701094 0.135
1 0.836836 0.558823 0.145078 0.220312
1 0.587898 0.81574 0.263078 0.213729
1 0.11875 0.344927 0.149938 0.170271
1 0.025 0.60726 0.05 0.149979
1 0.557227 0.901802 0.187297 0.174604
1 0.232461 0.246906 0.217703 0.138896
1 0.776969 0.510021 0.071375 0.088875
1 0.914859 0.533219 0.0344375 0.151479
1 0.23532 0.859958 0.183141 0.172417
1 0.0933516 0.340438 0.125578 0.0977083
