0 0.423541 0.577445 0.0104235 0.00914062
0 0.366976 0.59932 0.00797647 0.00723437
0 0.370188 0.577281 0.00870588 0.0100313
0 0.375059 0.599711 0.00814118 0.0106719
0 0.285765 0.918672 0.00814118 0.00859375
0 0.397412 0.589148 0.00738824 0.00407813
0 0.140718 0.926039 0.0134824 0.0187344
0 0.179576 0.745969 0.012 0.0085625
0 0.0469412 0.769117 0.0118118 0.00985938
0 0.135047 0.747711 0.0171059 0.00635938
0 0.0662941 0.749656 0.0132471 0.00790625
0 0.294471 0.940023 0.0112471 0.0102344
0 0.0577882 0.769492 0.0106353 0.0122031
0 0.396847 0.575883 0.00696471 0.00845313
0 0.0454824 0.915602 0.0149647 0.0197344
0 0.0135059 0.922352 0.0168 0.0149844
0 0.407694 0.56918 0.00865882 0.00514063
0 0.375376 0.573289 0.00934118 0.0116094
0 0.261435 0.936242 0.00748235 0.00479687
0 0.186965 0.760164 0.0103059 0.00704687
0 0.0680706 0.766484 0.0132706 0.0121563
0 0.117565 0.752789 0.0145176 0.00523438
0 0.414776 0.572109 0.00710588 0.007625
0 0.0906353 0.946898 0.0145882 0.0120469
0 0.102082 0.759297 0.00651765 0.0040625
0 0.394953 0.58568 0.0141882 0.00651562
0 0.118318 0.774664 0.01 0.00664062
0 0.4258 0.593547 0.00915294 0.00996875
0 0.0778824 0.947398 0.0154353 0.0113906
0 0.0767412 0.775195 0.0171059 0.00935937
0 0.199235 0.753547 0.0123059 0.00721875
0 0.697765 0.391352 0.00710588 0.00729687
0 0.106682 0.925805 0.0162824 0.0189844
0 0.0675882 0.944242 0.0140941 0.0144219
0 0.279318 0.926391 0.0177412 0.0098125
0 0.104388 0.94757 0.0137647 0.0134531
0 0.140376 0.940594 0.0110588 0.00803125
0 0.156024 0.918914 0.0102118 0.0123281
0 0.169224 0.749047 0.00969412 0.0100938
0 0.142306 0.765773 0.0169412 0.00685937
0 0.430635 0.607023 0.00917647 0.00567187
0 0.177518 0.760758 0.0132471 0.00739063
0 0.294224 0.921867 0.00896471 0.0164844
0 0.303741 0.936023 0.0122824 0.0132031
0 0.0678588 0.929813 0.0120471 0.0170313
0 0.254612 0.941852 0.0142588 0.00710937
0 0.146741 0.749719 0.0267059 0.0070625
0 0.111976 0.768844 0.0122824 0.0075
0 0.0331529 0.75443 0.0181647 0.00429688
0 0.435788 0.596016 0.00847059 0.00965625
0 0.0855059 0.927609 0.0235765 0.0225938
0 0.116165 0.945273 0.0168941 0.0152344
0 0.135682 0.914039 0.01 0.0148281
0 0.318988 0.921945 0.0138353 0.0136094
0 0.169906 0.760281 0.0179294 0.0070625
0 0.4146 0.578437 0.00788235 0.00784375
0 0.113671 0.936914 0.0141176 0.0128281
0 0.0307412 0.946555 0.0142353 0.0138906
0 0.363376 0.570594 0.00727059 0.0073125
0 0.3256 0.931352 0.0131294 0.00485937
0 0.122165 0.950477 0.0140235 0.00932812
0 0.0992941 0.743883 0.0145412 0.00492188
0 0.117529 0.921797 0.0129412 0.0198125
0 0.145624 0.91793 0.0113882 0.0161719
0 0.203929 0.761906 0.0129412 0.00815625
0 0.414565 0.601586 0.0104471 0.0135156
0 0.391118 0.597102 0.0100471 0.00451563
0 0.0383882 0.751 0.0160706 0.00421875
0 0.0969176 0.930672 0.0198588 0.0145937
0 0.0981294 0.764375 0.0137176 0.006125
0 0.125071 0.738844 0.00712941 0.0050625
0 0.360082 0.610539 0.00962353 0.00582812
0 0.688247 0.391078 0.0151294 0.0038125
0 0.266882 0.946242 0.0204471 0.00748437
0 0.0943765 0.749094 0.0137882 0.00471875
0 0.406329 0.574461 0.00974118 0.00692187
0 0.176529 0.752859 0.00938824 0.00725
0 0.399235 0.613805 0.0223294 0.00623438
0 0.285529 0.923539 0.0160471 0.0137344
0 0.0466118 0.754844 0.0120941 0.00540625
0 0.640071 0.391586 0.0102118 0.00401563
0 0.256976 0.932664 0.0123059 0.00554687
0 0.0783294 0.915867 0.0136471 0.0189219
0 0.0325882 0.910766 0.0130353 0.0195312
0 0.132635 0.932688 0.0157176 0.0123438
0 0.0407059 0.776625 0.0160471 0.00896875
0 0.689212 0.396648 0.0164 0.00382813
0 0.121718 0.929992 0.00875294 0.0108594
0 0.321129 0.936531 0.0245176 0.010125
0 0.382024 0.593789 0.0100235 0.00526563
0 0.388212 0.601867 0.00945882 0.00735937
0 0.1122 0.754086 0.0123059 0.00582812
0 0.610235 0.427125 0.0096 0.00665625
0 0.431482 0.594617 0.00602353 0.0110469
0 0.1288 0.774461 0.0117647 0.00657812
0 0.414047 0.589586 0.0124706 0.00642188
0 0.392824 0.604711 0.0115294 0.00751562
0 0.0543647 0.947523 0.0142353 0.0106406
0 0.0335059 0.926344 0.0148706 0.0161875
0 0.633506 0.391656 0.0100235 0.00415625
0 0.0669412 0.951992 0.0177412 0.00235937
0 0.1072 0.914945 0.0133647 0.0163906
0 0.279294 0.950813 0.0218824 0.00996875
0 0.106353 0.754805 0.0104941 0.00682812
0 0.0716824 0.756742 0.00891765 0.00426563
0 0.423024 0.568656 0.00967059 0.0064375
0 0.173188 0.766523 0.0137176 0.00664062
0 0.1648 0.756188 0.0214118 0.004125
0 0.626388 0.431414 0.00938824 0.00332812
0 0.0959882 0.913328 0.0118824 0.01275
0 0.377906 0.58907 0.0109176 0.00582812
0 0.0228118 0.951711 0.0111765 0.00585938
0 0.00887059 0.933086 0.0177412 0.0115156
0 0.445365 0.57493 0.00818824 0.00807813
0 0.267435 0.92693 0.0166588 0.00804688
