0 0.486734 0.552479 0.0533125 0.016875
0 0.851383 0.11699 0.0153906 0.00847917
0 0.284461 0.43651 0.0297656 0.0372292
0 0.051 0.435031 0.0111562 0.0218125
0 0.59243 0.182958 0.0146094 0.00895833
0 0.0312422 0.436146 0.0119219 0.02
0 0.988383 0.286052 0.0226094 0.00772917
0 0.88868 0.595146 0.0506094 0.0257917
0 0.363594 0.782156 0.0324375 0.0662292
0 0.418727 0.267323 0.00807813 0.00614583
0 0.440461 0.0932083 0.00192187 0.005375
0 0.906859 0.125896 0.0136562 0.00308333
0 0.947141 0.807844 0.0445625 0.0161458
0 0.981781 0.476781 0.0355938 0.0247708
0 0.695055 0.331552 0.0255156 0.0165625
0 0.470125 0.968667 0.0726563 0.0352917
0 0.673164 0.238333 0.0169219 0.0212917
0 0.936039 0.188948 0.0141406 0.0107708
0 0.420711 0.982615 0.0330469 0.0347708
0 0.498461 0.310698 0.0302031 0.0171875
0 0.906852 0.714458 0.0502031 0.0717917
0 0.424797 0.199229 0.0263437 0.00975
0 0.918555 0.297135 0.0277344 0.0182708
0 0.0504062 0.473104 0.0144375 0.0307917
0 0.476883 0.945448 0.0746094 0.0320625
0 0.174953 0.588 0.0140313 0.054375
0 0.687625 0.218677 0.0162813 0.0114792
0 0.517023 0.460688 0.0119219 0.0115417
0 0.977563 0.824177 0.0384688 0.0186875
0 0.660469 0.203552 0.0197188 0.0136458
0 0.383477 0.268094 0.0112656 0.00672917
0 0.852187 0.28099 0.0281563 0.0103958
0 0.937828 0.417563 0.0256875 0.0374583
0 0.506836 0.206219 0.0190469 0.0055625
0 0.948961 0.33699 0.00807813 0.0196458
0 0.200406 0.631187 0.0625 0.0274583
0 0.372305 0.764802 0.0471094 0.0607708
0 0.295086 0.415771 0.0442344 0.02025
0 0.418445 0.243073 0.0222969 0.0076875
0 0.500891 0.005 0.00446875 0.00845833
0 0.948445 0.0376875 0.00979688 0.02
0 0.141914 0.595771 0.0128906 0.047625
0 0.924477 0.705 0.0389219 0.0804583
0 0.127641 0.66575 0.0174375 0.0196667
0 0.507898 0.25349 0.0221406 0.00972917
0 0.18768 0.593458 0.0328906 0.0495
0 0.294516 0.770646 0.0463438 0.0387083
0 0.836758 0.22949 0.0157656 0.0107708
0 0.114703 0.761302 0.0120313 0.0133542
0 0.529523 0.218135 0.0105781 0.0074375
0 0.0663828 0.462927 0.0106719 0.0161458
0 0.0296016 0.460635 0.0394219 0.0228125
0 0.324789 0.803437 0.0236094 0.0698333
0 0.01025 0.4465 0.0190937 0.00958333
0 0.732313 0.0161979 0.0051875 0.0225625
0 0.641055 0.00938542 0.00442188 0.0187708
0 0.167172 0.678083 0.0128438 0.0256667
0 0.345945 0.300521 0.0120156 0.0187917
0 0.969117 0.371802 0.0503906 0.0123125
0 0.310203 0.715906 0.043875 0.0321875
0 0.986438 0.348719 0.0261562 0.0236042
0 0.42918 0.883073 0.0476719 0.0657292
0 0.401813 0.0714896 0.00421875 0.0033125
0 0.455125 0.983896 0.0690625 0.0322083
0 0.750453 0.10424 0.0041875 0.00210417
0 0.476961 0.273385 0.0215781 0.00760417
0 0.927102 0.414104 0.0242344 0.0322917
0 0.714383 0.251812 0.0120156 0.0172083
0 0.357023 0.874521 0.0546094 0.0741667
0 0.706531 0.00846875 0.00415625 0.0100625
0 0.5795 0.182562 0.0176875 0.004625
0 0.978656 0.426062 0.0112187 0.027125
0 0.436109 0.958302 0.0445938 0.0273125
0 0.412188 0.892333 0.0257812 0.08625
0 0.36293 0.89499 0.0549531 0.0836042
0 0.373891 0.901188 0.0447188 0.091125
0 0.395234 0.964448 0.0194375 0.0228125
0 0.662734 0.123406 0.00296875 0.00310417
0 0.49743 0.237875 0.0162969 0.00691667
0 0.971617 0.198365 0.0188594 0.00539583
0 0.927266 0.788229 0.0464375 0.023
0 0.432289 0.280146 0.0334219 0.007875
0 0.200914 0.604417 0.0597969 0.0470833
0 0.569945 0.256427 0.0294844 0.0109375
0 0.0399844 0.65449 0.0148125 0.0207708
0 0.490078 0.161156 0.0101875 0.00435417
0 0.0288984 0.468417 0.0414219 0.0215
0 0.872625 0.56475 0.0438438 0.015125
0 0.127234 0.782146 0.016875 0.0198333
0 0.295281 0.425896 0.037125 0.0257083
0 0.504797 0.230896 0.00596875 0.014625
0 0.466375 0.562437 0.0423125 0.0315417
0 0.341328 0.795229 0.0167187 0.07
0 0.354859 0.884344 0.0640625 0.0683958
0 0.975656 0.32051 0.032125 0.0230625
0 0.451008 0.244937 0.0131719 0.0117917
0 0.600492 0.389708 0.0375156 0.0126667
0 0.672156 0.0307604 0.0125 0.0174375
0 0.965852 0.3775 0.0455781 0.00870833
0 0.706281 0.196927 0.0111562 0.00460417
0 0.42768 0.164365 0.00710937 0.00564583
0 0.61282 0.111719 0.00426563 0.00297917
0 0.446219 0.305344 0.0244062 0.0144792
0 0.021125 0.440344 0.0170313 0.0147708
0 0.268383 0.436042 0.0136406 0.036375
0 0.44643 0.818333 0.0640469 0.03
0 0.490297 0.244844 0.0197813 0.00927083
0 0.316352 0.788094 0.0285781 0.0550208
0 0.565117 0.196104 0.00576562 0.00666667
0 0.920031 0.278594 0.035125 0.00935417
0 0.400359 0.258771 0.00884375 0.00870833
0 0.653914 0.0114687 0.00557812 0.0156458
0 0.899477 0.0308646 0.0107656 0.0169375
0 0.348828 0.844354 0.0648125 0.054875
0 0.178227 0.860677 0.0168594 0.0301042
0 0.715773 0.0161979 0.00595313 0.0178542
0 0.653734 0.207438 0.0157813 0.0122917
0 0.148719 0.681167 0.0137187 0.0351667
0 0.145961 0.670042 0.0230781 0.0277917
0 0.598461 0.235688 0.0238281 0.009875
0 0.944922 0.152396 0.0197813 0.005375
0 0.606117 0.00722917 0.00910937 0.0144583
0 0.570375 0.251542 0.0313437 0.00975
0 0.782727 0.160792 0.0110781 0.00575
0 0.861234 0.562562 0.0411562 0.0317917
0 0.937742 0.206354 0.0351094 0.0120417
0 0.39375 0.89649 0.022 0.0837708
0 0.535797 0.196427 0.0142813 0.0076875
0 0.0274688 0.64026 0.0123438 0.0207292
0 0.991406 0.0638958 0.0171875 0.009625
0 0.651609 0.22851 0.028 0.0114375
0 0.931039 0.379156 0.0267344 0.0223125
0 0.907094 0.427094 0.0119375 0.0141042
0 0.701039 0.0912917 0.00423438 0.00666667
0 0.348555 0.281719 0.0290469 0.00947917
0 0.343281 0.306615 0.0220625 0.0185208
0 0.676125 0.0242813 0.0149375 0.0161458
0 0.520453 0.217948 0.0165937 0.0098125
0 0.737555 0.0186562 0.00664062 0.0158958
0 0.116867 0.650594 0.0247969 0.0251458
0 0.458633 0.231583 0.0188594 0.00820833
0 0.74157 0.218521 0.0100469 0.0134167
0 0.861758 0.176188 0.0104219 0.00595833
0 0.862891 0.113344 0.00790625 0.00885417
0 0.788594 0.235625 0.024875 0.00954167
0 0.183914 0.695906 0.0146406 0.0400208
0 0.00675781 0.503135 0.0135156 0.0285208
0 0.291617 0.761823 0.0365469 0.0324792
0 0.683648 0.328073 0.0319219 0.0161458
0 0.118711 0.775292 0.0172656 0.0197083
0 0.193977 0.593323 0.0364531 0.0535625
0 0.439492 0.84074 0.0486094 0.0403542
0 0.962508 0.340854 0.0242031 0.020375
0 0.202188 0.893583 0.0157813 0.0305
0 0.915461 0.44749 0.0474219 0.0383542
0 0.843164 0.241958 0.0178594 0.014875
0 0.840555 0.167854 0.00873437 0.00395833
0 0.552141 0.106333 0.0090625 0.00233333
0 0.294813 0.727802 0.0535937 0.0301458
0 0.0108516 0.410646 0.0202031 0.0130833
0 0.579086 0.0775208 0.00442188 0.00258333
0 0.175687 0.691833 0.0148125 0.0417917
0 0.156297 0.591969 0.0125 0.0353958
0 0.49132 0.531542 0.0476094 0.0198333
0 0.518258 0.311187 0.0149844 0.017625
0 0.162234 0.666896 0.015625 0.0274583
0 0.211422 0.904208 0.0123438 0.0263333
0 0.744953 0.0204167 0.0101563 0.0170833
0 0.601797 0.378885 0.0307812 0.0187292
0 0.869945 0.252135 0.0294844 0.00547917
0 0.960414 0.405323 0.0267344 0.0358958
0 0.461906 0.223333 0.0109687 0.0117917
0 0.666281 0.156406 0.007875 0.00614583
0 0.204984 0.686281 0.013875 0.0272292
0 0.613758 0.203208 0.0126406 0.0139583
0 0.489539 0.0614271 0.00564062 0.00447917
0 0.825719 0.169292 0.010625 0.00945833
0 0.442766 0.934542 0.047875 0.0279583
0 0.640531 0.238302 0.01725 0.0118542
0 0.487297 0.23949 0.0240313 0.00564583
0 0.42032 0.147177 0.00845313 0.0039375
0 0.923367 0.430302 0.0421094 0.0538542
0 0.56907 0.221208 0.00776562 0.004
0 0.916203 0.287958 0.0315 0.009
0 0.0432578 0.435 0.0105781 0.0233333
0 0.46407 0.191271 0.0132969 0.00425
0 0.977273 0.678979 0.0396406 0.0730417
0 0.691539 0.0356875 0.00545313 0.00566667
0 0.193133 0.676521 0.0179844 0.025875
0 0.456047 0.289104 0.0211562 0.015125
0 0.190664 0.722427 0.0203594 0.0473958
0 0.961797 0.349958 0.0484687 0.014375
