0 0.380188 0.464711 0.101625 0.239391
0 0.481719 0.722078 0.108521 0.0869687
0 0.379281 0.349891 0.0554792 0.123438
0 0.273156 0.494672 0.100854 0.22
0 0.521615 0.357914 0.0738958 0.257484
0 0.819323 0.385789 0.183562 0.234516
0 0.680823 0.444383 0.105646 0.214109
0 0.758292 0.344281 0.103583 0.242813
0 0.380667 0.628547 0.115333 0.180344
0 0.46826 0.495641 0.0864375 0.196188
0 0.831542 0.430953 0.208208 0.182406
0 0.580313 0.742055 0.242042 0.118453
0 0.799281 0.5265 0.226729 0.112719
0 0.357427 0.226594 0.102562 0.186406
0 0.595698 0.278594 0.155896 0.207437
0 0.387833 0.142164 0.0254167 0.0999531
0 0.632135 0.648289 0.205646 0.149609
0 0.230729 0.421617 0.05225 0.151484
0 0.500823 0.169297 0.0786458 0.214719
0 0.342542 0.535531 0.178708 0.186594
0 0.587427 0.18432 0.102979 0.253172
0 0.35924 0.212422 0.0693958 0.0969375
0 0.581854 0.409359 0.121375 0.19975
0 0.456417 0.144023 0.118625 0.280766
0 0.343323 0.436727 0.100479 0.266453
0 0.532958 0.592055 0.0614583 0.0311719
0 0.444552 0.248047 0.134646 0.208531
0 0.469125 0.598586 0.110792 0.129297
0 0.545323 0.603766 0.185146 0.208188
0 0.475687 0.414523 0.103917 0.164078
