0 0.325357 0.47113 0.0222487 0.02878
0 0.0733201 0.47356 0.0238889 0.03204
0 0.0338228 0.47869 0.0252116 0.06002
0 0.272249 0.46771 0.0115873 0.0189
0 0.284854 0.42302 0.0290212 0.04336
0 0.0130556 0.46501 0.0261111 0.04738
0 0.447593 0.37929 0.0147619 0.0195
0 0.330728 0.29504 0.040873 0.04148
0 0.234974 0.30077 0.0150265 0.02934
0 0.406958 0.37221 0.0110582 0.0227
0 0.102897 0.43517 0.0213492 0.0481
0 0.237143 0.46362 0.0232804 0.03428
0 0.128796 0.48559 0.037963 0.0555
0 0.185542 0.42487 0.0488624 0.06274
0 0.233849 0.44093 0.0248413 0.0305
0 0.46828 0.39736 0.00899471 0.02696
0 0.0748545 0.22624 0.0111376 0.00888
0 0.511468 0.33813 0.00992063 0.0281
0 0.508571 0.29727 0.00391534 0.00918
0 0.242183 0.30109 0.0156349 0.02898
0 0.0474471 0.47085 0.0100265 0.01498
0 0.224405 0.40877 0.0158466 0.02166
0 0.409392 0.38279 0.00867725 0.01462
0 0.191058 0.50073 0.042328 0.02998
0 0.453955 0.40087 0.0177513 0.0289
0 0.465053 0.36583 0.00984127 0.0151
0 0.29664 0.4258 0.0266138 0.04368
0 0.00648148 0.27293 0.012963 0.02222
0 0.14619 0.47632 0.0177778 0.03612
0 0.0341931 0.52935 0.0456878 0.03642
0 0.105608 0.49222 0.0556085 0.03764
0 0.0734127 0.51021 0.0266138 0.02338
0 0.430939 0.36235 0.00896825 0.00866
0 0.139537 0.42895 0.0192328 0.03002
0 0.0602778 0.47088 0.024418 0.03452
0 0.0229101 0.40773 0.0275132 0.05326
0 0.351799 0.47479 0.0120106 0.0127
0 0.214735 0.31623 0.0513228 0.0183
0 0.347222 0.45442 0.0248677 0.03072
0 0.215741 0.30502 0.0282011 0.02452
0 0.0891667 0.52446 0.0237831 0.01656
0 0.325516 0.44121 0.0186508 0.03234
0 0.376349 0.4595 0.046455 0.037
0 0.247077 0.42393 0.0247884 0.04586
0 0.505106 0.29786 0.00751323 0.01372
0 0.496865 0.36824 0.0276984 0.0142
0 0.449709 0.40754 0.0110582 0.0164
0 0.193638 0.45651 0.0529365 0.04514
0 0.331548 0.44824 0.0260582 0.02708
0 0.10709 0.47666 0.0383598 0.0308
0 0.216336 0.3011 0.0116667 0.0202
0 0.0557804 0.22513 0.0272751 0.01514
0 0.0510979 0.48682 0.0187037 0.0218
0 0.0741005 0.42351 0.0427513 0.03422
0 0.0388889 0.41385 0.0283598 0.05054
0 0.0169841 0.49584 0.0241799 0.01988
0 0.0796693 0.43922 0.029709 0.01856
0 0.418148 0.37952 0.0103175 0.02728
0 0.434325 0.40392 0.0157407 0.01808
0 0.0560847 0.52854 0.0145503 0.02636
0 0.156614 0.49427 0.0215344 0.0275
0 0.261045 0.30409 0.0191799 0.0205
0 0.168995 0.44571 0.0267196 0.04038
0 0.262315 0.31509 0.0268519 0.02762
0 0.0268915 0.29746 0.0118783 0.01356
0 0.0384921 0.25126 0.0182011 0.00824
0 0.532354 0.3482 0.00698413 0.00628
0 0.256402 0.45026 0.0210582 0.03676
0 0.0464815 0.26469 0.0251852 0.02006
0 0.308492 0.46833 0.0227513 0.03202
0 0.441548 0.35985 0.0055291 0.0057
0 0.170053 0.47541 0.023545 0.02942
0 0.196971 0.41746 0.0211905 0.04216
0 0.487275 0.3902 0.0293122 0.03764
0 0.435132 0.38249 0.0148148 0.01766
0 0.0122487 0.41385 0.0226984 0.05394
0 0.413413 0.39382 0.0139683 0.02208
0 0.0160185 0.45587 0.0135185 0.02954
0 0.119048 0.42424 0.0253439 0.05072
0 0.274947 0.42154 0.0307937 0.05016
0 0.107328 0.54643 0.0624868 0.01078
0 0.49963 0.33981 0.0216931 0.0301
0 0.497672 0.29904 0.0213757 0.02184
0 0.537937 0.32267 0.00666667 0.01066
0 0.51959 0.36872 0.0143651 0.01516
0 0.505661 0.35742 0.0112698 0.01028
0 0.510146 0.3347 0.0178042 0.00736
0 0.510847 0.30684 0.00592593 0.01096
0 0.194061 0.24083 0.00849206 0.01078
0 0.0140741 0.5267 0.0281481 0.04532
0 0.0300926 0.26619 0.017381 0.02174
0 0.104921 0.50103 0.0424339 0.02362
0 0.296495 0.29446 0.0204497 0.03028
0 0.495767 0.34653 0.0199471 0.0253
0 0.151204 0.40655 0.017381 0.01678
0 0.0165212 0.23778 0.0154762 0.01468
0 0.0932143 0.50486 0.0593915 0.02748
0 0.0543915 0.25241 0.0233862 0.00918
0 0.473598 0.36812 0.00883598 0.01252
0 0.029537 0.27843 0.0130423 0.01994
0 0.18168 0.48433 0.0315079 0.03502
0 0.502354 0.36346 0.0269312 0.00944
0 0.277235 0.46435 0.022672 0.02718
0 0.044246 0.27304 0.0175926 0.02156
0 0.530661 0.33872 0.0127513 0.014
0 0.494325 0.3706 0.0337831 0.02196
0 0.487156 0.40237 0.0324074 0.02798
0 0.265344 0.41545 0.0273016 0.03898
0 0.159894 0.43511 0.0168783 0.03942
0 0.134841 0.46044 0.0225397 0.04432
0 0.195132 0.26036 0.0124339 0.01076
0 0.0179233 0.2839 0.0139947 0.01356
0 0.45504 0.3752 0.00791005 0.01324
0 0.524497 0.29943 0.0137566 0.0175
0 0.32209 0.32705 0.0365079 0.01322
0 0.103651 0.5318 0.0502646 0.02556
0 0.0390344 0.53789 0.0130952 0.01266
0 0.059828 0.41171 0.0312963 0.05378
0 0.339471 0.47295 0.0148677 0.02338
0 0.308228 0.42996 0.0254497 0.0428
0 0.168175 0.23217 0.0191005 0.0075
0 0.279418 0.29642 0.0134392 0.01516
