0 0.261703 0.864625 0.0458438 0.136323
0 0.242125 0.858009 0.06975 0.178689
0 0.257344 0.767892 0.0272812 0.0195785
0 0.130703 0.86178 0.0750938 0.148244
0 0.0208047 0.923407 0.0392344 0.150749
0 0.296945 0.855129 0.0321719 0.179719
0 0.0658828 0.927365 0.0405469 0.142787
0 0.107219 0.758595 0.04075 0.0399532
0 0.18668 0.866534 0.0468906 0.157752
0 0.0114609 0.842681 0.0229219 0.0523419
0 0.171008 0.8676 0.0671406 0.184941
0 0.050625 0.751827 0.054875 0.0920375
0 0.0385937 0.926663 0.0388125 0.140492
0 0.18518 0.753478 0.0467031 0.0549649
0 0.140562 0.725703 0.0426875 0.034637
0 0.208398 0.880269 0.0354531 0.163115
0 0.312727 0.854005 0.0337969 0.16993
0 0.325188 0.84308 0.0506562 0.183068
0 0.389492 0.814684 0.0426719 0.0955035
0 0.145687 0.772646 0.0250625 0.0558782
0 0.142883 0.937506 0.0414844 0.124988
0 0.336797 0.809731 0.0576562 0.14555
0 0.0835625 0.919087 0.0535 0.157705
0 0.0878594 0.8537 0.0209063 0.0523653
0 0.103977 0.885656 0.0331406 0.0399297
0 0.103492 0.715761 0.0587969 0.0561593
0 0.0150703 0.81555 0.0278906 0.0610773
0 0.35682 0.783841 0.00820313 0.0194848
0 0.178375 0.750176 0.0649687 0.0571663
0 0.277781 0.869157 0.0242812 0.154614
0 0.182344 0.72808 0.0170937 0.0146136
0 0.0740859 0.791405 0.0376094 0.0340984
0 0.200219 0.767096 0.0294063 0.0648712
0 0.405242 0.813689 0.0627031 0.0912178
0 0.194922 0.713852 0.02975 0.0287354
0 0.36668 0.798829 0.0166406 0.0606557
0 0.123195 0.9376 0.0491094 0.124801
0 0.138039 0.799614 0.0109219 0.0332787
