0 0.938063 0.761806 0.0271562 0.0422009
0 0.897047 0.265812 0.0360938 0.0363675
0 0.365758 0.632607 0.108297 0.0333333
0 0.61775 0.200235 0.0597188 0.058547
0 0.376117 0.779081 0.0412969 0.0376923
0 0.313617 0.715865 0.0805156 0.029765
0 0.490133 0.479808 0.0476719 0.0346154
0 0.109688 0.696934 0.032125 0.11297
0 0.174445 0.354274 0.00864063 0.0164103
0 0.227508 0.698953 0.0369531 0.127949
0 0.416203 0.786015 0.04 0.020406
0 0.595734 0.235192 0.016375 0.0314957
0 0.585 0.627756 0.065375 0.0474359
0 0.267617 0.673066 0.0730156 0.0872009
0 0.619359 0.546485 0.0223438 0.0920726
0 0.570062 0.372297 0.0565 0.0724573
0 0.298555 0.738098 0.0745469 0.0248718
0 0.369867 0.651699 0.102797 0.0294231
0 0.313383 0.604359 0.0732969 0.0603419
0 0.613445 0.504167 0.0463594 0.0879487
0 0.880914 0.281912 0.0225156 0.0375
0 0.625094 0.121496 0.0686563 0.0273077
0 0.647211 0.44969 0.0312656 0.0710043
0 0.598242 0.605085 0.0247656 0.0933333
0 0.624398 0.0481197 0.0501094 0.0775214
0 0.373266 0.549476 0.023875 0.0986111
0 0.610055 0.139947 0.0706719 0.0198504
0 0.137953 0.641293 0.0308437 0.0899359
0 0.60068 0.785224 0.0672344 0.0411752
0 0.33332 0.276068 0.0219531 0.065641
0 0.574797 0.596154 0.0585625 0.101538
0 0.591227 0.716303 0.0450156 0.0168803
0 0.257258 0.391474 0.0178281 0.0179487
0 0.686266 0.0557906 0.0240313 0.0751282
0 0.624328 0.639829 0.0439063 0.0766667
0 0.986531 0.751004 0.0249688 0.102949
0 0.393906 0.588462 0.0288125 0.0770513
0 0.578453 0.355951 0.0596563 0.119765
0 0.681391 0.195032 0.0349062 0.0913034
0 0.609289 0.213483 0.0331094 0.0286752
0 0.577367 0.218066 0.0346406 0.0573718
0 0.598117 0.0963568 0.0453281 0.0245085
0 0.584437 0.479701 0.0624062 0.087906
0 0.660281 0.24188 0.0625 0.0330769
0 0.958703 0.76515 0.033 0.0637179
0 0.447398 0.628996 0.0612969 0.104274
