0 0.654542 0.31007 0.016375 0.0334219
0 0.367615 0.709633 0.0357708 0.0240781
0 0.263906 0.818063 0.0432292 0.0171563
0 0.325625 0.799102 0.0314583 0.0489844
0 0.466875 0.883516 0.0594167 0.0315937
0 0.35074 0.708719 0.0290625 0.0333437
0 0.485344 0.882547 0.0589792 0.0275313
0 0.643052 0.283289 0.0228125 0.0225156
0 0.641687 0.324977 0.0420417 0.0341406
0 0.355708 0.733078 0.0164167 0.0307812
0 0.338271 0.804617 0.024625 0.0497344
0 0.739635 0.348461 0.0136875 0.0215469
0 0.651719 0.349992 0.0129792 0.0333281
0 0.652354 0.266406 0.0272917 0.0220938
0 0.454646 0.863672 0.0833333 0.0210938
0 0.292115 0.782945 0.0498958 0.0294844
0 0.426906 0.76875 0.0193542 0.024625
0 0.677927 0.320523 0.0121875 0.0246094
0 0.421198 0.810305 0.0201875 0.0343594
0 0.410906 0.775953 0.0158958 0.0339062
0 0.451021 0.748203 0.0405 0.0225625
0 0.294823 0.807109 0.0199375 0.0570937
0 0.641031 0.307055 0.0225625 0.0294844
0 0.476135 0.816508 0.0191458 0.0143594
0 0.68826 0.272828 0.0213958 0.0254375
0 0.481083 0.770516 0.034875 0.0312812
0 0.39074 0.778383 0.0261042 0.0322344
0 0.323417 0.698844 0.038 0.0310625
0 0.732156 0.350906 0.0161458 0.0318125
0 0.356406 0.806891 0.0233542 0.05075
0 0.341729 0.770344 0.034125 0.019375
0 0.455458 0.77025 0.0160833 0.0120625
0 0.681719 0.345055 0.0208542 0.0228281
0 0.435021 0.874492 0.0690417 0.0243594
0 0.442927 0.797469 0.0273542 0.02975
0 0.661354 0.265328 0.0350417 0.0199688
0 0.50751 0.818945 0.0380208 0.0285156
0 0.640281 0.318297 0.0140208 0.0271875
0 0.729229 0.367242 0.025875 0.0143594
0 0.409385 0.718664 0.0405208 0.0229844
0 0.390708 0.741383 0.0587917 0.0241094
0 0.624104 0.290672 0.007875 0.0161563
0 0.482563 0.835313 0.0300833 0.0238438
0 0.642198 0.24232 0.0215208 0.0286094
0 0.43899 0.810438 0.0205208 0.0300938
0 0.661396 0.379227 0.014375 0.0258594
0 0.750021 0.366469 0.0164583 0.0123438
0 0.279375 0.696828 0.0202917 0.015875
0 0.628312 0.322344 0.01025 0.0156563
0 0.497031 0.837492 0.0308542 0.0295781
0 0.631781 0.370367 0.0134375 0.0288594
0 0.429719 0.890273 0.0626042 0.0337344
0 0.65301 0.375523 0.0126458 0.0217969
0 0.262875 0.701406 0.021875 0.0212812
0 0.432042 0.828727 0.032875 0.0115469
0 0.459479 0.759023 0.0335 0.0210156
0 0.343167 0.693383 0.0465 0.0235781
0 0.25276 0.699633 0.0666042 0.0371406
0 0.624885 0.355273 0.0326458 0.0346094
0 0.40099 0.813484 0.0287292 0.0407187
0 0.436323 0.754734 0.0410208 0.0187187
0 0.407781 0.823773 0.0206875 0.0330156
0 0.39601 0.865742 0.0248125 0.0501406
0 0.655865 0.284859 0.0207292 0.0170625
0 0.665312 0.371773 0.020875 0.0210469
0 0.423729 0.785 0.018125 0.0264062
0 0.463729 0.831727 0.0500833 0.0205781
0 0.285458 0.671477 0.0247083 0.0177344
0 0.641344 0.381648 0.00989583 0.0302969
0 0.340406 0.724875 0.0188125 0.0261562
0 0.509906 0.83282 0.00922917 0.0164219
0 0.265406 0.67243 0.0509792 0.0159844
0 0.247698 0.810227 0.0816042 0.0332031
0 0.649719 0.402305 0.00614583 0.0205156
0 0.236302 0.784875 0.0293958 0.025125
0 0.449979 0.848844 0.081375 0.014625
0 0.397656 0.789883 0.0168542 0.0346406
0 0.627156 0.23782 0.0171042 0.0279531
0 0.421385 0.839039 0.0303958 0.0120781
0 0.693302 0.292961 0.00922917 0.0146094
0 0.374094 0.80125 0.0310625 0.0463438
0 0.327323 0.755766 0.0273542 0.0171875
0 0.679885 0.304023 0.00989583 0.0137656
0 0.39125 0.75282 0.0598333 0.0215469
0 0.329375 0.719148 0.0220417 0.0373594
0 0.490312 0.853328 0.0136667 0.0164063
0 0.461083 0.800898 0.0195 0.0248594
0 0.67825 0.34982 0.0220833 0.0267969
0 0.513708 0.846695 0.0120417 0.0233594
0 0.611271 0.263977 0.020125 0.0134844
0 0.25525 0.781461 0.0365 0.0192344
0 0.631792 0.280094 0.0180833 0.0198438
0 0.312406 0.724539 0.0184792 0.0256719
0 0.341083 0.744227 0.011625 0.0156406
0 0.208594 0.796664 0.0526042 0.0232656
