1 0.796103 0.688194 0.138513 0.0830229
1 0.319992 0.41473 0.0811928 0.0805065
1 0.0321078 0.227304 0.0642157 0.120098
1 0.88174 0.482606 0.129788 0.0651471
1 0.0996814 0.499673 0.10616 0.0818627
1 0.179894 0.387239 0.135605 0.17268
1 0.502859 0.308096 0.0937582 0.0809314
1 0.954804 0.16049 0.0446405 0.0436601
1 0.825082 0.595801 0.141078 0.14268
1 0.171136 0.314036 0.0809314 0.0723856
1 0.0875 0.239175 0.175 0.0933824
1 0.384028 0.239444 0.100801 0.0872222
1 0.391209 0.299412 0.0521895 0.0789216
1 0.0819281 0.376266 0.163856 0.207696
1 0.491332 0.192761 0.0587092 0.0339216
1 0.276422 0.255792 0.123889 0.137892
1 0.744208 0.620204 0.0869118 0.125278
1 0.49058 0.344869 0.0717484 0.079183
1 0.327827 0.196283 0.0922876 0.0523366
1 0.581577 0.703415 0.0452124 0.0643464
1 0.920376 0.621275 0.0669935 0.0904575
1 0.563513 0.512868 0.056732 0.0602778
