0 0.104052 0.0213984 0.0528958 0.0406719
0 0.247354 0.0562578 0.0547917 0.108141
0 0.0128854 0.456266 0.0257708 0.0626562
0 0.436979 0.641672 0.032125 0.015125
0 0.103385 0.599234 0.0458125 0.0461562
0 0.388698 0.344742 0.0273542 0.111547
0 0.38375 0.878016 0.0380417 0.0287813
0 0.75225 0.284719 0.0136667 0.0482812
0 0.527958 0.214242 0.0269583 0.0518594
0 0.294656 0.716578 0.0139375 0.0206875
0 0.121271 0.967656 0.047875 0.0603437
0 0.027875 0.581195 0.0502917 0.0628594
0 0.27476 0.855383 0.0960625 0.0415469
0 0.554177 0.29657 0.0383125 0.0421094
0 0.501156 0.516086 0.0653958 0.0601094
0 0.199948 0.142977 0.0824375 0.100672
0 0.709823 0.290305 0.0341875 0.0569219
0 0.320833 0.0711563 0.07575 0.142313
0 0.0832604 0.163109 0.0693125 0.185
0 0.605146 0.236602 0.0294167 0.0869219
0 0.31751 0.919711 0.0859792 0.0337344
0 0.0198333 0.301797 0.0394583 0.100344
0 0.51274 0.281852 0.0509375 0.128203
0 0.39624 0.897352 0.0248542 0.0265156
0 0.124313 0.544445 0.0855833 0.0395156
0 0.351448 0.940695 0.0540208 0.0192344
0 0.0437604 0.840563 0.0861458 0.0584687
0 0.436458 0.598234 0.0247083 0.0456875
0 0.236135 0.0330937 0.0308958 0.063125
0 0.535292 0.155984 0.03425 0.0969375
0 0.605958 0.207141 0.0236667 0.0227187
0 0.00941667 0.357703 0.0188333 0.0279063
0 0.0396458 0.619641 0.0276667 0.0474687
0 0.170552 0.306289 0.0336042 0.132703
0 0.0979583 0.837102 0.091625 0.0617969
0 0.281083 0.0864063 0.0615417 0.152313
0 0.0994583 0.640898 0.0468333 0.0217969
0 0.487323 0.146156 0.0423958 0.0789688
0 0.42726 0.0645937 0.0485208 0.124562
0 0.242031 0.714641 0.0444792 0.03575
0 0.423708 0.652813 0.0194167 0.0217188
0 0.375854 0.606828 0.106 0.0972187
0 0.145958 0.680898 0.04 0.0310156
0 0.589656 0.185562 0.0212708 0.070375
0 0.0813646 0.964133 0.0469375 0.0717344
0 0.476552 0.83282 0.0488958 0.0220469
0 0.314698 0.86275 0.132104 0.0375
0 0.448615 0.206125 0.0574792 0.102594
0 0.361646 0.311008 0.031125 0.109234
0 0.517896 0.0668281 0.0382917 0.0738437
0 0.50599 0.850305 0.0800625 0.0252969
0 0.0741562 0.65282 0.0276875 0.0271719
0 0.161385 0.0525312 0.0512708 0.105062
0 0.129542 0.12543 0.038625 0.0671406
0 0.473135 0.799664 0.0616875 0.0270781
0 0.431938 0.825898 0.045125 0.0230781
0 0.745458 0.327313 0.0164167 0.0530937
0 0.25401 0.186828 0.0539375 0.155062
0 0.329458 0.644617 0.061875 0.128203
0 0.09175 0.582242 0.0299167 0.0287344
0 0.705063 0.304063 0.0184167 0.0506875
0 0.118177 0.605383 0.0571042 0.0302656
0 0.448188 0.145898 0.051625 0.0841094
0 0.366521 0.0594531 0.0337083 0.118906
0 0.520813 0.134258 0.0414583 0.0874219
0 0.583281 0.261617 0.0236042 0.0866719
0 0.715188 0.326414 0.0195 0.0328281
0 0.429146 0.769281 0.05025 0.0271875
0 0.367854 0.819883 0.032375 0.0275469
0 0.390313 0.703328 0.0871667 0.0261562
0 0.276281 0.924195 0.0999792 0.0673281
0 0.0789479 0.676906 0.0160625 0.0187187
0 0.327354 0.950688 0.0280417 0.015125
0 0.00979167 0.543781 0.0195833 0.0416562
0 0.568469 0.261125 0.0216042 0.0606563
0 0.457146 0.305422 0.052875 0.0834688
0 0.425052 0.744211 0.0458542 0.0360469
0 0.456385 0.0433594 0.0732292 0.0844688
0 0.451667 0.812164 0.0540833 0.0236094
0 0.0430313 0.634922 0.0324792 0.0394062
0 0.346969 0.636258 0.0640208 0.115922
0 0.31025 0.223125 0.0635833 0.15025
0 0.290583 0.0178828 0.038 0.0357656
0 0.394531 0.771852 0.0345208 0.0307656
0 0.478 0.865945 0.078625 0.0370781
0 0.674646 0.216594 0.0292083 0.062875
0 0.131156 0.0883906 0.0321042 0.0432188
0 0.267688 0.756328 0.169917 0.07
0 0.347781 0.728258 0.0560625 0.0297344
0 0.653042 0.21332 0.0247083 0.0643594
0 0.453917 0.748461 0.0681667 0.0266719
0 0.570323 0.416609 0.0259792 0.0261562
0 0.251937 0.299055 0.04175 0.0922031
0 0.363781 0.773812 0.0310208 0.0166875
0 0.37626 0.910453 0.0338542 0.0279375
0 0.51249 0.501633 0.0543958 0.0406094
0 0.327656 0.182469 0.0518958 0.141937
0 0.482708 0.300898 0.0471667 0.116141
0 0.729563 0.347219 0.0177917 0.0251563
0 0.291938 0.639102 0.038625 0.0592344
0 0.40151 0.816539 0.0444375 0.0258906
0 0.556312 0.143617 0.0286667 0.0695781
0 0.425865 0.795445 0.0584375 0.0343281
0 0.13924 0.559055 0.0622292 0.0258906
0 0.213073 0.0978359 0.0646042 0.113016
0 0.428823 0.861109 0.0326875 0.050625
0 0.377802 0.245102 0.0391875 0.124734
0 0.554542 0.433086 0.0170417 0.0150156
0 0.460969 0.565602 0.0224792 0.0353906
0 0.517844 0.559125 0.0268542 0.0402813
0 0.466333 0.241148 0.063625 0.128547
0 0.255781 0.666453 0.166062 0.0790937
0 0.336521 0.0192422 0.0469167 0.0382656
0 0.454677 0.639742 0.0208542 0.0148594
0 0.0336771 0.898641 0.0673542 0.0571875
0 0.0444167 0.590133 0.013 0.0146094
0 0.530563 0.765055 0.048375 0.0167656
0 0.503396 0.802547 0.0465 0.01975
0 0.110229 0.739367 0.0728333 0.0931406
0 0.42476 0.262711 0.0278958 0.0529531
0 0.0927917 0.660125 0.0328333 0.0171875
0 0.68374 0.261672 0.0143542 0.0412813
0 0.733208 0.26057 0.0332083 0.0471406
0 0.0899375 0.888734 0.0909167 0.05725
0 0.131896 0.579719 0.0782917 0.0388437
0 0.309469 0.717422 0.0296458 0.0227812
0 0.311427 0.397813 0.0253958 0.0465625
0 0.543427 0.541969 0.0337708 0.0423125
0 0.467406 0.77307 0.0830625 0.0282031
0 0.447115 0.843734 0.0342708 0.0248438
0 0.367406 0.381156 0.0225625 0.045375
0 0.034625 0.36518 0.0365417 0.0291094
0 0.359615 0.190281 0.0388542 0.139562
0 0.344208 0.392813 0.0252917 0.0589688
0 0.486812 0.115641 0.04275 0.0779375
0 0.425937 0.56482 0.0599583 0.0257969
0 0.0509479 0.66543 0.0290625 0.0230781
0 0.0819375 0.773844 0.04375 0.03025
0 0.314698 0.438398 0.0263958 0.0435469
0 0.428187 0.141812 0.0310417 0.0695
0 0.558979 0.565945 0.018125 0.0153906
0 0.401542 0.865906 0.0348333 0.0591875
0 0.498688 0.596922 0.00991667 0.0205
0 0.0435833 0.650719 0.0210833 0.0194687
0 0.248594 0.931797 0.128646 0.065
0 0.27749 0.222773 0.0374792 0.0994844
0 0.407906 0.653039 0.0212292 0.0118594
0 0.564927 0.404281 0.0106042 0.024875
0 0.726417 0.262039 0.0305 0.0478594
0 0.511469 0.776141 0.0485208 0.02025
0 0.0184375 0.464773 0.036875 0.0502969
0 0.05325 0.984672 0.072625 0.0284687
0 0.50126 0.404828 0.0158542 0.0159375
0 0.690875 0.28907 0.011375 0.0574844
0 0.495146 0.410047 0.0216667 0.0163125
0 0.466156 0.0709922 0.0420625 0.0963594
0 0.0478646 0.341719 0.0471875 0.0417812
0 0.3945 0.0956406 0.024625 0.0512813
0 0.299146 0.801422 0.18525 0.0491875
0 0.0937917 0.459516 0.031125 0.0595313
0 0.635219 0.306172 0.0153958 0.0228437
0 0.628948 0.219625 0.0376875 0.0506875
0 0.0460417 0.493352 0.0920833 0.0173281
0 0.0615104 0.0561562 0.100854 0.112312
0 0.107615 0.525719 0.0485208 0.0530937
0 0.0814896 0.340445 0.0251875 0.0385156
0 0.493042 0.821234 0.059125 0.0194062
0 0.54276 0.746281 0.0459375 0.0229062
0 0.147448 0.713586 0.0361458 0.0889531
0 0.513365 0.747539 0.0492708 0.0279219
0 0.549281 0.418445 0.0151042 0.0258281
0 0.179552 0.785609 0.0754792 0.0949062
0 0.101802 0.901539 0.0732292 0.0515156
0 0.0158854 0.391633 0.0317708 0.0466094
0 0.724646 0.289617 0.0398333 0.0554844
0 0.368719 0.907563 0.0307708 0.0264062
0 0.0248646 0.339797 0.0315208 0.0389062
0 0.541875 0.565953 0.020375 0.0415937
0 0.0617083 0.687125 0.0245 0.031125
0 0.149708 0.973844 0.0899167 0.0523125
0 0.0833438 0.514898 0.0601458 0.0361719
0 0.128177 0.532945 0.0741875 0.0392344
0 0.0369063 0.311227 0.0272708 0.0292656
0 0.441885 0.626805 0.0286042 0.0146719
0 0.321 0.392023 0.0264583 0.0281094
0 0.515625 0.742227 0.0540417 0.0226719
0 0.429938 0.724961 0.0475417 0.0280469
0 0.530448 0.729344 0.0582292 0.0171563
0 0.566875 0.205328 0.0263333 0.0871875
0 0.448885 0.629531 0.0287292 0.0112812
0 0.483542 0.358094 0.018 0.0227187
0 0.342844 0.704711 0.0406042 0.0238281
0 0.295771 0.434789 0.0194167 0.0410156
0 0.566979 0.436539 0.0266667 0.0120469
0 0.42801 0.591539 0.0290625 0.0307656
0 0.731427 0.315258 0.0163958 0.0356406
0 0.40576 0.663461 0.0193958 0.0219531
0 0.557531 0.41075 0.0130625 0.0328437
0 0.0286146 0.148578 0.0567708 0.234687
0 0.342771 0.827508 0.0361667 0.0185156
0 0.39125 0.196664 0.0615417 0.149734
0 0.412573 0.901086 0.0406458 0.0420156
0 0.66851 0.288898 0.0276875 0.0566719
0 0.102615 0.69643 0.0694375 0.0974531
0 0.390917 0.0492344 0.0471667 0.0964062
0 0.0710833 0.250125 0.0735 0.171531
0 0.196135 0.0285156 0.0539375 0.054875
0 0.636219 0.266797 0.0318125 0.0800937
0 0.392094 0.74325 0.0324792 0.037875
0 0.353656 0.0511563 0.0341875 0.0828125
0 0.505792 0.722328 0.0409583 0.0182812
0 0.122531 0.620258 0.0656458 0.0148594
0 0.550229 0.191156 0.0225833 0.0387188
0 0.1345 0.241797 0.0615417 0.231281
0 0.0114479 0.956484 0.0142292 0.0697812
0 0.363594 0.927344 0.0198125 0.0105
0 0.578927 0.167266 0.0206042 0.063375
0 0.445927 0.334703 0.0360625 0.05075
0 0.00971875 0.512047 0.0157292 0.0225625
0 0.465865 0.51218 0.0293958 0.0428281
0 0.0840729 0.803211 0.102896 0.0469219
0 0.579344 0.422211 0.0338542 0.0207656
0 0.743885 0.287695 0.0110208 0.0224844
0 0.102958 0.48657 0.0207083 0.0264531
0 0.672583 0.266664 0.017625 0.0377031
0 0.291646 0.888703 0.122417 0.0433125
0 0.569146 0.0972266 0.085125 0.0605156
0 0.543385 0.438852 0.0157292 0.0120469
0 0.614031 0.282188 0.0221458 0.0548438
0 0.619177 0.28107 0.0645208 0.0769531
0 0.399458 0.795383 0.0444583 0.0277031
0 0.0708542 0.480055 0.0432917 0.0132969
0 0.0385417 0.60857 0.015875 0.0320781
0 0.360323 0.892023 0.0311042 0.0305156
0 0.154302 0.90825 0.0262708 0.0209375
0 0.321979 0.309008 0.0705 0.0797344
0 0.131156 0.638891 0.0364792 0.021625
0 0.390781 0.723727 0.0923125 0.0243594
0 0.584542 0.338062 0.026125 0.0474062
0 0.17701 0.993234 0.0474792 0.0135312
0 0.561531 0.531078 0.0290625 0.0410313
