0 0.805078 0.438103 0.0165313 0.0312881
0 0.866805 0.530386 0.0354531 0.04274
0 0.643992 0.596124 0.0235469 0.0499063
0 0.569531 0.593337 0.0353125 0.0356206
0 0.0686016 0.66507 0.0152969 0.0390398
0 0.092125 0.830199 0.0574063 0.0225059
0 0.769664 0.545621 0.0229219 0.0461827
0 0.657438 0.706066 0.0458438 0.0973302
0 0.787844 0.674941 0.018125 0.0234192
0 0.90393 0.451628 0.0152656 0.043911
0 0.566414 0.418642 0.0276406 0.035082
0 0.525336 0.672963 0.0398594 0.0641452
0 0.524133 0.869356 0.0372031 0.129485
0 0.0864453 0.642037 0.0462344 0.0308197
0 0.0984688 0.666616 0.0418125 0.0367447
0 0.928438 0.499145 0.0295312 0.0331382
0 0.743531 0.559403 0.00909375 0.0173536
0 0.890688 0.469707 0.02375 0.0387119
0 0.639422 0.70596 0.0255625 0.0910773
0 0.643547 0.539496 0.0312187 0.045644
0 0.514852 0.591511 0.0674844 0.0429274
0 0.100719 0.851066 0.0730313 0.0368384
0 0.564461 0.75637 0.100297 0.0553162
0 0.704617 0.602693 0.0138281 0.0517564
0 0.795422 0.503876 0.0120625 0.0320609
0 0.802812 0.671112 0.0247812 0.0294379
0 0.185844 0.722845 0.0224062 0.019274
0 0.852313 0.409368 0.0137813 0.0679157
0 0.18643 0.821686 0.0580469 0.0300703
0 0.614969 0.555843 0.018375 0.0306557
0 0.0388672 0.829274 0.0611406 0.02726
0 0.0539141 0.639965 0.0169219 0.0736066
0 0.795406 0.618279 0.0375625 0.0357143
0 0.108398 0.644368 0.0448906 0.0268618
0 0.456461 0.734309 0.0491406 0.044918
0 0.49607 0.836815 0.0442969 0.11808
0 0.70625 0.629379 0.0195625 0.0634895
0 0.71493 0.442143 0.0138281 0.0511241
0 0.629508 0.602681 0.0230781 0.0254567
0 0.693352 0.516499 0.0202344 0.0808665
0 0.0565234 0.701218 0.0213281 0.0256206
0 0.575094 0.626967 0.021125 0.023911
0 0.466578 0.815644 0.0644375 0.0917096
0 0.206359 0.714953 0.0210625 0.0235363
0 0.0495703 0.598478 0.0714219 0.0398126
0 0.675883 0.661756 0.0332969 0.0331148
0 0.100836 0.875867 0.0521094 0.0554333
0 0.727336 0.570761 0.0309531 0.0583372
0 0.162859 0.733138 0.039 0.0338173
0 0.659273 0.503044 0.0169531 0.0663232
0 0.525609 0.62123 0.075875 0.0264403
0 0.725602 0.638782 0.0324219 0.049555
0 0.679102 0.791639 0.0313906 0.0393443
0 0.76107 0.475211 0.0169531 0.0719204
0 0.870281 0.423571 0.0263125 0.0616159
0 0.579328 0.70185 0.0151562 0.00852459
0 0.404414 0.651815 0.0514531 0.04363
0 0.708945 0.519157 0.0266406 0.0716628
0 0.155039 0.757763 0.0379531 0.0260187
0 0.0478594 0.774731 0.0460625 0.0277283
0 0.0254453 0.656979 0.0217344 0.0137237
0 0.753609 0.546639 0.0158438 0.0237705
0 0.738867 0.475738 0.0177656 0.0669321
0 0.898344 0.483934 0.026375 0.0251991
0 0.831617 0.541206 0.0145781 0.0478923
0 0.557141 0.796124 0.067125 0.0303747
0 0.828422 0.484274 0.0177813 0.0682201
0 0.784734 0.53897 0.0229687 0.0442623
0 0.781547 0.576393 0.0190312 0.0501639
0 0.603742 0.442049 0.0388906 0.0182436
0 0.492445 0.682869 0.0454219 0.0861593
0 0.0516641 0.805375 0.0513281 0.0448478
0 0.782664 0.442459 0.0100156 0.0205621
0 0.498992 0.530386 0.0593281 0.0478923
0 0.807586 0.587073 0.0103594 0.0165808
0 0.843039 0.509789 0.0178594 0.0515691
0 0.529375 0.79356 0.071875 0.0814988
0 0.654766 0.730855 0.011375 0.0527166
0 0.118211 0.895468 0.0436094 0.0739344
0 0.613859 0.718173 0.0395313 0.0623419
0 0.71432 0.553747 0.0345156 0.0659953
0 0.559828 0.736206 0.0245625 0.025808
0 0.624609 0.502155 0.0295625 0.0457143
0 0.681086 0.729438 0.0178281 0.049555
0 0.419086 0.593466 0.0156094 0.0527869
0 0.193875 0.852951 0.0539687 0.0527869
