0 0.54358 0.802993 0.01244 0.0671046
0 0.78865 0.724489 0.01706 0.0264964
0 0.71603 0.987944 0.04758 0.0210462
0 0.36531 0.54399 0.01198 0.0105596
0 0.34338 0.553832 0.01608 0.00737226
0 0.54054 0.97747 0.03324 0.0450608
0 0.58775 0.713516 0.02962 0.0515085
0 0.03581 0.594319 0.0397 0.0467397
0 0.60797 0.951168 0.03654 0.020438
0 0.52666 0.968954 0.01508 0.0364477
0 0.80305 0.962944 0.03062 0.0350365
0 0.02638 0.691229 0.01692 0.0372993
0 0.7179 0.671886 0.0056 0.00844282
0 0.46154 0.874562 0.03536 0.0291727
0 0.19486 0.557178 0.01128 0.0318735
0 0.36586 0.591703 0.01488 0.0224818
0 0.20421 0.48174 0.02106 0.0192944
0 0.4746 0.661582 0.02104 0.0210706
0 0.18657 0.566144 0.02066 0.0390024
0 0.03041 0.918686 0.02782 0.0501217
0 0.44916 0.854197 0.02272 0.0591971
0 0.1683 0.9268 0.03572 0.0344282
0 0.53934 0.868832 0.01604 0.0578589
0 0.44976 0.757981 0.01872 0.0529927
0 0.48818 0.609246 0.0186 0.02691
0 0.70768 0.899793 0.03048 0.0525791
0 0.25886 0.81927 0.02116 0.0353285
0 0.20432 0.901569 0.02544 0.0289294
0 0.26445 0.530462 0.01734 0.0063747
0 0.4334 0.714903 0.01216 0.0357421
0 0.70311 0.778467 0.01906 0.0193674
0 0.16332 0.65691 0.01796 0.0290998
0 0.17757 0.854842 0.0337 0.0440389
0 0.1627 0.559234 0.02356 0.0423601
0 0.1139 0.709367 0.02232 0.0530414
0 0.76591 0.698564 0.01274 0.0659854
0 0.41061 0.531192 0.01314 0.0148905
0 0.24682 0.530316 0.01312 0.0105109
0 0.72288 0.742895 0.02464 0.0346959
0 0.52474 0.86972 0.0192 0.0529684
0 0.24822 0.776119 0.02008 0.0276642
0 0.06352 0.876533 0.0392 0.0709732
