0 0.105973 0.16639 0.0328533 0.04818
0 0.128933 0.16018 0.0253333 0.05232
0 0.608987 0.10359 0.03248 0.05118
0 0.13772 0.15156 0.0453067 0.05156
0 0.55572 0.19962 0.0406667 0.0502
0 0.35596 0.51994 0.0170933 0.00884
0 0.44056 0.04056 0.0304533 0.04504
0 0.218947 0.09964 0.0339467 0.0606
0 0.37304 0.10507 0.0249067 0.04058
0 0.46532 0.37383 0.0129867 0.0091
0 0.586653 0.28356 0.0266933 0.0402
0 0.03168 0.40276 0.01936 0.03348
0 0.304253 0.51884 0.0236 0.01
0 0.621787 0.29991 0.02304 0.0473
0 0.491507 0.05019 0.0213067 0.03014
0 0.89588 0.10389 0.0166667 0.01858
0 0.592213 0.33783 0.01744 0.04282
0 0.0221867 0.35367 0.02256 0.04154
0 0.492347 0.51321 0.0133867 0.01642
0 0.622147 0.28867 0.0406133 0.04502
0 0.257373 0.08532 0.0439733 0.04844
0 0.360013 0.29915 0.03064 0.01978
0 0.5892 0.0959 0.0266667 0.04924
0 0.6274 0.34417 0.03032 0.04106
0 0.02376 0.18305 0.0226667 0.05018
0 0.0183067 0.39963 0.02024 0.03406
0 0.455093 0.51004 0.05312 0.03148
0 0.472173 0.34323 0.0361333 0.05786
0 0.41272 0.25641 0.0181333 0.0195
0 0.434067 0.05109 0.0330933 0.04214
0 0.273587 0.12156 0.0170933 0.02744
0 0.607493 0.12765 0.0226133 0.01218
0 0.519973 0.23522 0.03504 0.05008
0 0.36784 0.195 0.0352 0.03256
0 0.255333 0.13669 0.0275733 0.0511
0 0.461013 0.07115 0.0356267 0.01702
0 0.499813 0.15141 0.0317867 0.05974
0 0.09068 0.15603 0.03992 0.04358
0 0.161187 0.26308 0.02872 0.04
0 0.345653 0.26316 0.0411733 0.02924
0 0.456733 0.07551 0.0236 0.02386
0 0.20964 0.32971 0.0276533 0.04074
0 0.554387 0.11055 0.02968 0.05234
0 0.0190267 0.37859 0.0170933 0.01666
0 0.45856 0.14646 0.0197867 0.03992
0 0.49404 0.33785 0.0288267 0.05226
0 0.297227 0.32082 0.0283733 0.04204
0 0.42928 0.51272 0.0174933 0.00848
0 0.638507 0.20686 0.02464 0.05236
0 0.0507733 0.31 0.01264 0.02716
0 0.923333 0.10307 0.0154133 0.03538
0 0.455013 0.34552 0.036 0.04496
0 0.124253 0.28372 0.04856 0.04744
0 0.21944 0.14779 0.0389867 0.04718
0 0.4816 0.04949 0.0160533 0.02358
0 0.221027 0.08011 0.0561333 0.03682
0 0.60124 0.34236 0.0276533 0.04572
0 0.50796 0.35169 0.03256 0.04034
0 0.482253 0.24277 0.0229067 0.05742
0 0.58436 0.29721 0.0299467 0.04214
0 0.60456 0.28741 0.0293867 0.04462
0 0.270133 0.08676 0.0128533 0.0208
0 0.03776 0.32269 0.02976 0.03666
0 0.00698667 0.41911 0.0136533 0.01718
0 0.449813 0.14518 0.0285333 0.04608
0 0.0186 0.25621 0.01608 0.03642
0 0.4622 0.24192 0.03352 0.05924
0 0.397653 0.2222 0.0661333 0.03364
0 0.390333 0.27761 0.0390133 0.02438
0 0.9134 0.12308 0.0126667 0.0164
0 0.33712 0.17513 0.0270933 0.04302
0 0.267133 0.28385 0.0205067 0.0459
0 0.2542 0.34249 0.0372533 0.05614
0 0.590067 0.20166 0.0297333 0.0582
0 0.456547 0.04039 0.03144 0.0511
0 0.220387 0.21208 0.0328267 0.05144
0 0.58388 0.106 0.0376267 0.04872
0 0.905653 0.10974 0.0209067 0.03948
0 0.63012 0.32166 0.01544 0.01952
0 0.901307 0.12693 0.0144 0.01906
0 0.0135067 0.21172 0.0187467 0.01952
0 0.278933 0.27145 0.0300267 0.05242
0 0.943787 0.10668 0.02144 0.03472
0 0.607347 0.30747 0.0236 0.03922
0 0.471107 0.14236 0.0224267 0.05048
0 0.10356 0.22943 0.0297867 0.03242
0 0.20348 0.14675 0.01688 0.04414
0 0.385933 0.19375 0.03752 0.02602
0 0.30208 0.50688 0.0242667 0.0172
0 0.408547 0.53147 0.0297333 0.01718
0 0.4022 0.23487 0.0588 0.03026
0 0.587733 0.21914 0.03072 0.05468
0 0.622027 0.19923 0.0314667 0.05178
0 0.280413 0.08917 0.0390133 0.04878
0 0.340293 0.07561 0.0401067 0.04194
0 0.334013 0.1989 0.02152 0.04332
0 0.234333 0.21147 0.0252 0.05006
0 0.27464 0.21305 0.02944 0.05118
0 0.567173 0.29277 0.02736 0.0471
0 0.34496 0.09198 0.02256 0.04692
0 0.337067 0.52135 0.02608 0.01094
0 0.473133 0.25115 0.0194933 0.05206
0 0.582 0.11986 0.0506133 0.05
0 0.299987 0.09026 0.0396533 0.0436
0 0.37792 0.22641 0.05744 0.03642
0 0.09456 0.23512 0.0382933 0.04744
0 0.0109333 0.29101 0.0197867 0.03594
0 0.16288 0.27077 0.0355733 0.03538
0 0.418427 0.51836 0.00581333 0.00872
0 0.16296 0.24248 0.0351467 0.04684
0 0.630987 0.28897 0.0511467 0.05026
0 0.453747 0.52255 0.01544 0.02778
0 0.139293 0.24808 0.01848 0.0218
0 0.271973 0.13995 0.02208 0.02618
0 0.00992 0.40159 0.0184533 0.03386
0 0.357573 0.28744 0.0382933 0.02512
0 0.3532 0.18453 0.02032 0.06066
0 0.134507 0.2794 0.05472 0.04556
0 0.569293 0.21103 0.0280267 0.05334
0 0.507013 0.1413 0.02336 0.03868
0 0.0438933 0.39634 0.0181333 0.03256
0 0.387307 0.09674 0.0242133 0.0374
0 0.146533 0.26423 0.0120533 0.0175
0 0.324787 0.17849 0.0378933 0.0537
0 0.124173 0.23652 0.04728 0.04352
0 0.00953333 0.26729 0.0190667 0.02274
0 0.08888 0.15079 0.0382933 0.04338
0 0.447613 0.23128 0.0345333 0.03912
0 0.135147 0.18414 0.02048 0.01568
0 0.57544 0.33822 0.0214933 0.0468
0 0.317373 0.28024 0.0321333 0.01384
0 0.495453 0.27026 0.0205067 0.02564
0 0.400947 0.16753 0.03576 0.03498
0 0.36284 0.07374 0.0158133 0.02216
0 0.92304 0.12678 0.0140267 0.02512
0 0.995427 0.14767 0.00914667 0.03666
0 0.3258 0.51351 0.0321867 0.01246
0 0.576587 0.35674 0.0202667 0.03284
0 0.338627 0.28974 0.0454667 0.02256
0 0.2202 0.15345 0.0169333 0.05202
0 0.275693 0.32462 0.00888 0.02564
0 0.6242 0.08977 0.0293067 0.04582
0 0.392907 0.5198 0.0215467 0.01732
0 0.47644 0.51587 0.0295733 0.03502
0 0.149707 0.27834 0.04992 0.04128
0 0.4856 0.07595 0.0235733 0.01386
0 0.612053 0.08703 0.0434133 0.04358
0 0.52784 0.22884 0.0181333 0.02948
0 0.382933 0.16434 0.04816 0.03532
0 0.236213 0.32769 0.03968 0.05282
0 0.478187 0.05689 0.0304533 0.02886
0 0.492893 0.08097 0.0183733 0.01178
0 0.463067 0.17134 0.0208533 0.02616
0 0.373467 0.52601 0.0226667 0.0085
0 0.0325867 0.29122 0.0262933 0.03896
0 0.381347 0.15436 0.01368 0.00924
0 0.00538667 0.37429 0.0107733 0.0059
0 0.93352 0.11129 0.01024 0.03846
0 0.31604 0.10565 0.0301067 0.04154
0 0.2924 0.11978 0.01984 0.03748
0 0.64116 0.3194 0.0105867 0.01076
0 0.353667 0.11845 0.0172 0.00926
0 0.0464933 0.35263 0.0145867 0.02162
0 0.155893 0.15506 0.0232 0.04748
0 0.558413 0.35092 0.0164533 0.03416
0 0.396787 0.25485 0.0300533 0.0223
0 0.500627 0.24078 0.02328 0.05864
0 0.236787 0.26834 0.02008 0.04844
0 0.9874 0.27023 0.0176267 0.03006
0 0.613307 0.34474 0.0269867 0.04232
0 0.387853 0.2905 0.0310133 0.01888
0 0.313147 0.52363 0.0280533 0.01054
0 0.0353067 0.29508 0.01296 0.02996
0 0.391933 0.53064 0.0143733 0.0218
0 0.357347 0.26462 0.0576267 0.0458
0 0.26848 0.33793 0.0225067 0.04466
0 0.60504 0.21351 0.0232533 0.0541
0 0.252173 0.28796 0.0236 0.02896
0 0.25336 0.26314 0.0208 0.04412
0 0.995947 0.28443 0.00810667 0.01566
0 0.224787 0.28274 0.0157067 0.03512
0 0.108907 0.23491 0.0466133 0.04502
0 0.0264667 0.29192 0.0143733 0.0264
0 0.609373 0.20205 0.0242933 0.05794
0 0.481853 0.37385 0.0212 0.00974
0 0.358347 0.08439 0.0348267 0.0271
0 0.0343333 0.35103 0.014 0.03538
0 0.451173 0.36664 0.00869333 0.01276
0 0.9854 0.25927 0.026 0.0367
0 0.637613 0.1853 0.0345333 0.03564
0 0.28476 0.32872 0.0181067 0.04564
0 0.25336 0.2319 0.0224533 0.02608
0 0.235493 0.29827 0.0197867 0.01402
0 0.254187 0.17236 0.0181333 0.02
0 0.368507 0.16521 0.0116267 0.01694
0 0.237987 0.1451 0.02648 0.03852
0 0.390827 0.20373 0.0149867 0.01158
0 0.93404 0.13375 0.0140533 0.01082
0 0.355147 0.22991 0.0421867 0.04558
0 0.0135067 0.17801 0.0207733 0.04802
0 0.3854 0.26688 0.0345333 0.02692
0 0.0224533 0.32714 0.0281067 0.03816
0 0.284587 0.35577 0.0136533 0.00846
0 0.276133 0.3632 0.0109333 0.01308
0 0.37348 0.53436 0.0122933 0.00872
0 0.272493 0.15443 0.00968 0.00926
0 0.457667 0.33013 0.0352267 0.0459
