2 0.305646 0.43975 0.147443 0.09622
2 0.260709 0.52918 0.162025 0.128
2 0.124823 0.53496 0.246405 0.16776
2 0.393253 0.34105 0.0304557 0.00898
2 0.792506 0.38701 0.0297722 0.01758
2 0.327481 0.32662 0.0500506 0.01856
2 0.636063 0.39128 0.0448354 0.02028
2 0.400076 0.32318 0.0435443 0.025
2 0.813392 0.42108 0.0473924 0.02052
2 0.590937 0.59275 0.218025 0.16566
2 0.780152 0.56 0.179494 0.1142
2 0.768734 0.40013 0.0434937 0.02026
2 0.554203 0.37965 0.0619747 0.04698
2 0.584304 0.36922 0.0485063 0.04624
2 0.92043 0.40414 0.0521013 0.0342
2 0.0175443 0.36064 0.0350886 0.02852
2 0.617671 0.35842 0.0366076 0.03188
2 0.705797 0.4038 0.0557975 0.02136
2 0.48381 0.42771 0.0913671 0.06658
2 0.177696 0.33466 0.0363544 0.0118
2 0.867658 0.47927 0.134152 0.10402
2 0.775722 0.66718 0.253468 0.09928
2 0.450291 0.36521 0.0242278 0.00958
2 0.399772 0.41337 0.0987848 0.04274
2 0.0544557 0.30585 0.0584304 0.04822
2 0.114949 0.38469 0.0842278 0.07462
2 0.498633 0.3414 0.0589873 0.0296
2 0.954975 0.50724 0.078962 0.04008
2 0.116481 0.31249 0.0766582 0.04798
2 0.861937 0.53129 0.0956203 0.04994
2 0.383367 0.59545 0.230532 0.12274
2 0.437354 0.51479 0.20838 0.12334
2 0.261228 0.39626 0.0415443 0.02512
2 0.252924 0.60475 0.0338481 0.04534
2 0.45162 0.39505 0.0419241 0.03682
2 0.89743 0.39595 0.0461013 0.03538
2 0.948506 0.54203 0.102987 0.0579
2 0.844987 0.39436 0.0499747 0.02512
2 0.430975 0.34509 0.0558228 0.03718
2 0.0101139 0.38404 0.0202278 0.01352
2 0.748671 0.414 0.0295443 0.00908
2 0.648418 0.37791 0.0540506 0.03126
2 0.0376962 0.37686 0.0753924 0.0236
2 0.764861 0.38456 0.0412152 0.02012
2 0.462899 0.32702 0.026 0.01396
2 0.806873 0.39354 0.0292911 0.01852
2 0.891797 0.37531 0.0201013 0.00894
2 0.68481 0.36704 0.0171646 0.01156
2 0.415494 0.35508 0.0521013 0.0244
2 0.729 0.38354 0.0411899 0.01864
2 0.0660506 0.36262 0.0610127 0.0318
2 0.546405 0.42844 0.0460759 0.03996
2 0.187354 0.39896 0.115418 0.08164
2 0.695646 0.46298 0.0957975 0.03872
2 0.476101 0.36321 0.0403544 0.0223
2 0.690608 0.49575 0.136456 0.04774
2 0.400266 0.3933 0.0762785 0.03408
2 0.515304 0.36476 0.0531899 0.03328
2 0.551962 0.34608 0.0462025 0.02432
2 0.685456 0.42067 0.0681772 0.0219
2 0.739987 0.37076 0.0464051 0.02564
2 0.554013 0.47846 0.100937 0.03796
2 0.0415823 0.29524 0.0251899 0.01164
2 0.706962 0.36564 0.0379241 0.02796
2 0.0268101 0.28654 0.0530633 0.02876
2 0.945468 0.43671 0.0554937 0.0241
2 0.637835 0.42003 0.0355696 0.00982
2 0.986595 0.43949 0.0268101 0.0205
2 0.779228 0.41702 0.0266076 0.00948
2 0.77862 0.60811 0.157696 0.06302
2 0.315329 0.36987 0.0876709 0.04786
2 0.220354 0.3382 0.0418734 0.00924
2 0.417734 0.44558 0.0834177 0.03872
2 0.58638 0.46022 0.118734 0.084
2 0.859304 0.41512 0.0395696 0.022
2 0.582152 0.40436 0.0510886 0.02548
