0 0.389719 0.103844 0.0454792 0.0738437
0 0.490552 0.131844 0.0423958 0.0333437
0 0.352833 0.106445 0.0578333 0.120828
0 0.291104 0.319531 0.0645833 0.0273438
0 0.445094 0.194234 0.0777708 0.0830937
0 0.326198 0.186742 0.0796042 0.0557969
0 0.30801 0.119359 0.0618958 0.064875
0 0.580521 0.210875 0.0529167 0.0267812
0 0.253698 0.217648 0.112437 0.0847031
0 0.249854 0.0976797 0.0370833 0.0258906
0 0.297604 0.158641 0.0919583 0.1105
0 0.286125 0.191797 0.104958 0.0825625
0 0.246094 0.183789 0.0907292 0.0794531
0 0.246021 0.29293 0.151417 0.0398906
0 0.486469 0.205898 0.0441042 0.0251406
0 0.205344 0.18632 0.0366875 0.0445469
0 0.416583 0.0985781 0.0295833 0.0524687
0 0.327667 0.351031 0.0304167 0.0261562
0 0.409562 0.168461 0.056375 0.104422
0 0.317781 0.0682734 0.0304375 0.0338906
0 0.315531 0.33282 0.0194792 0.0169219
0 0.32026 0.113305 0.0501875 0.0813906
0 0.471552 0.120273 0.0239792 0.0584219
0 0.25026 0.247414 0.153979 0.0861094
0 0.277427 0.0957656 0.0187708 0.0240625
0 0.406062 0.0682656 0.03625 0.025875
0 0.44925 0.135641 0.0449167 0.107563
0 0.26425 0.127562 0.028375 0.0566562
0 0.235875 0.143977 0.05025 0.0330781
