0 0.716227 0.908583 0.0391406 0.131546
0 0.34425 0.837635 0.060625 0.0826698
0 0.883414 0.634614 0.0362344 0.0902576
0 0.555094 0.30719 0.052375 0.0825761
0 0.254328 0.0921077 0.071125 0.124731
0 0.704219 0.866054 0.037625 0.120632
0 0.227789 0.598091 0.0248281 0.12466
0 0.482633 0.429391 0.0427344 0.0702576
0 0.985695 0.594087 0.0248281 0.0924824
0 0.388719 0.378642 0.0705937 0.0859016
0 0.502063 0.895995 0.0506875 0.142857
0 0.414094 0.553583 0.051625 0.06
0 0.0363828 0.355913 0.0634844 0.0637705
0 0.975539 0.407951 0.0234219 0.108735
0 0.52307 0.904379 0.0419219 0.169508
0 0.0849219 0.448255 0.0388125 0.151405
0 0.347125 0.89404 0.0563438 0.0706557
0 0.802531 0.885187 0.073 0.105644
0 0.175305 0.234297 0.0506094 0.198337
0 0.315539 0.566148 0.0398281 0.135386
0 0.813922 0.30685 0.0410313 0.0877518
0 0.784695 0.32281 0.0454219 0.104122
0 0.113102 0.195269 0.0333906 0.156253
0 0.186164 0.0840984 0.0670469 0.115785
0 0.366102 0.125035 0.0403594 0.122904
0 0.198625 0.0976932 0.0505313 0.138478
0 0.22393 0.100656 0.0555469 0.136721
0 0.484789 0.110948 0.0324844 0.13
0 0.0763047 0.201276 0.0311094 0.195902
0 0.0986719 0.186276 0.033 0.136674
0 0.90618 0.882857 0.0762969 0.107026
0 0.815328 0.909356 0.0538438 0.139742
0 0.578195 0.297951 0.0471719 0.0717799
0 0.882766 0.918513 0.046 0.146393
0 0.66782 0.108513 0.0450156 0.113981
0 0.98925 0.385644 0.01925 0.107728
0 0.636328 0.816967 0.0644375 0.0964169
0 0.474953 0.862237 0.068375 0.110515
0 0.833672 0.919918 0.0309375 0.15
0 0.383461 0.862529 0.0442656 0.102857
0 0.561602 0.89103 0.0604844 0.144637
0 0.845453 0.956218 0.019875 0.0875644
0 0.982477 0.928981 0.0336719 0.135902
0 0.656734 0.463981 0.0377813 0.114614
0 0.638711 0.363642 0.0327344 0.0292037
0 0.235117 0.452178 0.0482031 0.13719
0 0.865016 0.385562 0.0228437 0.1026
0 0.660266 0.850515 0.0596563 0.12103
0 0.359727 0.590843 0.0570156 0.119532
0 0.997398 0.571885 0.00420313 0.0664871
0 0.430773 0.84452 0.0409531 0.0681967
0 0.874969 0.383337 0.0193437 0.105129
0 0.0952187 0.571429 0.0224375 0.0689461
0 0.293812 0.247951 0.0457188 0.162506
0 0.387336 0.891019 0.0405156 0.103583
0 0.40193 0.436499 0.0368594 0.0989461
0 0.676359 0.79808 0.0568438 0.107963
0 0.377672 0.464379 0.0355625 0.124543
0 0.231578 0.846698 0.0309687 0.124122
0 0.274109 0.791347 0.0505625 0.0649883
0 0.942156 0.937037 0.0239063 0.125925
0 0.135391 0.527447 0.0347187 0.108431
0 0.128109 0.475738 0.0457188 0.0911944
0 0.460281 0.93904 0.0460625 0.07274
0 0.710414 0.88897 0.0394844 0.14103
0 0.248492 0.420515 0.0566094 0.0977518
0 0.199961 0.247822 0.0392344 0.1963
0 0.437414 0.900527 0.0381406 0.0853162
0 0.0157266 0.556721 0.0314531 0.0548009
0 0.676383 0.932646 0.0310781 0.109508
0 0.847953 0.508747 0.071625 0.102506
0 0.31507 0.120269 0.0382656 0.103255
0 0.699391 0.496768 0.0361563 0.0661358
0 0.0980625 0.437002 0.0355625 0.13466
0 0.583961 0.55808 0.0406719 0.0930679
0 0.631516 0.396909 0.0327812 0.0456674
0 0.351672 0.410457 0.03425 0.107471
0 0.963422 0.56178 0.0330937 0.0970023
0 0.377531 0.820304 0.0428125 0.0831382
0 0.0545234 0.5387 0.0333594 0.0805855
0 0.336055 0.122916 0.0311719 0.10555
0 0.571437 0.468665 0.026625 0.0523185
0 0.316039 0.616674 0.0313281 0.07274
0 0.685297 0.416475 0.0555625 0.0769789
0 0.637469 0.313759 0.035625 0.109532
0 0.0147422 0.626792 0.0294844 0.103981
0 0.259266 0.88418 0.0300938 0.134122
0 0.497063 0.453185 0.0468125 0.102717
0 0.551695 0.900773 0.0485469 0.168197
0 0.559641 0.103595 0.0377813 0.134871
0 0.363937 0.498911 0.0274375 0.094637
0 0.902016 0.899637 0.0725313 0.12466
0 0.480414 0.564742 0.0420469 0.0818033
0 0.797562 0.3124 0.040875 0.115199
0 0.10318 0.881569 0.0313281 0.140749
0 0.0423437 0.413384 0.0656562 0.118665
0 0.158969 0.57767 0.0395 0.146159
0 0.116242 0.534543 0.0330156 0.0976112
0 0.965742 0.261522 0.0512656 0.112319
0 0.344797 0.254415 0.0300625 0.132436
0 0.671594 0.441206 0.0495 0.09
0 0.117922 0.937881 0.0220938 0.0706557
0 0.4285 0.585386 0.0332812 0.0998595
0 0.20432 0.95123 0.0373906 0.0649415
0 0.121188 0.421206 0.0590313 0.114169
0 0.814461 0.955187 0.0179531 0.0730445
0 0.480242 0.631276 0.0205156 0.0364169
0 0.704945 0.38808 0.0740156 0.0633255
0 0.514484 0.5113 0.024 0.0713115
0 0.568461 0.876464 0.0724844 0.129227
0 0.506008 0.46726 0.0322656 0.133724
0 0.0768203 0.713583 0.0405156 0.0507728
0 0.694734 0.116358 0.0575312 0.110187
0 0.994055 0.268162 0.00951562 0.132108
0 0.162211 0.260234 0.0358906 0.160047
0 0.77368 0.59466 0.0252969 0.111288
0 0.931023 0.548981 0.0421406 0.0768852
0 0.836211 0.586288 0.0425781 0.0320609
0 0.820719 0.506745 0.0810312 0.0735831
0 0.666023 0.900047 0.0434219 0.116909
0 0.893648 0.379063 0.0234219 0.102389
0 0.207875 0.86137 0.027125 0.13267
0 0.944805 0.590269 0.0287344 0.0795082
0 0.769086 0.307763 0.0523281 0.0951991
0 0.750219 0.865679 0.0334062 0.092623
0 0.0290859 0.849696 0.0378594 0.128946
0 0.846422 0.261206 0.0541875 0.0689696
0 0.65607 0.589602 0.0541406 0.0881499
0 0.471359 0.578548 0.0339375 0.0936768
0 0.943516 0.864391 0.0210938 0.0258782
0 0.962406 0.938232 0.0430313 0.123536
0 0.56093 0.472635 0.0218906 0.0864871
0 0.324008 0.909871 0.0223906 0.0684543
0 0.505719 0.484005 0.0282187 0.127775
0 0.632719 0.456663 0.0348125 0.129578
0 0.19757 0.878255 0.0209219 0.112248
0 0.184531 0.593326 0.0332188 0.157096
0 0.852992 0.213946 0.0580156 0.105785
0 0.150172 0.463525 0.0434688 0.0969321
0 0.109945 0.815749 0.0372656 0.141007
0 0.224719 0.772049 0.0169375 0.0298595
0 0.181703 0.953841 0.0209375 0.0711007
0 0.213203 0.463759 0.036625 0.152904
0 0.528195 0.312529 0.0449531 0.0897424
0 0.326719 0.453009 0.0314063 0.141475
0 0.682727 0.607564 0.0340156 0.103841
0 0.952766 0.38308 0.0360625 0.0871897
0 0.91668 0.628653 0.0322969 0.0870492
0 0.439078 0.589379 0.0230312 0.110937
0 0.386961 0.928817 0.0374219 0.085644
0 0.247594 0.511674 0.045125 0.0812881
0 0.377109 0.10822 0.0507187 0.115082
0 0.425375 0.396674 0.0642812 0.0907728
0 0.541336 0.909461 0.0333594 0.16904
0 0.975922 0.282564 0.0338437 0.110749
0 0.136961 0.407108 0.0746406 0.0918735
0 0.709664 0.429684 0.0710156 0.0950585
0 0.0857266 0.516756 0.0226406 0.0403044
0 0.176617 0.359918 0.0381094 0.0304215
0 0.508484 0.147482 0.0275625 0.0870023
0 0.130141 0.809778 0.0545 0.145504
0 0.262898 0.834625 0.0427344 0.124614
0 0.53982 0.101007 0.0333594 0.131569
0 0.572477 0.852974 0.0635781 0.08637
0 0.641102 0.571417 0.0649531 0.0602576
0 0.0771875 0.823407 0.0377813 0.146862
0 0.87768 0.953454 0.0199844 0.0910304
0 0.983563 0.535433 0.0319375 0.0905855
0 0.872555 0.627564 0.0329844 0.075644
0 0.650398 0.479438 0.0377344 0.124731
0 0.145133 0.378044 0.0820156 0.0645667
0 0.455969 0.589496 0.0235938 0.115902
0 0.650687 0.31781 0.0345625 0.0910773
0 0.980414 0.652084 0.0106719 0.0332553
0 0.233797 0.914403 0.027125 0.0873068
0 0.348258 0.955703 0.0418594 0.0718735
0 0.965594 0.616311 0.0193437 0.0695316
0 0.423539 0.9087 0.0367031 0.0542623
0 0.157445 0.903724 0.0661094 0.117845
0 0.854969 0.54034 0.069 0.0854567
0 0.860609 0.921534 0.0257812 0.154871
0 0.459391 0.296253 0.04725 0.108665
0 0.130344 0.894356 0.0284687 0.078267
0 0.508109 0.579063 0.0282813 0.0487119
0 0.743469 0.567775 0.0519687 0.0664169
0 0.967477 0.515445 0.0427031 0.0803044
0 0.409305 0.533794 0.0582031 0.0562061
0 0.793781 0.863618 0.0742812 0.089719
0 0.0698984 0.853443 0.0320156 0.147775
0 0.703453 0.602494 0.0248125 0.0970726
0 0.0554063 0.844848 0.0381875 0.146464
0 0.0676797 0.751311 0.0303906 0.0445433
0 0.878445 0.52582 0.0536719 0.144379
0 0.0602422 0.186393 0.0335156 0.142342
0 0.434094 0.876745 0.0505938 0.0481967
0 0.321008 0.353208 0.0423906 0.0361593
0 0.337977 0.438501 0.0350469 0.120422
0 0.244742 0.759578 0.0303594 0.0495082
0 0.469906 0.283337 0.0490625 0.0938407
0 0.698703 0.825726 0.0410625 0.108923
0 0.666523 0.355902 0.0314531 0.0220609
0 0.334781 0.801347 0.0749062 0.0645667
0 0.554242 0.395211 0.0330781 0.0703279
0 0.168242 0.93322 0.0388281 0.114262
0 0.79257 0.606979 0.0194844 0.0979391
0 0.291031 0.850059 0.0470938 0.117166
0 0.349906 0.926792 0.0393125 0.0669321
0 0.5135 0.384227 0.053 0.0477049
0 0.572359 0.42178 0.0266562 0.0821546
0 0.480414 0.971534 0.0417031 0.0569321
0 0.0469141 0.168454 0.0579531 0.13897
0 0.854172 0.630644 0.041375 0.0658782
0 0.70957 0.589543 0.0364531 0.0829274
0 0.444227 0.307248 0.0332656 0.0920141
0 0.427484 0.293735 0.0450938 0.115105
0 0.272727 0.924508 0.0307656 0.0964637
0 0.317812 0.440925 0.0380313 0.147237
0 0.529648 0.425703 0.0317969 0.0847541
0 0.675242 0.306909 0.0341094 0.0993911
0 0.64 0.125808 0.0323437 0.116674
0 0.705266 0.465515 0.0566562 0.0750585
0 0.35818 0.161077 0.0111094 0.0502576
0 0.371016 0.397998 0.0495625 0.0922014
0 0.0566562 0.432307 0.0425625 0.147705
0 0.311023 0.385831 0.0449844 0.0605621
0 0.46418 0.836393 0.0900781 0.0936768
0 0.0890859 0.961674 0.0309219 0.0739344
0 0.540117 0.463852 0.0263281 0.0728103
0 0.285336 0.561991 0.0337656 0.141499
0 0.945539 0.540129 0.0307656 0.0807728
0 0.687711 0.510632 0.0378906 0.0772834
0 0.746094 0.84603 0.0319688 0.0494848
0 0.532695 0.151874 0.0261094 0.0891335
0 0.188852 0.827237 0.0323281 0.0551288
0 0.312219 0.431276 0.0468438 0.137447
0 0.942461 0.3463 0.0351406 0.056815
0 0.491695 0.545504 0.0590781 0.0661358
0 0.0374922 0.391862 0.0749844 0.0937939
0 0.990125 0.892646 0.01775 0.0737237
0 0.682 0.969485 0.0275313 0.0610304
0 0.00716406 0.202611 0.0137031 0.0978689
0 0.416922 0.502248 0.044625 0.0288525
0 0.99018 0.640995 0.0124844 0.0602576
0 0.882852 0.257389 0.0523594 0.0976815
0 0.18368 0.45308 0.0382969 0.135386
0 0.561781 0.810773 0.053 0.0328337
0 0.901289 0.63377 0.0309531 0.0894145
0 0.888469 0.522237 0.0555 0.140351
0 0.218148 0.960632 0.0301094 0.0448244
0 0.420906 0.569578 0.045625 0.0796721
0 0.808148 0.554578 0.0414844 0.0368852
0 0.324 0.848255 0.0410625 0.0606323
0 0.0643984 0.561628 0.0306094 0.0950117
0 0.630594 0.425691 0.0352188 0.0794848
0 0.528844 0.988068 0.0202813 0.0238642
0 0.803687 0.611007 0.0195 0.0949415
0 0.343547 0.631546 0.0262812 0.0718501
0 0.0636094 0.441909 0.030375 0.144098
0 0.750641 0.306019 0.0585 0.0787822
0 0.484586 0.880855 0.0612344 0.121897
0 0.21475 0.794977 0.019625 0.0238173
0 0.759875 0.58637 0.0340625 0.0933489
0 0.879836 0.229672 0.0508906 0.124496
0 0.233383 0.938431 0.0284531 0.0678689
0 0.854281 0.380855 0.0252188 0.0742623
0 0.939516 0.847822 0.0152187 0.00693208
0 0.556656 0.558454 0.015375 0.0810304
0 0.0644922 0.951347 0.0239219 0.0964637
0 0.512016 0.086815 0.0326875 0.125386
0 0.543703 0.787283 0.0457188 0.0397658
0 0.946516 0.87219 0.01675 0.0307494
0 0.198594 0.46308 0.033 0.146674
0 0.960234 0.41 0.015 0.102576
0 0.548422 0.582412 0.02775 0.112178
0 0.510508 0.964215 0.0251406 0.0715691
0 0.532445 0.577717 0.0397031 0.106909
0 0.236992 0.591159 0.0230781 0.112576
0 0.315375 0.25808 0.0235938 0.141265
0 0.481656 0.384473 0.064375 0.0652459
0 0.805008 0.82466 0.0757344 0.0601874
0 0.265602 0.425269 0.0656094 0.118267
0 0.592516 0.287564 0.0564063 0.0476815
0 0.953773 0.40719 0.0226406 0.106698
0 0.669742 0.621546 0.0185156 0.0555504
