0 0.196795 0.775961 0.0146154 0.0193281
0 0.020303 0.749836 0.0109091 0.0225781
0 0.223811 0.763328 0.0120979 0.0259375
0 0.748124 0.787281 0.0289744 0.00271875
0 0.0472844 0.751242 0.0129371 0.0118281
0 0.029289 0.748539 0.017972 0.0248281
0 0.404604 0.611891 0.0110723 0.0120625
0 0.389965 0.523805 0.0171329 0.0139531
0 0.411107 0.739805 0.0106993 0.00770312
0 0.114872 0.773602 0.0107226 0.0192344
0 0.356876 0.53857 0.0141259 0.0166719
0 0.123508 0.762859 0.00776224 0.0166875
0 0.360455 0.757258 0.0110723 0.00770312
0 0.344371 0.753586 0.0145221 0.0136094
0 0.138939 0.604211 0.0081352 0.0132656
0 0.863124 0.779711 0.00727273 0.00435938
0 0.393695 0.747484 0.00692308 0.0115937
0 0.539347 0.744938 0.010303 0.0159063
0 0.153252 0.77525 0.0162937 0.0195
0 0.284639 0.776203 0.00988345 0.0180937
0 0.388986 0.611203 0.0129837 0.0220625
0 0.151818 0.60568 0.00820513 0.0142656
0 0.648893 0.79618 0.0336364 0.0151406
0 0.436503 0.761797 0.00993007 0.0130938
0 0.598403 0.727742 0.00687646 0.00514063
0 0.418671 0.533977 0.0125874 0.0192344
0 0.373776 0.751195 0.0118415 0.0150781
0 0.911072 0.763273 0.0222844 0.00620313
0 0.628951 0.791539 0.0200932 0.0116406
0 0.946434 0.769289 0.0168298 0.00385938
0 0.242179 0.777391 0.00888112 0.015375
0 0.366282 0.538383 0.00986014 0.0172031
0 0.706911 0.643133 0.00449883 0.00548437
0 0.300653 0.775586 0.0152914 0.0177031
0 0.164755 0.5995 0.00498834 0.00975
0 0.12796 0.605781 0.0106993 0.0187187
0 0.309639 0.774117 0.0292075 0.0188281
0 0.586538 0.727664 0.00687646 0.0105156
0 0.369044 0.754367 0.0102564 0.0134844
0 0.210944 0.768133 0.0145221 0.0236094
0 0.0081352 0.755227 0.0134732 0.0183281
0 0.283228 0.774945 0.0148019 0.0174531
0 0.960501 0.728492 0.0103263 0.00270312
0 0.977424 0.781594 0.021049 0.00471875
0 0.396503 0.540453 0.0151049 0.01025
0 0.400291 0.526703 0.00841492 0.0120625
0 0.147249 0.7645 0.0133333 0.0173437
0 0.442156 0.764953 0.0103263 0.0169375
0 0.720629 0.773195 0.0172028 0.00564062
0 0.958823 0.796289 0.0106527 0.00370313
0 0.385734 0.756523 0.00881119 0.0113594
0 0.622214 0.798453 0.017669 0.0125938
0 0.405583 0.539719 0.0269231 0.0113125
0 0.558881 0.734398 0.00736597 0.00729687
0 0.42486 0.755453 0.0118182 0.0145625
0 0.337424 0.825141 0.0182517 0.00425
0 0.656212 0.785055 0.0304196 0.00867187
0 0.419103 0.740148 0.0100932 0.00932812
0 0.179347 0.777398 0.012634 0.0166719
0 0.395186 0.612891 0.0151282 0.017125
0 0.15958 0.596688 0.0106294 0.0108438
0 0.887902 0.727367 0.0197203 0.00632812
0 0.121702 0.774219 0.0168298 0.0200313
0 0.550221 0.725289 0.00841492 0.00585938
0 0.304068 0.775219 0.0198834 0.0174375
0 0.903042 0.771484 0.0255711 0.004625
0 0.777284 0.778867 0.0126107 0.00667187
0 0.338147 0.754312 0.00869464 0.0113437
0 0.014627 0.746484 0.0102331 0.0209375
0 0.568007 0.730828 0.0103263 0.00975
0 0.167937 0.766102 0.0193706 0.0141094
0 0.254965 0.761695 0.0179021 0.0134219
0 0.131562 0.768977 0.0118415 0.0256406
0 0.171084 0.759781 0.0113054 0.0130938
0 0.554685 0.741719 0.00839161 0.0135625
0 0.777902 0.726766 0.0110956 0.00359375
0 0.602354 0.726055 0.00708625 0.00714063
0 0.179149 0.760852 0.00869464 0.0152969
0 0.360746 0.751867 0.0150583 0.0159219
0 0.145536 0.606594 0.00878788 0.0161563
0 0.221678 0.777531 0.0321212 0.0169375
0 0.40331 0.540672 0.0212121 0.00959375
0 0.201422 0.769703 0.0107226 0.0264375
0 0.892261 0.777625 0.00778555 0.0035625
0 0.444697 0.751961 0.00496503 0.00454688
0 0.105594 0.773937 0.0106294 0.0193125
0 0.243963 0.763281 0.00899767 0.0135937
0 0.577471 0.734305 0.0124242 0.0134531
0 0.718625 0.762383 0.0168298 0.00410938
0 0.215047 0.762695 0.0105128 0.0269219
0 0.404219 0.753922 0.0114685 0.0184687
0 0.6988 0.665789 0.00496503 0.00307813
0 0.716667 0.662844 0.00592075 0.004625
0 0.780548 0.765594 0.0117249 0.00496875
