0 0.839547 0.892211 0.139857 0.116641
0 0.705489 0.830523 0.105107 0.130797
0 0.810477 0.975219 0.0618138 0.0495625
0 0.44506 0.93675 0.152554 0.0953125
0 0.76216 0.901414 0.065179 0.120391
0 0.539821 0.954625 0.0606921 0.09075
0 0.716396 0.660719 0.0651551 0.103094
0 0.741826 0.725914 0.0667064 0.109391
0 0.472482 0.865953 0.068926 0.0924688
0 0.633723 0.865648 0.0666348 0.122203
0 0.447936 0.572937 0.135107 0.083
0 0.60969 0.940797 0.120907 0.107937
0 0.631826 0.668844 0.0847494 0.10975
0 0.603091 0.718594 0.092673 0.0969688
0 0.611313 0.596484 0.0762768 0.102094
0 0.453341 0.958953 0.0674463 0.0474375
0 0.811014 0.645328 0.168568 0.0899062
0 0.4921 0.815164 0.148831 0.116422
0 0.540835 0.655812 0.10315 0.0925938
0 0.495465 0.949734 0.0360859 0.0505313
0 0.779606 0.558734 0.0955847 0.0461875
0 0.819952 0.719625 0.0625776 0.0519375
0 0.809809 0.787984 0.143675 0.05925
0 0.678234 0.705625 0.0697852 0.136437
0 0.818914 0.606766 0.231337 0.0568125
0 0.821169 0.824031 0.14148 0.06025
0 0.515131 0.563187 0.119618 0.0704687
0 0.502172 0.664844 0.142053 0.107344
0 0.877351 0.7235 0.0560859 0.0621563
0 0.438091 0.626977 0.103628 0.0700156
0 0.706468 0.922734 0.0748926 0.152594
0 0.549642 0.821766 0.115752 0.141031
0 0.808986 0.91793 0.0631265 0.130797
0 0.46389 0.774523 0.172124 0.0774219
0 0.420656 0.701336 0.0400239 0.0597656
0 0.821277 0.870664 0.131384 0.0925781
0 0.488962 0.528055 0.0882339 0.0283281
0 0.853305 0.690656 0.0661337 0.0492187
0 0.547494 0.886906 0.0679714 0.0891563
0 0.779809 0.668617 0.11642 0.114859
0 0.440239 0.741617 0.0579475 0.0285156
0 0.804475 0.72775 0.0660382 0.0624687
0 0.514212 0.612656 0.125131 0.095125
0 0.457411 0.802016 0.140788 0.100531
0 0.652267 0.942055 0.0508353 0.0724219
0 0.739117 0.78175 0.058568 0.036375
0 0.413103 0.587164 0.109308 0.0980781
0 0.609749 0.818227 0.0898091 0.139453
0 0.437232 0.659039 0.041957 0.0253906
0 0.401659 0.898523 0.0759189 0.0738594
0 0.53068 0.691141 0.157255 0.0895
0 0.746778 0.976797 0.0517422 0.044625
