2 0.202279 0.355645 0.0606373 0.0492974
2 0.597721 0.603431 0.0480882 0.0503268
2 0.783636 0.363235 0.0345588 0.0389869
2 0.880384 0.548636 0.0558007 0.0517157
2 0.550842 0.353922 0.0310294 0.0338562
2 0.331283 0.217582 0.0411928 0.0403595
2 0.343554 0.164984 0.0363889 0.0333987
2 0.293587 0.464216 0.0687092 0.0717974
2 0.887623 0.499003 0.0817157 0.0832026
2 0.330964 0.310474 0.0510131 0.022451
2 0.258113 0.62116 0.0339706 0.0538889
2 0.616348 0.240572 0.040768 0.0482026
2 0.671275 0.262541 0.0397386 0.0358987
2 0.753505 0.507255 0.091683 0.061634
2 0.265163 0.347557 0.0518301 0.0548856
2 0.6071 0.459101 0.0387092 0.0515359
2 0.177908 0.300662 0.0572222 0.0429248
2 0.804722 0.321806 0.0296732 0.0373693
2 0.681757 0.667239 0.067402 0.0436275
2 0.826307 0.554355 0.0491503 0.0440686
2 0.515106 0.549943 0.0741013 0.0510294
2 0.331446 0.418194 0.0452124 0.0398529
2 0.685294 0.606699 0.0466667 0.0398039
2 0.205245 0.585596 0.0464052 0.0480556
2 0.815458 0.670523 0.058268 0.0517647
2 0.320425 0.545 0.0612745 0.0417974
2 0.241462 0.479608 0.0495915 0.0441176
2 0.590082 0.566405 0.0632353 0.0432026
2 0.702059 0.376462 0.0766667 0.0471732
2 0.357949 0.46018 0.0376961 0.0376797
2 0.568186 0.137565 0.0356536 0.0320588
2 0.750376 0.618905 0.0607516 0.0616667
2 0.642435 0.498252 0.0369281 0.0364052
