0 0.3087 0.602063 0.016 0.030753
0 0.49705 0.620934 0.04926 0.053494
0 0.07378 0.719819 0.01928 0.0439157
0 0.57868 0.612169 0.0558 0.0416265
0 0.17712 0.602364 0.03484 0.0273795
0 0.21809 0.652078 0.02054 0.0306627
0 0.10213 0.628343 0.04022 0.0218072
0 0.08702 0.834292 0.03576 0.0517771
0 0.27989 0.610437 0.03218 0.0187048
0 0.12096 0.599262 0.01956 0.0308133
0 0.24067 0.62256 0.0177 0.0322892
0 0.52596 0.544352 0.02196 0.069247
0 0.1334 0.646114 0.02352 0.033494
0 0.10039 0.771551 0.0267 0.0362349
0 0.21521 0.672696 0.02366 0.0228012
0 0.21071 0.693479 0.03098 0.0274398
0 0.1746 0.612696 0.03472 0.020753
0 0.50682 0.558614 0.03796 0.0512651
0 0.12686 0.691355 0.02452 0.0320482
0 0.12464 0.651235 0.03728 0.0340964
0 0.16253 0.64872 0.02162 0.0287048
0 0.17797 0.628208 0.03058 0.0226205
0 0.09855 0.848539 0.02074 0.0617169
0 0.14775 0.590542 0.02346 0.0443373
0 0.17631 0.662696 0.03542 0.0284639
0 0.08699 0.793253 0.04602 0.0203614
0 0.49354 0.587063 0.05924 0.0444277
0 0.24953 0.652726 0.01894 0.0282831
0 0.235 0.594111 0.02764 0.0212952
0 0.11729 0.745482 0.0445 0.0298795
0 0.57737 0.561205 0.06122 0.0445783
0 0.27335 0.624337 0.01458 0.0127108
0 0.05894 0.77509 0.026 0.031988
0 0.0371 0.740166 0.02328 0.0138855
0 0.29654 0.62634 0.02028 0.0346084
0 0.10206 0.712696 0.03004 0.0582229
0 0.19573 0.593253 0.01582 0.0279518
0 0.14152 0.709639 0.01224 0.0253012
0 0.15335 0.701852 0.01002 0.0269578
0 0.09227 0.713569 0.01866 0.0549096
0 0.22727 0.69113 0.01926 0.0270783
0 0.12976 0.697018 0.01544 0.0328313
0 0.27516 0.589172 0.0238 0.0169578
0 0.10478 0.636898 0.0246 0.0251205
0 0.19345 0.62875 0.01942 0.020753
0 0.55269 0.547048 0.03866 0.0689759
0 0.02273 0.720949 0.04102 0.0268976
0 0.27527 0.603208 0.03406 0.0182229
0 0.05908 0.71988 0.03732 0.0463855
0 0.56811 0.548268 0.0539 0.0544277
0 0.25925 0.569413 0.00902 0.0382229
0 0.11796 0.759383 0.02056 0.0632831
0 0.03207 0.694232 0.02706 0.0170181
0 0.14758 0.646099 0.01208 0.0279217
0 0.14667 0.774925 0.03286 0.0431024
0 0.12084 0.66512 0.03932 0.02
0 0.21183 0.660813 0.02914 0.0209036
0 0.11117 0.72009 0.00582 0.00909639
0 0.04807 0.747681 0.04674 0.0254217
0 0.23913 0.647575 0.01346 0.0325602
0 0.15424 0.598509 0.02484 0.0344277
0 0.13204 0.766852 0.01924 0.040753
0 0.05235 0.730377 0.04426 0.0356325
0 0.10335 0.612455 0.0387 0.0176205
0 0.28806 0.593449 0.01268 0.0137651
0 0.14293 0.689744 0.01362 0.0231024
0 0.20282 0.675301 0.01312 0.01
0 0.24859 0.663539 0.01478 0.0156928
0 0.04595 0.685798 0.01618 0.0233434
0 0.23945 0.606416 0.01854 0.0246386
0 0.59186 0.575377 0.03184 0.00870482
0 0.28545 0.627696 0.0235 0.0353916
0 0.20819 0.594111 0.01054 0.0208133
0 0.30771 0.573087 0.01226 0.0353916
0 0.0851 0.780301 0.04708 0.0283133
0 0.11032 0.604473 0.03252 0.030512
0 0.02451 0.707364 0.03678 0.0182229
0 0.21142 0.620256 0.01792 0.0275602
0 0.23847 0.677741 0.0143 0.0236145
0 0.26766 0.58128 0.01652 0.0215361
0 0.29353 0.575437 0.01598 0.0364759
0 0.13452 0.593389 0.01188 0.0384036
0 0.08998 0.806401 0.02708 0.0143675
0 0.05167 0.76884 0.03814 0.0356325
0 0.18987 0.599172 0.01538 0.0181627
0 0.25 0.566672 0.01192 0.0456325
0 0.22735 0.645828 0.01218 0.0355723
0 0.23639 0.579111 0.02802 0.0273193
