0 0.74682 0.416367 0.0409844 0.0899299
0 0.698086 0.40986 0.0507031 0.0949065
0 0.602461 0.538563 0.189359 0.330678
0 0.42525 0.589696 0.0452813 0.186776
0 0.285711 0.625234 0.197953 0.18715
0 0.436656 0.463505 0.0885 0.445187
0 0.862187 0.558738 0.120406 0.14014
0 0.935141 0.589182 0.0990313 0.205421
0 0.669031 0.592804 0.266219 0.266682
0 0.524258 0.514486 0.102891 0.353505
0 0.207492 0.806192 0.292047 0.160327
0 0.976617 0.71139 0.0467656 0.221238
0 0.976477 0.352734 0.0470469 0.0875701
0 0.374609 0.473318 0.140313 0.424019
0 0.788039 0.428914 0.0570156 0.066285
0 0.706617 0.68021 0.299016 0.191729
0 0.221539 0.676016 0.272922 0.199416
0 0.280398 0.755479 0.123516 0.058014
0 0.845742 0.524089 0.111734 0.126168
0 0.936508 0.407687 0.0477344 0.114626
0 0.627375 0.795748 0.0786875 0.13271
0 0.885844 0.419463 0.0484687 0.122056
0 0.990547 0.567769 0.0169687 0.169556
0 0.827078 0.479124 0.0900938 0.0666589
0 0.472 0.588026 0.0261875 0.181986
0 0.67882 0.789871 0.278453 0.18021
0 0.840391 0.687547 0.104313 0.143178
0 0.590719 0.661682 0.111094 0.139299
0 0.977711 0.427266 0.0445781 0.0968224
0 0.912609 0.711343 0.0994063 0.174042
0 0.538906 0.609626 0.069125 0.151355
0 0.34243 0.572956 0.145734 0.241192
