1 0.823195 0.7077 0.109797 0.0701179
1 0.338844 0.680519 0.0875313 0.140236
1 0.274758 0.718078 0.101391 0.0826651
1 0.266617 0.662158 0.0955156 0.0658255
1 0.240359 0.760861 0.101063 0.107193
1 0.766563 0.656521 0.0853437 0.0914387
1 0.41882 0.701521 0.0705781 0.104269
1 0.185445 0.705425 0.0136719 0.0392925
1 0.449094 0.954717 0.130906 0.090566
1 0.260555 0.958526 0.119703 0.0829481
1 0.13093 0.953396 0.0172344 0.0932075
1 0.65875 0.961604 0.136875 0.0749057
1 0.846344 0.745295 0.116469 0.0798821
1 0.796977 0.667158 0.0984219 0.0771934
1 0.863125 0.973939 0.124031 0.0521226
