2 0.0417266 0.400948 0.0122344 0.0150208
2 0.0418516 0.414885 0.00964062 0.0131458
2 0.0322109 0.411073 0.00845313 0.00872917
2 0.0830078 0.443323 0.0102344 0.0070625
2 0.0747344 0.43426 0.008125 0.0118958
2 0.0507656 0.406844 0.01 0.0130625
2 0.0636094 0.437729 0.00578125 0.004875
2 0.0202734 0.386281 0.0122969 0.0136042
2 0.0178594 0.404063 0.0114062 0.01025
2 0.0114453 0.381677 0.00889063 0.0096875
2 0.0496953 0.421927 0.00845313 0.00897917
2 0.0942656 0.643333 0.0309687 0.0333333
2 0.0945547 0.445406 0.00676562 0.00902083
2 0.103227 0.44474 0.0111406 0.0102708
2 0.0580391 0.430031 0.0131406 0.0138125
2 0.00921875 0.38974 0.00865625 0.00872917
2 0.0614063 0.417729 0.007875 0.00845833
2 0.0195469 0.396292 0.00953125 0.0100417
2 0.00157813 0.37551 0.00315625 0.00947917
