1 0.307876 0.47236 0.0494195 0.03408
1 0.372296 0.53909 0.0488127 0.02522
1 0.361425 0.56158 0.0444327 0.03448
1 0.330712 0.50669 0.0474406 0.01878
1 0.348562 0.44458 0.0434037 0.02848
1 0.377916 0.47052 0.0711873 0.04568
1 0.372467 0.50285 0.045409 0.02514
1 0.31715 0.54157 0.0527177 0.0277
1 0.35091 0.40877 0.0188127 0.0177
1 0.303945 0.4439 0.0622427 0.03068
1 0.387929 0.44282 0.0397625 0.01856
1 0.299591 0.56974 0.0339578 0.02984
1 0.322744 0.40792 0.0389446 0.01828
1 0.371372 0.40834 0.0245383 0.01932
1 0.271293 0.54268 0.0461214 0.0292
1 0.267612 0.5061 0.0409235 0.0196
