2 0.120425 0.488554 0.0769935 0.0990359
2 0.28848 0.624567 0.0682026 0.081781
2 0.170425 0.651471 0.0738562 0.0794118
2 0.283824 0.542688 0.0812745 0.0858987
2 0.113554 0.57348 0.0851144 0.0725163
2 0.196242 0.504338 0.0895098 0.0890686
2 0.152157 0.408333 0.0861438 0.0582026
2 0.291708 0.384739 0.0846895 0.0673529
2 0.104657 0.641765 0.0810131 0.0760784
2 0.361716 0.507255 0.0681373 0.0724183
2 0.368807 0.586953 0.0867647 0.0814216
2 0.282941 0.460498 0.0605556 0.0722712
2 0.355057 0.436601 0.0809314 0.0672876
2 0.192394 0.584828 0.086781 0.0593627
2 0.349248 0.664224 0.0843464 0.0734477
2 0.294657 0.722819 0.0738562 0.0810294
