0 0.270867 0.655464 0.269109 0.145261
0 0.541953 0.293648 0.131531 0.0612704
0 0.100086 0.700244 0.116453 0.0932573
0 0.552781 0.33636 0.064375 0.076987
0 0.813578 0.19873 0.112437 0.072443
0 0.624617 0.763762 0.259953 0.185798
0 0.685555 0.179731 0.0662656 0.0875733
0 0.640508 0.128119 0.0812344 0.102296
0 0.517312 0.189691 0.0925625 0.0679153
0 0.720555 0.116832 0.0707344 0.116792
0 0.273117 0.819471 0.278078 0.216564
0 0.563242 0.778485 0.332203 0.200977
0 0.179602 0.597777 0.227391 0.119072
0 0.329859 0.551783 0.102656 0.107899
0 0.556352 0.233754 0.133359 0.0730782
0 0.754789 0.189495 0.0822344 0.083127
0 0.235219 0.548844 0.161 0.07
0 0.797367 0.117549 0.128266 0.0869218
0 0.849305 0.163762 0.118828 0.0661564
0 0.612609 0.199096 0.102906 0.0812866
0 0.585875 0.146181 0.106187 0.0643811
0 0.427875 0.629739 0.0983125 0.127427
0 0.178375 0.783591 0.296906 0.156922
