2 0.860227 0.26359 0.0403467 0.03026
2 0.897067 0.39847 0.135733 0.08922
2 0.370733 0.37235 0.131013 0.04026
2 0.719853 0.2448 0.0262667 0.0106
2 0.687933 0.2441 0.0405067 0.01332
2 0.973853 0.26561 0.0383733 0.02118
2 0.844 0.42259 0.120907 0.09026
2 0.659627 0.23615 0.0293867 0.02154
2 0.0229867 0.24762 0.0459733 0.09512
2 0.89996 0.45965 0.0475467 0.0331
2 0.656933 0.24479 0.02256 0.01206
2 0.74132 0.40714 0.14136 0.08136
2 0.428253 0.37377 0.10344 0.04802
2 0.835133 0.27395 0.0469067 0.0159
2 0.763387 0.22628 0.0293867 0.01512
2 0.730173 0.23895 0.04792 0.01838
2 0.50968 0.38156 0.09984 0.04872
2 0.70632 0.22893 0.02768 0.01666
2 0.975213 0.27824 0.03688 0.01396
2 0.0201733 0.31333 0.0403467 0.04698
2 0.992987 0.27477 0.0140267 0.00894
2 0.449067 0.34618 0.122667 0.046
2 0.734667 0.22666 0.02496 0.01436
2 0.62088 0.38612 0.110293 0.08148
2 0.631867 0.34551 0.15392 0.0725
2 0.876413 0.2418 0.0321867 0.01984
2 0.759133 0.26148 0.02424 0.01224
2 0.898747 0.26045 0.0382933 0.01718
2 0.77296 0.25602 0.0341867 0.02488
2 0.8198 0.25512 0.0420533 0.02564
2 0.82108 0.23957 0.02632 0.0101
2 0.929867 0.26795 0.02928 0.01178
2 0.576787 0.37175 0.0844533 0.06974
2 0.800827 0.24359 0.0280533 0.01694
