2 0.643617 0.313501 0.0613906 0.0434426
2 0.77832 0.291628 0.120766 0.074356
2 0.331039 0.115211 0.0702656 0.0516393
2 0.173219 0.265621 0.089375 0.12103
2 0.229844 0.109801 0.0700937 0.0980562
2 0.318352 0.23856 0.125484 0.0689227
2 0.449813 0.224543 0.108375 0.0466979
2 0.601562 0.424672 0.0773125 0.092904
2 0.584508 0.178431 0.0485781 0.0386417
2 0.42793 0.610691 0.0982344 0.0818033
2 0.139656 0.726112 0.112156 0.103934
2 0.0370234 0.679415 0.0740469 0.120468
2 0.839109 0.468899 0.0926562 0.0995316
2 0.703172 0.358185 0.0656875 0.0686885
2 0.497523 0.360902 0.0283281 0.0186651
