0 0.573454 0.607969 0.0637705 0.182969
0 0.428735 0.481836 0.0893677 0.186828
0 0.565363 0.191758 0.0793443 0.146984
0 0.452939 0.43868 0.0662061 0.210578
0 0.600972 0.128836 0.065082 0.124859
0 0.733841 0.494492 0.10356 0.100578
0 0.381475 0.768203 0.199906 0.105531
0 0.257681 0.637148 0.143232 0.104953
0 0.125667 0.424352 0.0392506 0.0608281
0 0.236909 0.196758 0.166511 0.164516
0 0.263876 0.441617 0.0749649 0.121203
0 0.782799 0.385781 0.11993 0.052125
0 0.110059 0.301648 0.0858314 0.0844219
0 0.616124 0.834492 0.0950585 0.101109
0 0.393724 0.822477 0.205386 0.0636406
0 0.466874 0.0768906 0.0638173 0.0866563
0 0.590972 0.282641 0.117728 0.1525
0 0.71356 0.613555 0.0848244 0.111109
0 0.141745 0.120875 0.07 0.127969
0 0.164333 0.468562 0.0604215 0.0851875
0 0.135199 0.483219 0.0327869 0.0437188
0 0.652541 0.286031 0.0614754 0.135813
0 0.539075 0.84825 0.0697658 0.0889375
0 0.520785 0.317242 0.144473 0.157984
0 0.382951 0.184117 0.106323 0.155453
0 0.654684 0.483078 0.118595 0.142937
0 0.357951 0.491148 0.142037 0.170391
0 0.393864 0.257453 0.1674 0.161312
0 0.746721 0.501719 0.0812178 0.06825
0 0.199941 0.247844 0.178009 0.149656
0 0.260176 0.196078 0.108314 0.147187
0 0.716616 0.556477 0.199368 0.103766
0 0.659333 0.355094 0.1574 0.14425
0 0.360304 0.433102 0.0697892 0.158109
0 0.791253 0.410062 0.143583 0.072875
0 0.220621 0.336211 0.227424 0.0881719
0 0.264016 0.768281 0.156276 0.102125
0 0.184508 0.617398 0.0778689 0.0702969
0 0.779098 0.623 0.103443 0.0778438
0 0.66411 0.686547 0.153326 0.137875
0 0.746347 0.790289 0.207728 0.0841406
0 0.638068 0.626055 0.138478 0.152109
0 0.606581 0.785594 0.109368 0.104656
0 0.508033 0.219625 0.0958782 0.172219
0 0.204578 0.531742 0.115902 0.104078
0 0.39541 0.60243 0.101124 0.128328
0 0.269813 0.526141 0.162014 0.128094
0 0.242986 0.696383 0.12452 0.0904531
0 0.250293 0.593789 0.0969789 0.0774844
0 0.244602 0.469617 0.15548 0.141328
0 0.314649 0.155469 0.0714988 0.0882813
0 0.326639 0.829461 0.179649 0.0872344
0 0.535035 0.122719 0.06 0.0830313
0 0.15863 0.422141 0.0476112 0.0566562
0 0.221639 0.37068 0.215738 0.0740781
0 0.501335 0.478062 0.0622482 0.168875
0 0.159028 0.540078 0.0744028 0.0694375
0 0.442459 0.835875 0.151382 0.122812
0 0.135059 0.16093 0.113396 0.0930781
0 0.612564 0.681219 0.13726 0.144906
0 0.633244 0.434563 0.0837237 0.153906
0 0.170211 0.535172 0.0669321 0.0838437
0 0.501745 0.136398 0.0587119 0.0463906
0 0.779415 0.673344 0.0866042 0.0934062
0 0.337693 0.227797 0.121054 0.185781
0 0.475363 0.823539 0.0837471 0.0502656
0 0.386335 0.697578 0.143724 0.130125
0 0.275176 0.0912266 0.07274 0.156266
0 0.200937 0.266937 0.202482 0.130812
0 0.72678 0.73582 0.189391 0.109578
0 0.444766 0.173383 0.0712178 0.221453
0 0.575316 0.4805 0.0890867 0.163125
0 0.721874 0.67818 0.111241 0.136266
0 0.134719 0.366742 0.0854567 0.0687656
0 0.702201 0.281352 0.0687119 0.100703
0 0.49808 0.617758 0.0697424 0.217266
0 0.765749 0.5825 0.0615691 0.082125
0 0.642588 0.54632 0.0943091 0.139078
0 0.602588 0.33925 0.128548 0.148938
0 0.532201 0.433945 0.064356 0.174016
0 0.714672 0.362844 0.101569 0.114719
0 0.629379 0.858602 0.130984 0.0424531
0 0.197096 0.598719 0.0596721 0.05375
0 0.111288 0.247719 0.13185 0.126
0 0.30226 0.690672 0.114684 0.1065
0 0.348255 0.304055 0.200867 0.129891
0 0.342237 0.628984 0.120773 0.127156
0 0.298279 0.764305 0.157822 0.0895469
0 0.203466 0.662148 0.089274 0.0681406
0 0.537646 0.673523 0.0785246 0.158047
0 0.246967 0.109453 0.0831148 0.133375
0 0.3087 0.83407 0.150703 0.0812656
0 0.409801 0.894859 0.121429 0.03775
