0 0.391813 0.815646 0.0801875 0.11025
0 0.545297 0.913823 0.0775937 0.170604
0 0.309023 0.797823 0.0444219 0.0587292
0 0.438641 0.871073 0.0887813 0.157021
0 0.128633 0.882062 0.130359 0.174792
0 0.450133 0.835125 0.0978906 0.127167
0 0.551547 0.992677 0.0372813 0.0146458
0 0.143469 0.868552 0.106875 0.143354
0 0.278367 0.887427 0.152547 0.106896
0 0.401867 0.862177 0.0349531 0.131021
0 0.371148 0.793656 0.0173281 0.0344792
0 0.287625 0.857563 0.1675 0.0730833
0 0.612078 0.909958 0.0390313 0.164125
0 0.376109 0.867552 0.0382813 0.137521
0 0.370258 0.967521 0.110078 0.05975
0 0.263445 0.958073 0.0544219 0.0838542
0 0.373766 0.959708 0.117687 0.0740833
0 0.334383 0.770521 0.0305781 0.0833333
0 0.587187 0.920042 0.036125 0.159917
0 0.133047 0.845615 0.0711563 0.0976458
0 0.283156 0.82975 0.153469 0.0482083
0 0.562664 0.910562 0.0735781 0.168667
0 0.0890781 0.88275 0.0987187 0.176417
0 0.346883 0.786146 0.0152344 0.04225
0 0.185969 0.863437 0.0107188 0.047625
0 0.282547 0.960615 0.0375 0.0787708
0 0.254305 0.909521 0.141766 0.147625
