0 0.332914 0.706687 0.00970312 0.00908333
0 0.198445 0.703865 0.0110469 0.0194375
0 0.577242 0.502594 0.0165469 0.0098125
0 0.406891 0.371198 0.0161563 0.0074375
0 0.753273 0.615354 0.0129219 0.0112083
0 0.381844 0.721813 0.0269688 0.022375
0 0.455734 0.583167 0.0185937 0.0254583
0 0.493281 0.535823 0.007125 0.0079375
0 0.558914 0.545771 0.0244219 0.0295
0 0.374984 0.383198 0.010625 0.0136458
0 0.333109 0.541052 0.0116875 0.0131458
0 0.570945 0.474625 0.0228906 0.0333333
0 0.179539 0.596625 0.00567187 0.0113333
0 0.443852 0.615292 0.0269844 0.0127083
0 0.794031 0.563198 0.0151875 0.0192292
0 0.333922 0.586625 0.0162188 0.0180833
0 0.443492 0.625771 0.0230781 0.0161667
0 0.338461 0.37775 0.0286406 0.0117917
0 0.550461 0.640979 0.0227031 0.0336667
0 0.380047 0.636281 0.0106875 0.0185625
0 0.41618 0.59425 0.0218281 0.03175
0 0.300172 0.600375 0.00925 0.0110833
0 0.51618 0.297344 0.00289062 0.0134792
0 0.575664 0.517302 0.0292344 0.0207708
0 0.371203 0.396063 0.0156563 0.0118333
0 0.63518 0.600417 0.0192656 0.01425
0 0.730547 0.57651 0.0099375 0.0127292
0 0.387852 0.53524 0.0121094 0.0212708
0 0.230555 0.607479 0.0126719 0.0239583
0 0.872687 0.558417 0.0073125 0.0117917
0 0.277438 0.688969 0.0151875 0.0158958
0 0.337195 0.731281 0.0117344 0.0302708
0 0.854891 0.555562 0.0174687 0.0272083
0 0.831836 0.590104 0.00826563 0.02025
0 0.297281 0.712479 0.0188437 0.0166667
0 0.283312 0.57926 0.0117188 0.0322708
0 0.347875 0.70575 0.020375 0.00808333
0 0.507445 0.327437 0.0117344 0.015375
0 0.254641 0.619219 0.02425 0.0131458
0 0.726578 0.557979 0.012875 0.015375
0 0.411102 0.344615 0.0175781 0.0184792
0 0.242703 0.668 0.015 0.0115417
0 0.29543 0.737927 0.0116406 0.0151458
0 0.357219 0.380885 0.00575 0.00897917
0 0.254781 0.631896 0.0261562 0.0205
0 0.204867 0.568438 0.0161094 0.015625
0 0.585641 0.448135 0.01675 0.0208125
0 0.297344 0.407563 0.0107813 0.0115417
0 0.41057 0.597573 0.0192344 0.0258958
0 0.193922 0.729708 0.0106875 0.0285
0 0.350641 0.389896 0.019625 0.0105
0 0.667406 0.535302 0.0165313 0.0254792
0 0.498937 0.593208 0.0273125 0.0130833
0 0.198945 0.626406 0.00692187 0.0071875
0 0.515789 0.320333 0.00964062 0.0342083
0 0.642336 0.607688 0.0197031 0.007375
0 0.478953 0.725927 0.0160625 0.0116458
0 0.333781 0.622094 0.0186562 0.0310625
0 0.49982 0.574333 0.0319219 0.019625
0 0.256398 0.523375 0.00954687 0.0161667
0 0.319469 0.408083 0.0114375 0.0235833
0 0.487391 0.317437 0.0142187 0.0205
0 0.266477 0.574396 0.00839063 0.0263333
0 0.473445 0.681406 0.0128906 0.0258958
0 0.273117 0.673844 0.0100781 0.0236875
0 0.632203 0.592823 0.01 0.0102708
0 0.270414 0.693479 0.0135469 0.0279167
0 0.257008 0.537438 0.0169219 0.014375
0 0.495469 0.647823 0.0161563 0.0320625
0 0.241555 0.677667 0.0182969 0.018125
0 0.488758 0.301875 0.0117656 0.0305417
0 0.803945 0.534354 0.0240469 0.0364167
0 0.553711 0.610437 0.0360781 0.0182917
0 0.406984 0.382937 0.0149375 0.0117083
0 0.175852 0.567688 0.0122969 0.0169167
0 0.369039 0.593458 0.0207344 0.0106667
0 0.563258 0.627052 0.0452031 0.0258958
0 0.315758 0.718208 0.0221094 0.0169167
0 0.199313 0.662052 0.0123125 0.0128125
0 0.278984 0.625385 0.0112812 0.0307292
0 0.168586 0.452104 0.0101719 0.00808333
0 0.539656 0.708708 0.0173125 0.04
0 0.567695 0.535052 0.0273906 0.0193125
0 0.305742 0.653333 0.0115469 0.00925
0 0.500844 0.300812 0.0129062 0.0385417
0 0.178164 0.461281 0.00654688 0.0112708
0 0.379305 0.693958 0.0205781 0.0171667
0 0.182773 0.628583 0.00845313 0.0182083
0 0.661844 0.478594 0.0177813 0.0254375
0 0.233836 0.690771 0.0167344 0.0179583
0 0.41243 0.632823 0.0258594 0.0134375
0 0.418977 0.369042 0.0144844 0.00845833
0 0.16407 0.59876 0.00654688 0.0288958
0 0.16957 0.560438 0.0105469 0.02225
0 0.233531 0.680458 0.0153437 0.0144583
0 0.556859 0.585646 0.0184687 0.0166667
0 0.291664 0.624875 0.00948437 0.03975
0 0.827867 0.5195 0.0197031 0.0119167
0 0.522016 0.636167 0.0147813 0.03175
0 0.404125 0.715604 0.00734375 0.00908333
0 0.182391 0.554479 0.010375 0.0166667
0 0.723656 0.669104 0.009625 0.0120417
0 0.738359 0.534802 0.0275 0.0274375
0 0.720891 0.638625 0.0079375 0.0125833
0 0.501109 0.682052 0.01625 0.0205208
0 0.675469 0.696156 0.0048125 0.0071875
0 0.552906 0.689219 0.0195938 0.0165208
0 0.411828 0.502229 0.0173125 0.015125
0 0.248461 0.590563 0.0128906 0.0322917
0 0.570656 0.67974 0.0176875 0.00922917
0 0.380945 0.668135 0.0257656 0.0156458
0 0.484586 0.678719 0.00901562 0.0334375
0 0.656234 0.56626 0.0301563 0.0298958
0 0.335992 0.618313 0.0175156 0.0230833
0 0.793484 0.643208 0.00878125 0.0106667
0 0.496445 0.319292 0.0149219 0.0295
0 0.853055 0.540396 0.0118594 0.0242917
0 0.448703 0.358 0.00634375 0.014875
0 0.398734 0.68551 0.0138437 0.0294792
0 0.309469 0.586885 0.0263437 0.0143542
0 0.314703 0.628198 0.0113437 0.0323125
0 0.2235 0.74524 0.009125 0.0291042
0 0.671914 0.523917 0.0257656 0.0179583
0 0.780273 0.515385 0.0161406 0.0188958
0 0.254594 0.588208 0.0113437 0.0266667
0 0.655891 0.63026 0.0256563 0.0383125
0 0.247633 0.709823 0.00673437 0.0101458
0 0.581047 0.678208 0.0101875 0.01025
0 0.478336 0.59674 0.0106719 0.0243542
0 0.383734 0.734229 0.0309687 0.0305
0 0.435578 0.589594 0.00884375 0.0168542
0 0.80182 0.528573 0.0214219 0.0285625
0 0.647789 0.58426 0.0336094 0.0248958
0 0.633609 0.660917 0.017 0.0144167
0 0.434523 0.691104 0.0128594 0.0156667
0 0.43857 0.632052 0.0157031 0.00872917
0 0.360656 0.729156 0.0109375 0.0226042
0 0.277195 0.415135 0.00539063 0.0107708
0 0.312141 0.388 0.0116875 0.0155833
0 0.582562 0.526885 0.0267812 0.0161458
0 0.322773 0.673979 0.0261406 0.0264167
0 0.781344 0.55801 0.0179063 0.0225625
0 0.814602 0.578583 0.0171094 0.0233333
0 0.810555 0.536396 0.0225781 0.0366667
0 0.157109 0.497542 0.00821875 0.0207917
0 0.42925 0.532583 0.009125 0.027125
0 0.476242 0.572187 0.0132344 0.0300417
0 0.486891 0.700292 0.00859375 0.0199583
0 0.530195 0.543896 0.0171094 0.0128333
0 0.542359 0.692323 0.0221562 0.0182292
0 0.384359 0.650125 0.0190312 0.015125
0 0.370812 0.634583 0.0136562 0.0264167
0 0.239891 0.58974 0.00921875 0.0328125
0 0.440219 0.339177 0.00859375 0.0132292
0 0.21225 0.532365 0.0198438 0.0291042
0 0.828359 0.680312 0.00865625 0.0133333
0 0.7225 0.691719 0.0169375 0.0207708
0 0.403922 0.547135 0.0124063 0.0362292
0 0.831734 0.562906 0.0098125 0.0214375
0 0.405258 0.651062 0.0168281 0.0115
0 0.30132 0.38726 0.0121094 0.0155625
0 0.323062 0.396281 0.012875 0.0176875
0 0.696039 0.591406 0.0219219 0.0171875
0 0.367313 0.616458 0.0136562 0.0205
0 0.375773 0.586979 0.0167344 0.00666667
0 0.396477 0.552094 0.00664062 0.0361458
0 0.278836 0.406406 0.00826563 0.0128125
0 0.183398 0.583719 0.00904687 0.0274375
0 0.200945 0.600135 0.00673437 0.0141042
0 0.312531 0.536604 0.029 0.013375
0 0.217586 0.734229 0.0142344 0.0238333
0 0.6535 0.641542 0.0186562 0.0266667
0 0.392258 0.388771 0.00960937 0.00820833
0 0.712016 0.649896 0.0101875 0.014625
0 0.3925 0.50526 0.0180625 0.0155625
0 0.657773 0.66051 0.00960937 0.00922917
0 0.557148 0.636802 0.0336406 0.0376875
0 0.522695 0.328635 0.00904687 0.0207708
0 0.611875 0.562219 0.0146875 0.0131458
0 0.462273 0.534854 0.0217344 0.0117917
0 0.534742 0.646146 0.0128906 0.0415417
0 0.173609 0.471 0.008125 0.0102083
0 0.407148 0.672052 0.0238594 0.0184792
0 0.407578 0.602917 0.0197188 0.026375
0 0.351914 0.404312 0.0146406 0.01325
0 0.796406 0.599104 0.015125 0.014875
0 0.579266 0.575823 0.0261875 0.0304792
0 0.440367 0.354365 0.0107656 0.0197292
0 0.463609 0.731865 0.0192187 0.0366042
0 0.217281 0.584271 0.0142813 0.0264167
0 0.562328 0.51974 0.025 0.0256458
0 0.498398 0.605771 0.0192344 0.0228333
0 0.247969 0.560385 0.0161563 0.0130625
0 0.844406 0.526146 0.0098125 0.0133333
0 0.681187 0.48974 0.0130625 0.0323125
0 0.301445 0.566646 0.0130781 0.0264167
0 0.815273 0.622948 0.0124219 0.0298542
0 0.444805 0.718458 0.00585938 0.00658333
0 0.305609 0.608083 0.0098125 0.015125
0 0.636711 0.69424 0.0105781 0.0074375
0 0.739984 0.529229 0.0294375 0.0169167
0 0.436328 0.652948 0.0190312 0.0284792
0 0.162289 0.508479 0.00895313 0.00770833
0 0.575383 0.622104 0.0219219 0.0117917
0 0.791875 0.679031 0.009625 0.0138542
0 0.264617 0.733625 0.0113281 0.0154167
0 0.533445 0.711667 0.0146094 0.0361667
0 0.553055 0.486031 0.0105781 0.0176875
0 0.267586 0.603208 0.0180781 0.0120417
0 0.504703 0.660365 0.0215625 0.0142292
0 0.343266 0.409177 0.0195938 0.0269792
0 0.299383 0.426708 0.00907812 0.0140417
0 0.616031 0.473469 0.0169375 0.0190625
0 0.580461 0.560052 0.0297656 0.0343958
0 0.522758 0.664615 0.00676562 0.0229792
0 0.271234 0.41 0.00846875 0.014375
0 0.329695 0.62949 0.0192344 0.0312708
0 0.171523 0.54475 0.00923437 0.02025
0 0.639992 0.626917 0.0144219 0.0117917
0 0.71157 0.541417 0.0134531 0.0366667
0 0.454133 0.604156 0.0105781 0.0210208
0 0.581078 0.538406 0.0255937 0.0203958
0 0.851289 0.571531 0.0126406 0.0159792
0 0.821039 0.532052 0.00942187 0.0292292
0 0.830836 0.548198 0.00857813 0.0122708
0 0.23443 0.664625 0.00745312 0.008125
0 0.212328 0.541823 0.0169063 0.0206875
0 0.600234 0.625323 0.0288438 0.0161458
0 0.278828 0.531469 0.0151875 0.0147708
0 0.176437 0.446073 0.0101875 0.0110208
0 0.336523 0.55975 0.0119219 0.034875
0 0.508336 0.56174 0.0173594 0.0148958
0 0.644961 0.70026 0.0158906 0.0154792
0 0.802297 0.52051 0.0175 0.0153958
0 0.843273 0.55624 0.0233906 0.0172292
0 0.555359 0.60226 0.0338437 0.0221875
0 0.313555 0.709542 0.0196094 0.0179583
0 0.711062 0.695781 0.00478125 0.0100625
0 0.611289 0.556896 0.0105781 0.01
0 0.444648 0.592177 0.00960937 0.0125625
0 0.35657 0.596969 0.00667187 0.00889583
0 0.710078 0.600187 0.0095625 0.0248333
0 0.265195 0.704333 0.00710937 0.016625
0 0.415539 0.547865 0.0177656 0.0189375
0 0.443469 0.694802 0.0125 0.0125625
0 0.831766 0.507135 0.0133125 0.0111875
0 0.418273 0.565979 0.0215469 0.0161667
0 0.246234 0.56924 0.0142187 0.0158958
0 0.727992 0.64626 0.0110469 0.0186042
0 0.427719 0.365792 0.0202188 0.0172083
0 0.202867 0.668198 0.0159531 0.0174375
0 0.20143 0.577313 0.0122969 0.0233333
0 0.649859 0.477521 0.0221562 0.01125
0 0.395273 0.377437 0.00729687 0.00616667
0 0.61318 0.537083 0.0172344 0.01175
0 0.237188 0.599 0.0121875 0.0269167
0 0.488992 0.621948 0.0137656 0.0281042
0 0.379195 0.547687 0.00470312 0.0218333
0 0.394602 0.365 0.00845313 0.00641667
0 0.647398 0.677708 0.0239531 0.01075
0 0.310836 0.557396 0.0219219 0.014625
0 0.656695 0.501781 0.0262656 0.0248958
0 0.424687 0.351687 0.0095 0.00745833
0 0.280914 0.701844 0.00979688 0.0107708
0 0.87043 0.587615 0.00807813 0.0253958
0 0.65382 0.54625 0.0283281 0.0125833
0 0.620078 0.493302 0.0107813 0.0243542
0 0.21568 0.626583 0.0173594 0.0198333
0 0.809875 0.609885 0.0188437 0.0201875
0 0.561531 0.650927 0.0169375 0.0231458
0 0.346133 0.528094 0.0183906 0.0105208
0 0.434617 0.354031 0.0140469 0.0161458
0 0.466922 0.707365 0.0232812 0.0105208
0 0.846156 0.633771 0.00903125 0.0171667
0 0.644336 0.666479 0.0197969 0.0115417
0 0.207945 0.719781 0.0122969 0.0144375
0 0.181992 0.530781 0.00717187 0.0243542
0 0.567414 0.68526 0.0197031 0.0170625
0 0.303367 0.525281 0.0132656 0.0156875
0 0.44693 0.554781 0.0101719 0.0326875
0 0.666109 0.481563 0.0175 0.030375
0 0.497359 0.55225 0.0174687 0.0299583
0 0.365375 0.521031 0.0138437 0.0123125
0 0.451047 0.343583 0.0073125 0.0169167
0 0.563445 0.66975 0.0227031 0.00820833
0 0.420852 0.670385 0.00770312 0.0212708
0 0.406789 0.740219 0.0146094 0.0432292
0 0.805406 0.59551 0.00678125 0.0257292
0 0.206555 0.68374 0.0146094 0.0113958
0 0.731281 0.67425 0.00571875 0.0136667
0 0.280094 0.651802 0.0240625 0.0247292
0 0.485672 0.552677 0.0070625 0.0255208
0 0.293734 0.539354 0.00921875 0.0130833
0 0.401117 0.589313 0.0144219 0.0289583
0 0.577609 0.59776 0.0199063 0.0116458
0 0.784898 0.671719 0.0107656 0.0136042
0 0.219789 0.637177 0.0178906 0.0128125
0 0.241594 0.613115 0.0140625 0.00810417
0 0.864523 0.558312 0.00854687 0.01425
0 0.629687 0.52774 0.0305 0.0188542
0 0.168703 0.539333 0.00828125 0.02975
0 0.170758 0.481667 0.0119219 0.0130833
0 0.829688 0.607875 0.0101875 0.0115417
0 0.8065 0.686865 0.005375 0.00927083
0 0.355563 0.676281 0.0140313 0.0243542
0 0.381492 0.706115 0.0225469 0.0113125
0 0.264453 0.517948 0.015 0.0384792
0 0.177836 0.453479 0.00779687 0.00929167
0 0.734695 0.61949 0.0107656 0.0128125
0 0.566586 0.497948 0.0131406 0.0205208
0 0.589586 0.640375 0.00992188 0.01225
0 0.795563 0.667885 0.0106563 0.0122292
0 0.853844 0.587573 0.010875 0.0147708
0 0.490414 0.29175 0.00482812 0.017
0 0.414117 0.362563 0.0180781 0.01025
0 0.372391 0.558198 0.0075 0.0241042
0 0.269094 0.523865 0.0060625 0.0200208
