0 0.186321 0.53206 0.177868 0.09344
0 0.0733483 0.359 0.0753453 0.09176
0 0.307057 0.39143 0.0526126 0.01814
0 0.0212162 0.39775 0.0424324 0.03934
0 0.189354 0.35394 0.103994 0.05396
0 0.0198799 0.34347 0.0397598 0.0593
0 0.141381 0.41238 0.0618018 0.01844
0 0.110736 0.52251 0.146156 0.12586
0 0.193393 0.513 0.183303 0.07808
0 0.157192 0.35205 0.0537237 0.0345
0 0.0204655 0.49357 0.0409309 0.04234
0 0.0970871 0.54616 0.172012 0.11612
0 0.105015 0.2988 0.0500901 0.0644
0 0.163784 0.48695 0.116336 0.05906
0 0.206441 0.34173 0.148498 0.09814
0 0.208018 0.42623 0.0501502 0.02798
0 0.311862 0.3763 0.0427628 0.01724
0 0.0157357 0.36435 0.0314715 0.04186
0 0.0496997 0.29987 0.0993994 0.04286
0 0.0412012 0.46249 0.0824024 0.04986
0 0.216186 0.33181 0.184264 0.11578
0 0.205961 0.37158 0.163874 0.06376
0 0.19515 0.47515 0.171381 0.09318
0 0.0275225 0.31725 0.0484384 0.02838
0 0.185495 0.42026 0.0774174 0.03228
0 0.203483 0.56878 0.0987988 0.04836
0 0.272628 0.32984 0.0844745 0.06476
0 0.118063 0.42126 0.0861562 0.03656
0 0.198754 0.39942 0.0392492 0.02272
0 0.0175375 0.54464 0.0350751 0.03096
0 0.0305105 0.56856 0.061021 0.0454
0 0.109234 0.37735 0.0603904 0.05414
0 0.0341892 0.41199 0.0623724 0.03226
0 0.0404805 0.43521 0.080961 0.02398
