0 0.661232 0.715328 0.0184969 0.0264062
0 0.636117 0.715812 0.0294781 0.0330937
0 0.720344 0.49968 0.0233194 0.0420781
0 0.592871 0.690594 0.0109603 0.0133437
0 0.491294 0.509719 0.00734864 0.0095
0 0.545856 0.584562 0.029833 0.0215625
0 0.554154 0.571219 0.0291441 0.0369375
0 0.49071 0.558133 0.0243424 0.0215469
0 0.696044 0.676297 0.0380585 0.0135937
0 0.720605 0.502836 0.0486013 0.0623594
0 0.713831 0.529141 0.061357 0.0344687
0 0.0680376 0.362602 0.00960334 0.0200156
0 0.56523 0.574711 0.0175574 0.0317344
0 0.955741 0.68207 0.0870981 0.156016
0 0.727307 0.575047 0.0318998 0.0691563
0 0.0728288 0.33857 0.00728601 0.0231406
0 0.744843 0.561992 0.0121086 0.0190781
0 0.584906 0.507258 0.0167432 0.0304844
0 0.53786 0.629852 0.0198956 0.0151406
0 0.609238 0.651836 0.0292067 0.0187344
0 0.0435804 0.329937 0.010167 0.0211562
0 0.584322 0.575125 0.0202088 0.0389688
0 0.499969 0.551461 0.0229854 0.0225781
0 0.713956 0.602906 0.0860752 0.0654375
0 0.976806 0.940828 0.0445094 0.087625
0 0.474791 0.48943 0.0188518 0.0192344
0 0.622912 0.825125 0.0644885 0.0282187
0 0.613507 0.721383 0.0305219 0.0210469
0 0.938194 0.89157 0.123612 0.0939844
0 0.958518 0.975422 0.0829645 0.0491562
0 0.101357 0.366 0.0134447 0.0209063
0 0.0504175 0.36368 0.0102714 0.0189844
0 0.0485282 0.389852 0.0196451 0.0250469
0 0.654823 0.606281 0.0184551 0.061375
0 0.607568 0.557695 0.0176827 0.0489844
0 0.58023 0.780703 0.0336117 0.0166875
0 0.748257 0.541453 0.0408142 0.0277187
0 0.9469 0.738344 0.1062 0.106875
0 0.60239 0.589281 0.0143841 0.0076875
0 0.616315 0.63125 0.0479541 0.0362813
0 0.601106 0.677195 0.0331524 0.0211719
0 0.5269 0.549758 0.0137161 0.0202656
0 0.762975 0.660094 0.0486639 0.0359063
0 0.587693 0.55 0.0205637 0.0195
0 0.897589 0.84432 0.204823 0.115766
0 0.696639 0.612148 0.0644676 0.0695469
0 0.623904 0.737047 0.0267641 0.0200313
0 0.0961691 0.389422 0.0329228 0.0182187
0 0.785804 0.618547 0.0581211 0.0571562
0 0.546482 0.623648 0.0140501 0.0207969
0 0.622109 0.571023 0.0172025 0.0298281
0 0.0729854 0.296102 0.00751566 0.0173594
0 0.496628 0.569547 0.0239875 0.0095
0 0.66667 0.733266 0.0156367 0.0246875
0 0.0606367 0.329023 0.0127557 0.0283594
0 0.0893737 0.295102 0.0139875 0.0213906
0 0.670981 0.847969 0.0161169 0.024375
0 0.712933 0.693039 0.0468685 0.0217656
0 0.747088 0.519266 0.0332568 0.043375
0 0.478779 0.486031 0.0143424 0.0256875
0 0.0846764 0.362586 0.00951983 0.0150156
0 0.108841 0.303508 0.00995825 0.0228281
0 0.583184 0.524602 0.0239875 0.0122031
0 0.0550209 0.376117 0.00858038 0.0153906
0 0.0573069 0.281086 0.0109812 0.0277031
0 0.600438 0.571914 0.0253862 0.0346406
0 0.548048 0.552539 0.0212317 0.0355781
0 0.440115 0.499195 0.0111691 0.0101719
0 0.668225 0.525312 0.0448434 0.0761875
0 0.709666 0.583844 0.0202505 0.0215625
0 0.553111 0.508992 0.0112735 0.0169531
0 0.663977 0.631898 0.0201879 0.0406406
0 0.589478 0.632969 0.0273904 0.0254688
0 0.579854 0.703602 0.0211273 0.0173906
0 0.0713152 0.279203 0.00822547 0.01975
0 0.687724 0.802289 0.0226305 0.0248906
0 0.101472 0.343594 0.0146347 0.0166875
0 0.793779 0.635625 0.0270981 0.0569687
0 0.751054 0.502594 0.0171399 0.043875
0 0.754395 0.639781 0.0555532 0.0341562
0 0.479979 0.502094 0.0205428 0.0135
0 0.455689 0.494937 0.00695198 0.010125
0 0.562954 0.545828 0.0222756 0.035125
0 0.477182 0.51232 0.0211273 0.00692187
0 0.544384 0.642039 0.0126931 0.0174531
0 0.723612 0.65932 0.0384551 0.0297656
0 0.757098 0.583773 0.0407933 0.0703594
0 0.0421608 0.280492 0.0106263 0.0200156
0 0.0803653 0.377555 0.0102505 0.0223906
0 0.731148 0.712891 0.0415031 0.024375
0 0.686263 0.712898 0.0270981 0.0326719
0 0.0886326 0.342078 0.0122547 0.0195
0 0.632317 0.648555 0.0562422 0.0269531
0 0.642766 0.734625 0.0325887 0.024125
0 0.438591 0.512969 0.0147599 0.00871875
0 0.0492693 0.398984 0.0161169 0.0169375
0 0.4888 0.491375 0.00878914 0.021625
0 0.572599 0.599633 0.0282881 0.0162031
0 0.71428 0.742805 0.0445511 0.0351406
0 0.443904 0.484875 0.00480167 0.0095
