2 0.276883 0.964968 0.0671094 0.0667941
2 0.446898 0.721794 0.0494219 0.0384501
2 0.316734 0.774363 0.0648438 0.0620594
2 0.947578 0.577155 0.0483438 0.0174098
2 0.0790703 0.708652 0.0583906 0.05569
2 0.322328 0.608705 0.0468438 0.0480255
2 0.669391 0.318079 0.0502187 0.05
2 0.151398 0.567505 0.0517031 0.0472399
2 0.349734 0.700764 0.051625 0.0578769
2 0.838578 0.652028 0.0395625 0.0256688
2 0.257703 0.576476 0.049875 0.0493843
2 0.821234 0.203079 0.035875 0.0246285
2 0.822313 0.669926 0.034 0.0284713
2 0.210078 0.71948 0.0475625 0.046518
2 0.936828 0.526688 0.0356875 0.0215287
2 0.85057 0.692261 0.0650156 0.0250318
2 0.289687 0.662834 0.0564375 0.0514437
2 0.259352 0.538429 0.0343281 0.0276008
2 0.198766 0.515297 0.0369063 0.0238854
2 0.971922 0.600541 0.035 0.0480042
2 0.959547 0.688524 0.0283125 0.0274522
2 0.697945 0.189363 0.0328594 0.0248832
2 0.804211 0.169533 0.0189531 0.0107006
2 0.403195 0.854798 0.0477656 0.0592357
2 0.667133 0.339257 0.0501719 0.0591932
2 0.861086 0.22603 0.0181719 0.0157113
2 0.789734 0.577909 0.0205938 0.027707
2 0.145406 0.665 0.0516563 0.0325478
