2 0.372922 0.791646 0.110031 0.168875
2 0.331266 0.838635 0.0848437 0.215813
2 0.170758 0.328552 0.139359 0.124521
2 0.384172 0.657771 0.119844 0.116667
2 0.228492 0.666677 0.173078 0.185729
2 0.5485 0.818521 0.07975 0.100542
2 0.577961 0.691406 0.152172 0.113396
2 0.389898 0.270302 0.0736094 0.0936458
2 0.501508 0.579437 0.123672 0.0827917
2 0.510461 0.483417 0.152016 0.0792917
2 0.531336 0.701844 0.135922 0.132271
2 0.384031 0.460302 0.04625 0.0457292
2 0.596047 0.603469 0.05 0.0941042
2 0.312703 0.529135 0.152313 0.0799792
2 0.310773 0.286656 0.0443281 0.0532708
2 0.379039 0.545177 0.109797 0.0707708
2 0.701992 0.688635 0.0424219 0.111729
