0 0.169547 0.412104 0.0183437 0.0423333
0 0.423102 0.745302 0.157734 0.121896
0 0.260414 0.918333 0.102453 0.161917
0 0.588508 0.903031 0.212922 0.119313
0 0.221609 0.57025 0.0473125 0.0182083
0 0.124516 0.922094 0.055875 0.155813
0 0.322367 0.552302 0.0204531 0.0189792
0 0.297969 0.777687 0.125 0.208208
0 0.2205 0.535802 0.104313 0.0585208
0 0.0725781 0.466156 0.0465313 0.0538542
0 0.227031 0.662438 0.150031 0.144458
0 0.385844 0.787208 0.126188 0.171875
0 0.06175 0.647781 0.039625 0.165271
0 0.507922 0.901448 0.110813 0.171687
0 0.200695 0.919479 0.0922344 0.161042
0 0.201328 0.585 0.109813 0.114625
0 0.412297 0.779312 0.122531 0.14575
0 0.403773 0.554969 0.0786406 0.0168958
0 0.452055 0.717854 0.0797969 0.0587917
0 0.0317969 0.757896 0.0635938 0.11425
0 0.130375 0.665229 0.0535312 0.191167
0 0.618062 0.80775 0.150875 0.124208
0 0.341906 0.553969 0.0119063 0.0349375
0 0.502773 0.739979 0.0572969 0.09975
0 0.0929375 0.449833 0.0861875 0.102125
0 0.364891 0.651281 0.118844 0.0743542
0 0.267648 0.493531 0.0664531 0.0650208
0 0.241094 0.795677 0.0939375 0.221104
0 0.507273 0.70999 0.129016 0.0752708
0 0.356727 0.621854 0.0799531 0.0689167
0 0.272187 0.7885 0.0953125 0.2185
0 0.244828 0.63999 0.164125 0.0919375
0 0.104984 0.465 0.0463438 0.03
0 0.0721406 0.671271 0.0384688 0.205958
0 0.606844 0.857938 0.201187 0.104083
0 0.100477 0.405031 0.0622969 0.0322708
0 0.47143 0.918771 0.0972656 0.138375
0 0.268766 0.496719 0.0488438 0.0377708
0 0.398594 0.564417 0.090125 0.0116667
0 0.0174063 0.564562 0.0348125 0.134083
0 0.333953 0.611375 0.0700937 0.0872917
0 0.0733984 0.471792 0.0867344 0.0861667
0 0.105359 0.638823 0.040625 0.153646
0 0.0172187 0.932458 0.0333125 0.128208
0 0.0956172 0.419167 0.0682656 0.0549167
0 0.357328 0.537833 0.0339375 0.015875
0 0.277555 0.49001 0.0136406 0.0330625
0 0.0977891 0.421781 0.0703906 0.0872292
0 0.208711 0.459531 0.0303594 0.0677292
0 0.3805 0.538396 0.04875 0.0280833
0 0.310477 0.490229 0.0318906 0.01525
0 0.0993516 0.519292 0.127078 0.0484583
0 0.234078 0.483583 0.0336562 0.0470833
0 0.356813 0.928594 0.0461562 0.142812
0 0.297914 0.509354 0.00692187 0.0135833
0 0.411359 0.624958 0.0267812 0.0625
0 0.209664 0.49924 0.0792969 0.0617292
0 0.109953 0.426427 0.0438438 0.0188542
0 0.323328 0.748958 0.0397188 0.10075
0 0.275508 0.448698 0.0281719 0.0449375
0 0.39625 0.689667 0.0998125 0.0520417
0 0.0328672 0.798208 0.0628906 0.15025
0 0.202719 0.401083 0.0490312 0.0365833
0 0.328344 0.917354 0.0401875 0.16075
0 0.233742 0.574031 0.145641 0.111354
0 0.294648 0.518073 0.0457656 0.0187292
0 0.0396562 0.365656 0.0300625 0.0102292
0 0.0662422 0.913656 0.0580156 0.172479
0 0.0944922 0.448802 0.0436719 0.0252708
0 0.635828 0.797198 0.168094 0.0917292
0 0.572031 0.864344 0.141906 0.0844792
0 0.281938 0.436552 0.0183125 0.0195208
0 0.349016 0.594979 0.0710937 0.0739167
0 0.406703 0.931198 0.0757812 0.137604
0 0.319406 0.517917 0.007875 0.0174167
0 0.364633 0.543031 0.0361406 0.0163125
0 0.273672 0.564656 0.042875 0.0580208
0 0.132008 0.427948 0.0184531 0.0384792
0 0.16818 0.453385 0.0528906 0.0584792
0 0.4765 0.645208 0.02725 0.0284167
0 0.394133 0.576198 0.100016 0.0455625
0 0.151281 0.470187 0.0255625 0.03125
0 0.169023 0.437948 0.0378906 0.0158958
0 0.0861094 0.922021 0.0540937 0.154
0 0.287242 0.59849 0.0364219 0.0828958
0 0.082 0.463844 0.07 0.0728125
0 0.216898 0.418896 0.0265469 0.0222917
0 0.207 0.613052 0.0908125 0.0600625
0 0.209023 0.493854 0.0755781 0.0517917
0 0.309477 0.92975 0.0252031 0.128208
0 0.393531 0.54174 0.0457813 0.0237292
0 0.417578 0.625437 0.0163438 0.0615417
0 0.0811641 0.438396 0.0870781 0.0985417
0 0.200383 0.397052 0.0317344 0.0120625
0 0.141156 0.78724 0.0765938 0.220646
0 0.351789 0.529146 0.0326406 0.00958333
0 0.137484 0.383198 0.0138437 0.0123125
0 0.113672 0.803896 0.0868125 0.255
0 0.0887344 0.460656 0.108281 0.103104
0 0.0809453 0.520771 0.127891 0.111792
0 0.428711 0.622083 0.0306406 0.0709167
0 0.273461 0.486115 0.0171406 0.0294375
0 0.212625 0.430333 0.015125 0.01025
0 0.151289 0.391667 0.0287344 0.0120417
0 0.185094 0.410469 0.0199063 0.0176875
0 0.35032 0.608844 0.0763594 0.0823125
0 0.548422 0.795292 0.0429062 0.0618333
0 0.22075 0.457312 0.00678125 0.036125
0 0.235852 0.917021 0.0723281 0.165958
0 0.0209609 0.840385 0.0419219 0.215146
0 0.131734 0.451302 0.0164687 0.0332292
0 0.108047 0.393813 0.0595313 0.0312083
0 0.190727 0.425042 0.00826563 0.01
0 0.0934922 0.382625 0.0219531 0.00975
0 0.237687 0.450823 0.0165 0.0222292
0 0.139461 0.40474 0.00873437 0.00935417
