0 0.888211 0.450882 0.0548906 0.110565
0 0.848555 0.168776 0.0430781 0.0833412
0 0.390664 0.926176 0.0363281 0.0540471
0 0.793906 0.117341 0.0416562 0.0584941
0 0.330211 0.6522 0.0680156 0.133671
0 0.618039 0.645694 0.0625156 0.157929
0 0.778852 0.378212 0.0334219 0.1096
0 0.136273 0.621682 0.0562344 0.116306
0 0.954109 0.593647 0.05525 0.120471
0 0.731711 0.367471 0.0330469 0.127929
0 0.184367 0.491729 0.0389844 0.117435
0 0.282594 0.554329 0.0740313 0.0848
0 0.787023 0.325506 0.0391719 0.104988
0 0.647586 0.641835 0.0327344 0.156188
0 0.749562 0.648824 0.0330625 0.149788
0 0.738664 0.161612 0.0390469 0.0941882
0 0.198672 0.725035 0.0349062 0.156471
0 0.819617 0.167718 0.0448906 0.0921882
0 0.146484 0.506906 0.0421875 0.0933882
0 0.708281 0.638976 0.0420625 0.149247
0 0.56918 0.815659 0.0272031 0.0650118
0 0.530508 0.656388 0.0227031 0.0693882
0 0.101469 0.773129 0.0435938 0.0912941
0 0.874 0.716812 0.030625 0.1252
0 0.681391 0.638706 0.03475 0.152424
0 0.790484 0.546224 0.0522188 0.160353
0 0.869086 0.499012 0.0539219 0.123718
0 0.818336 0.330859 0.0508594 0.116776
0 0.261016 0.709553 0.042875 0.131529
0 0.111852 0.504659 0.0332344 0.118871
0 0.533523 0.758941 0.103734 0.0532235
0 0.50418 0.801153 0.0893906 0.0869176
0 0.227891 0.714871 0.029625 0.126682
0 0.650766 0.514188 0.0285625 0.1056
0 0.141992 0.371918 0.0352344 0.115647
0 0.849625 0.226929 0.037875 0.0722118
0 0.162977 0.598141 0.0325469 0.131906
0 0.760164 0.128706 0.0453906 0.0722353
0 0.269367 0.597682 0.0251719 0.0376235
0 0.846164 0.394929 0.0332031 0.107694
0 0.786539 0.751518 0.0169844 0.0841176
0 0.847352 0.318906 0.0645469 0.107271
0 0.137391 0.753541 0.0407813 0.082
0 0.150641 0.461659 0.0344375 0.0701882
0 0.0951484 0.828788 0.0381094 0.0919294
0 0.29143 0.735694 0.0464219 0.0988235
0 0.506289 0.770388 0.0704844 0.0484471
0 0.168906 0.723071 0.0235 0.0723059
0 0.691148 0.285271 0.0332031 0.0880941
0 0.113516 0.654976 0.0760625 0.110424
0 0.305836 0.756282 0.0502344 0.0725647
0 0.203 0.5944 0.036375 0.152188
