0 0.690383 0.608929 0.128672 0.1892
0 0.711531 0.495976 0.057375 0.0866353
0 0.675172 0.404741 0.0458438 0.0328706
0 0.443344 0.569529 0.0944688 0.149129
0 0.457023 0.4004 0.0478281 0.0434353
0 0.614313 0.725741 0.113062 0.137835
0 0.402977 0.526859 0.0893906 0.140071
0 0.473062 0.657859 0.115469 0.142353
0 0.597711 0.585047 0.0846406 0.135694
0 0.765953 0.499247 0.0568438 0.109506
0 0.773008 0.577694 0.0963281 0.155388
0 0.519711 0.297082 0.0638906 0.0737412
0 0.464469 0.309506 0.066 0.0643294
0 0.689734 0.381388 0.0327812 0.0538353
0 0.630781 0.464706 0.0615313 0.130824
0 0.467297 0.462776 0.058 0.142306
0 0.513281 0.339929 0.0557813 0.0875294
0 0.36775 0.469176 0.0736563 0.113176
0 0.56843 0.322906 0.0379219 0.0270824
0 0.440383 0.373341 0.0299844 0.0692235
0 0.615164 0.313506 0.0715781 0.0589176
