2 0.412727 0.192282 0.0185469 0.0122995
2 0.317164 0.26582 0.0165781 0.0179501
2 0.281938 0.238886 0.0302812 0.0312121
2 0.366547 0.329501 0.0130312 0.0150089
2 0.306695 0.330784 0.0256719 0.0324421
2 0.467133 0.259367 0.0150156 0.0152406
2 0.437172 0.28221 0.0267812 0.0257398
2 0.273734 0.281925 0.0235625 0.0238859
2 0.389031 0.353708 0.027875 0.031123
2 0.505242 0.259439 0.0215156 0.0242602
2 0.397328 0.382825 0.0276563 0.0333512
2 0.355313 0.279198 0.0285 0.0333333
2 0.477789 0.360508 0.0208594 0.0211943
2 0.441172 0.347094 0.0215 0.0257041
2 0.511367 0.339617 0.00932812 0.0151693
2 0.401516 0.409697 0.0160313 0.0232442
2 0.493625 0.351408 0.0120938 0.0150089
2 0.373391 0.419011 0.0244375 0.0239394
2 0.373063 0.307451 0.0268125 0.0315152
2 0.327461 0.321283 0.0247656 0.0312656
2 0.412773 0.395383 0.0255469 0.0317647
2 0.337813 0.316988 0.0143125 0.0157932
2 0.361844 0.433868 0.0165 0.0231373
2 0.662891 0.282184 0.0158125 0.0276114
2 0.357406 0.316524 0.0179375 0.0195365
2 0.650656 0.283111 0.0165937 0.0173084
2 0.461734 0.353725 0.0110312 0.0147594
2 0.478859 0.273966 0.01725 0.020303
2 0.378055 0.329643 0.0149531 0.0143316
2 0.369195 0.360232 0.0181406 0.0111943
2 0.509016 0.359153 0.00884375 0.01
2 0.41175 0.231631 0.0152187 0.0131016
2 0.522828 0.355936 0.00709375 0.0054902
2 0.527961 0.334715 0.0122656 0.0181283
2 0.515742 0.282656 0.0254531 0.0259537
2 0.483453 0.335339 0.0123125 0.012852
2 0.633453 0.238556 0.01825 0.0160428
2 0.355758 0.381435 0.0152656 0.0249376
