2 0.0581328 0.265641 0.0383594 0.014875
2 0.0892813 0.189695 0.02 0.00923437
2 0.0579453 0.199133 0.0282031 0.0197344
2 0.0789531 0.250898 0.0212812 0.0182031
2 0.0872109 0.131281 0.0245469 0.02225
2 0.0599766 0.224547 0.0368906 0.038
2 0.0338437 0.23982 0.0395313 0.0328281
2 0.0586875 0.127734 0.03025 0.0210313
2 0.085875 0.202953 0.0284687 0.0238438
2 0.0194531 0.26293 0.015875 0.0241406
2 0.482008 0.713805 0.0367656 0.0474219
2 0.471836 0.799312 0.0376406 0.032
2 0.08475 0.176328 0.0284687 0.0238438
2 0.0185312 0.217383 0.02325 0.0199531
2 0.476648 0.758281 0.0407656 0.0464062
2 0.0112812 0.200695 0.0225625 0.0171719
