2 0.231258 0.845615 0.0924219 0.227935
2 0.409211 0.87029 0.0890469 0.119095
2 0.3775 0.817181 0.0507187 0.087587
2 0.401727 0.788968 0.0478594 0.113852
2 0.353055 0.635905 0.0514531 0.097471
2 0.318734 0.874698 0.0928125 0.120766
2 0.43693 0.69116 0.0610781 0.0751276
2 0.388555 0.661148 0.0471719 0.0884687
2 0.250484 0.722343 0.0572812 0.119072
2 0.316125 0.638515 0.0359375 0.0594896
2 0.31075 0.805 0.0725625 0.0884687
2 0.332438 0.711926 0.0975312 0.116798
2 0.30025 0.687691 0.0241875 0.0543619
2 0.274844 0.763712 0.0375 0.0589791
2 0.351297 0.802227 0.0348437 0.0625986
2 0.399305 0.713329 0.0191719 0.0435963
2 0.449055 0.768875 0.0514531 0.0604872
2 0.285406 0.695835 0.0280313 0.0669374
2 0.34532 0.925754 0.132797 0.0692343
2 0.308836 0.93703 0.0806406 0.0861717
