0 0.518823 0.761031 0.0467708 0.080625
0 0.593479 0.847055 0.192833 0.157172
0 0.421906 0.741336 0.0471875 0.0507656
0 0.419292 0.691602 0.0529583 0.0722969
0 0.746406 0.973227 0.0801458 0.0535469
0 0.955531 0.985766 0.0646042 0.0284687
0 0.431854 0.869883 0.0541667 0.106891
0 0.556344 0.830047 0.142854 0.170781
0 0.0276667 0.983211 0.0536667 0.0307656
0 0.0449583 0.878445 0.0748333 0.0488906
0 0.677948 0.966477 0.0623958 0.0670469
0 0.057125 0.730711 0.0375417 0.0533594
0 0.624708 0.983953 0.0508333 0.0320937
0 0.579844 0.732758 0.0818958 0.0324219
0 0.469313 0.83293 0.0672917 0.218891
0 0.703469 0.923789 0.0594375 0.0735156
0 0.859344 0.982031 0.0751042 0.0330625
0 0.0403854 0.778266 0.0807708 0.077
0 0.844583 0.990688 0.0317917 0.0135937
0 0.274667 0.979313 0.071 0.039125
0 0.627094 0.774086 0.0362708 0.0520156
0 0.467854 0.70082 0.0533333 0.0697344
0 0.924594 0.974281 0.0560625 0.0484687
0 0.709583 0.961766 0.0445417 0.0548438
0 0.625177 0.735445 0.0449375 0.0314844
0 0.881479 0.96825 0.0507917 0.0595313
0 0.453802 0.68632 0.0371875 0.0617656
0 0.585104 0.885773 0.125458 0.0941094
0 0.589229 0.962945 0.066 0.0566719
0 0.423563 0.814617 0.048875 0.129234
0 0.50175 0.982609 0.0738333 0.0338437
0 0.0294063 0.72443 0.0341875 0.0439531
0 0.566656 0.974359 0.0792292 0.0507187
0 0.496385 0.69 0.0803542 0.0743438
0 0.617115 0.882023 0.182313 0.150453
0 0.566073 0.762531 0.0535625 0.0694063
0 0.533906 0.711406 0.0976042 0.0711875
0 0.0222708 0.854398 0.0445417 0.0730781
0 0.811583 0.987141 0.027875 0.01125
0 0.45225 0.749883 0.0520417 0.0696094
0 0.0479479 0.922156 0.0707708 0.05025
