0 0.72762 0.540813 0.2222 0.243547
0 0.11006 0.48684 0.171 0.154693
0 0.15439 0.578733 0.19626 0.113307
0 0.85997 0.257067 0.12494 0.0674667
0 0.51952 0.117573 0.10856 0.0904
0 0.63311 0.685107 0.20298 0.19
0 0.87963 0.42384 0.2175 0.138453
0 0.73876 0.139573 0.11964 0.0868267
0 0.38717 0.11844 0.11442 0.0902133
0 0.0589 0.40384 0.1178 0.17088
0 0.30825 0.617213 0.16874 0.136453
0 0.43793 0.68256 0.18962 0.1192
0 0.81759 0.18084 0.1655 0.136187
0 0.30066 0.176813 0.1178 0.0932533
0 0.47814 0.163413 0.15904 0.0934933
0 0.62344 0.09876 0.11196 0.11992
0 0.86295 0.305947 0.2179 0.12416
0 0.17515 0.22196 0.13498 0.0836
0 0.11281 0.31408 0.12398 0.13264
