0 0.2762 0.93172 0.04524 0.132508
0 0.04307 0.743039 0.0643 0.0605466
0 0.25648 0.988199 0.04148 0.0236013
0 0.24379 0.916479 0.02082 0.0649839
0 0.22978 0.840916 0.0454 0.154695
0 0.21629 0.947749 0.04046 0.10283
0 0.13602 0.794887 0.0252 0.0566559
0 0.22374 0.844196 0.03716 0.137203
0 0.25562 0.932331 0.03928 0.0940514
0 0.14239 0.794084 0.02778 0.0518971
0 0.13777 0.8659 0.0707 0.0461415
0 0.08969 0.792605 0.05386 0.0475884
0 0.23498 0.908135 0.0258 0.055627
0 0.10496 0.896801 0.04228 0.0341158
0 0.15804 0.855386 0.08808 0.155402
0 0.13131 0.950514 0.1275 0.0943408
0 0.15737 0.948859 0.10918 0.102283
0 0.19577 0.846945 0.06122 0.144823
0 0.09474 0.820354 0.04212 0.0358842
0 0.09238 0.763794 0.05288 0.030418
0 0.05435 0.987122 0.07018 0.0257556
0 0.10156 0.825884 0.049 0.12508
