0 0.529828 0.41007 0.0393125 0.0592506
0 0.242047 0.54781 0.0225 0.053185
0 0.325336 0.581803 0.0407969 0.0720843
0 0.71543 0.381417 0.0288906 0.0812881
0 0.363977 0.438326 0.0367656 0.09
0 0.290195 0.445012 0.0372344 0.0682904
0 0.603422 0.393794 0.0529063 0.0850585
0 0.359414 0.554333 0.0359531 0.0697892
0 0.494391 0.378302 0.0484687 0.119602
0 0.239336 0.42466 0.0450156 0.115222
0 0.202391 0.539204 0.0387813 0.0635597
0 0.653703 0.364508 0.0213438 0.0307494
0 0.527937 0.351663 0.0365938 0.084356
0 0.100969 0.467365 0.076625 0.073466
0 0.424828 0.446838 0.0431563 0.173677
0 0.156289 0.548068 0.0534844 0.0651288
0 0.210578 0.438899 0.0123125 0.0412646
0 0.422344 0.538689 0.0289687 0.0692272
0 0.223703 0.50856 0.0315312 0.0424122
0 0.50832 0.364157 0.0382969 0.0979625
0 0.173156 0.473068 0.0434688 0.0874473
0 0.312383 0.452436 0.0287031 0.084356
0 0.433805 0.610129 0.0248594 0.065363
0 0.382961 0.445386 0.0265781 0.116159
0 0.277602 0.508759 0.0484531 0.0800468
0 0.637813 0.373466 0.0145625 0.03274
0 0.7305 0.379485 0.055375 0.0923185
0 0.468617 0.551674 0.0423906 0.10897
0 0.542906 0.412096 0.0282187 0.0634895
0 0.56693 0.411721 0.0232656 0.0655972
0 0.480969 0.429637 0.0112187 0.0153396
0 0.263352 0.43089 0.0470781 0.136019
0 0.539281 0.339016 0.047625 0.0677283
0 0.200508 0.480902 0.0288906 0.0818033
0 0.344438 0.442529 0.0378125 0.115597
0 0.194398 0.590714 0.0197656 0.0584309
0 0.146609 0.545129 0.058125 0.0769087
0 0.167031 0.534614 0.058625 0.0779391
0 0.112344 0.47548 0.0690313 0.0726932
0 0.369727 0.539895 0.0441094 0.0499532
0 0.395375 0.533712 0.0364063 0.0710304
0 0.617422 0.402436 0.0271875 0.0540984
0 0.138289 0.468126 0.0630781 0.0859016
0 0.413102 0.439344 0.0236719 0.11007
0 0.690281 0.385644 0.0310937 0.0813583
0 0.455977 0.54315 0.0322969 0.0840047
0 0.708375 0.387869 0.031625 0.0766745
0 0.258711 0.385129 0.00854687 0.0323185
0 0.228758 0.426019 0.0400156 0.12548
0 0.320531 0.532014 0.0285625 0.0460422
0 0.314234 0.506651 0.0493125 0.0488056
0 0.457281 0.453817 0.0437813 0.0841686
0 0.314805 0.589836 0.0311094 0.0915691
0 0.426477 0.576077 0.0326719 0.0467213
0 0.188211 0.584895 0.0193906 0.0477752
0 0.34907 0.519766 0.0338906 0.055644
0 0.343203 0.542014 0.017125 0.075363
