0 0.45245 0.445195 0.01574 0.0296096
0 0.27305 0.486667 0.00734 0.0246246
0 0.92711 0.265255 0.01498 0.0697297
0 0.6848 0.143318 0.0368 0.13985
0 0.36495 0.190766 0.01966 0.0625526
0 0.84432 0.427538 0.02192 0.0273273
0 0.60631 0.237357 0.02442 0.0783183
0 0.98466 0.319069 0.02184 0.0694294
0 0.69541 0.222673 0.03218 0.0796997
0 0.19837 0.467057 0.02154 0.0228228
0 0.71995 0.200571 0.03506 0.0800601
0 0.24122 0.0982883 0.03704 0.0753153
0 0.84226 0.402988 0.02116 0.0205105
0 0.51787 0.411727 0.01638 0.0783483
0 0.4725 0.162703 0.04324 0.0371171
0 0.44773 0.500135 0.00614 0.0130631
0 0.52751 0.538964 0.00394 0.00615616
0 0.12304 0.0718468 0.02232 0.0923423
0 0.71811 0.617057 0.00702 0.00948949
0 0.77248 0.298033 0.01988 0.0815315
0 0.66838 0.293769 0.0212 0.0674174
0 0.9664 0.313468 0.02324 0.0802703
0 0.38198 0.185826 0.02652 0.0544745
0 0.98145 0.183123 0.02546 0.0953754
0 0.73392 0.0257808 0.03556 0.051021
0 0.68744 0.076982 0.02496 0.0405105
0 0.08111 0.292673 0.03358 0.0555556
0 0.83277 0.220616 0.0403 0.0753453
0 0.33891 0.189354 0.03074 0.0726426
0 0.32768 0.177958 0.04668 0.0656456
0 0.43586 0.507733 0.00992 0.0194895
0 0.71 0.127658 0.041 0.122583
0 0.30624 0.253108 0.02172 0.0259159
0 0.56607 0.474895 0.00614 0.0292492
0 0.23272 0.0737237 0.043 0.035015
0 0.6473 0.492793 0.01036 0.0357357
0 0.34973 0.481471 0.01162 0.0161562
0 0.40845 0.31982 0.01042 0.0305105
0 0.86379 0.0347447 0.03246 0.0643844
0 0.42316 0.323679 0.02072 0.0238138
0 0.66631 0.197447 0.04326 0.108468
0 0.69346 0.0328529 0.033 0.0657057
0 0.48066 0.433694 0.02376 0.0145946
0 0.96353 0.158679 0.03182 0.0993994
0 0.32454 0.111997 0.0442 0.0321622
0 0.74519 0.106171 0.04718 0.13991
0 0.57249 0.0361411 0.0481 0.0722823
0 0.77591 0.239159 0.0617 0.0658859
0 0.09757 0.273694 0.04786 0.0297297
0 0.15554 0.405766 0.0176 0.0469069
0 0.93515 0.317342 0.02122 0.0724625
0 0.62559 0.352177 0.01874 0.0290991
0 0.98402 0.115811 0.03128 0.0776877
0 0.04747 0.201802 0.04906 0.0430631
0 0.69995 0.363063 0.0237 0.0462462
0 0.39734 0.176787 0.03368 0.0561562
0 0.03634 0.278964 0.03012 0.0278979
0 0.62829 0.519399 0.01418 0.0248649
0 0.39645 0.319444 0.01358 0.0404505
0 0.29052 0.242688 0.02384 0.026997
0 0.7047 0.345826 0.01916 0.0402402
0 0.86008 0.19509 0.03392 0.0834535
0 0.35465 0.472057 0.00918 0.0121622
0 0.67126 0.348303 0.02188 0.0605105
0 0.14653 0.0633033 0.03846 0.0715916
0 0.55199 0.147553 0.0529 0.0582282
0 0.35735 0.44967 0.00922 0.0187387
0 0.69049 0.602568 0.00454 0.00357357
0 0.02093 0.236291 0.03334 0.0612913
0 0.01966 0.208919 0.03452 0.0442042
0 0.61042 0.0254655 0.05848 0.0509309
0 0.84671 0.413363 0.01538 0.0245646
0 0.53374 0.543514 0.00548 0.0142342
0 0.80428 0.0314715 0.02632 0.0605405
0 0.48118 0.292222 0.01764 0.0406607
0 0.83842 0.0374324 0.0236 0.0748649
0 0.50692 0.155961 0.02816 0.0527628
0 0.16786 0.483619 0.00776 0.0206306
0 0.13054 0.391562 0.02624 0.0267868
0 0.95294 0.100736 0.03248 0.0730631
0 0.73017 0.287793 0.02326 0.0982883
0 0.08184 0.0437237 0.064 0.0578378
0 0.53051 0.420075 0.01546 0.0764865
0 0.63384 0.407703 0.0118 0.0318018
0 0.7522 0.389745 0.01128 0.0358859
0 0.94975 0.172432 0.03898 0.105405
0 0.75856 0.394099 0.00936 0.0358859
0 0.51201 0.0263363 0.0403 0.0526727
0 0.1632 0.402012 0.02796 0.0416817
0 0.58099 0.466742 0.02042 0.0248949
0 0.25984 0.481336 0.01208 0.0268168
0 0.66912 0.62461 0.00508 0.0152252
0 0.54537 0.543844 0.00922 0.00870871
0 0.4982 0.310045 0.01716 0.042012
0 0.6346 0.607447 0.00684 0.00666667
0 0.48973 0.141156 0.04086 0.0356456
0 0.29406 0.0774174 0.05232 0.0381982
0 0.46948 0.331562 0.03072 0.043003
0 0.46823 0.095015 0.04814 0.0536336
0 0.23452 0.502688 0.00444 0.01
0 0.48211 0.25015 0.01734 0.0243844
0 0.21873 0.0545796 0.05274 0.0327628
0 0.75286 0.286652 0.02772 0.0988288
0 0.89456 0.237042 0.01608 0.0812913
0 0.57597 0.475901 0.01146 0.0287387
0 0.52724 0.161682 0.02268 0.0700901
0 0.43513 0.325946 0.02162 0.0324324
0 0.84715 0.20958 0.03842 0.0838438
0 0.50812 0.407312 0.02548 0.068979
0 0.35969 0.487057 0.00958 0.0228228
0 0.64595 0.612267 0.00414 0.00975976
0 0.2234 0.498408 0.00688 0.011952
0 0.93204 0.18018 0.02288 0.0798799
0 0.63118 0.6203 0.00496 0.0105105
0 0.71209 0.614249 0.00434 0.00567568
0 0.15571 0.0240841 0.03794 0.0366967
0 0.60776 0.527823 0.013 0.028979
0 0.68998 0.609805 0.00496 0.00615616
0 0.61574 0.533093 0.00712 0.0294895
