0 0.738727 0.632272 0.0829844 0.109789
0 0.853766 0.634953 0.0716875 0.0994614
0 0.820516 0.453923 0.0824688 0.0955738
0 0.700648 0.883934 0.0937656 0.125386
0 0.905672 0.80959 0.0916875 0.128126
0 0.788883 0.414286 0.0711094 0.103513
0 0.796539 0.527881 0.0651719 0.127799
0 0.624484 0.723419 0.088125 0.10623
0 0.647383 0.814684 0.0687656 0.105902
0 0.749 0.962775 0.0864062 0.0744496
0 0.699773 0.736464 0.0885156 0.128056
0 0.960469 0.636194 0.0707187 0.0903279
0 0.562211 0.635445 0.0722031 0.101148
0 0.6095 0.53377 0.0627812 0.0978923
0 0.684984 0.518735 0.0782188 0.126323
0 0.830617 0.870621 0.0780156 0.136932
0 0.822453 0.736066 0.0963437 0.105902
