0 0.337992 0.950246 0.0567344 0.0358451
0 0.323992 0.969378 0.0555781 0.0307746
0 0.367859 0.991432 0.0619687 0.0162441
0 0.243055 0.995399 0.0387031 0.00920188
0 0.363727 0.984789 0.0752969 0.0304225
0 0.199008 0.962406 0.0386719 0.0751408
0 0.230242 0.979237 0.0598281 0.0415258
0 0.302594 0.990305 0.053875 0.0184507
0 0.863 0.654871 0.00615625 0.0256573
0 0.434312 0.988744 0.0636562 0.0217606
0 0.858016 0.601232 0.0145937 0.0265493
0 0.840359 0.607453 0.0036875 0.0142958
0 0.391758 0.978075 0.0237031 0.0340845
