0 0.408703 0.0525644 0.0104375 0.0359016
0 0.660734 0.0802576 0.0240313 0.0294145
0 0.289344 0.117026 0.0149375 0.0277283
0 0.966094 0.200995 0.0249688 0.042459
0 0.289031 0.19308 0.0141875 0.0125761
0 0.0655547 0.18808 0.0204219 0.0587354
0 0.0859688 0.297436 0.0247812 0.0246136
0 0.300922 0.248208 0.0121875 0.0130913
0 0.0973359 0.228197 0.0270156 0.0205152
0 0.938703 0.178009 0.0522188 0.0288056
0 0.990711 0.275386 0.0169219 0.0276815
0 0.655039 0.104532 0.0256406 0.0192272
0 0.934344 0.156159 0.0323125 0.0502576
0 0.568203 0.13185 0.0128125 0.0323185
0 0.384352 0.252026 0.00939062 0.0125293
0 0.326805 0.236054 0.0122344 0.011733
0 0.316234 0.166206 0.0145313 0.0194848
0 0.664133 0.120761 0.0355469 0.0164169
0 0.913961 0.107787 0.0465781 0.0273302
0 0.299523 0.106557 0.0157031 0.0408899
0 0.323836 0.182951 0.00973437 0.0222951
0 0.56132 0.182436 0.00939062 0.0361593
0 0.60968 0.0685831 0.0130469 0.0412412
0 0.528453 0.141569 0.0143437 0.0127869
0 0.536266 0.111686 0.0239375 0.0244965
0 0.90157 0.163021 0.0167656 0.0332084
0 0.995234 0.171323 0.00953125 0.0251288
0 0.305719 0.142061 0.008125 0.0100703
0 0.519281 0.151944 0.0131562 0.0120843
0 0.945422 0.104075 0.0397813 0.027822
0 0.944695 0.219567 0.0413906 0.0283138
0 0.913508 0.175222 0.00845313 0.0169087
0 0.089625 0.414988 0.0254375 0.026089
0 0.985406 0.249614 0.0197813 0.0300468
0 0.29657 0.204754 0.0152031 0.0151288
0 0.295359 0.136382 0.0254375 0.0211007
0 0.920109 0.264871 0.0229062 0.0133489
0 0.97007 0.279356 0.0302656 0.0336066
0 0.514344 0.200375 0.0152187 0.0146136
0 0.421352 0.0607611 0.0210156 0.0148712
0 0.595305 0.123899 0.0227344 0.0164169
0 0.290977 0.15281 0.0183281 0.0183607
0 0.558633 0.0669789 0.0107656 0.0276815
0 0.374367 0.212506 0.0155156 0.0155972
0 0.377672 0.152014 0.0249062 0.0168618
0 0.328875 0.207822 0.0109375 0.0182201
0 0.506242 0.245047 0.00957812 0.01
0 0.0913125 0.249415 0.0405937 0.0335831
0 0.410023 0.254368 0.0111094 0.0338407
0 0.454188 0.0915925 0.0355625 0.0271663
0 0.351437 0.18808 0.0182812 0.0166745
0 0.984008 0.111276 0.0212031 0.0569321
0 0.909125 0.126792 0.0429375 0.0185948
0 0.996242 0.249415 0.00751562 0.0328337
0 0.538734 0.0996721 0.0231562 0.0192974
0 0.344602 0.0873536 0.0242656 0.035644
0 0.348984 0.136323 0.0240625 0.0215457
0 0.303109 0.169485 0.0126562 0.00974239
0 0.586922 0.109883 0.0326562 0.0161593
0 0.420719 0.130773 0.0036875 0.0076815
0 0.965312 0.3076 0.00875 0.00929742
0 0.954461 0.264918 0.0357656 0.0421546
0 0.646609 0.202026 0.00565625 0.0141218
0 0.920453 0.234403 0.0148437 0.00997658
0 0.573539 0.0947424 0.0194531 0.0276581
0 0.571984 0.167342 0.0129375 0.0262998
0 0.581875 0.0671663 0.02425 0.0333958
0 0.93632 0.246745 0.0450781 0.0286183
0 0.99368 0.297611 0.0111094 0.0233255
0 0.378492 0.12589 0.0340156 0.0159016
0 0.966609 0.0385831 0.0262812 0.0771663
0 0.906805 0.203337 0.0204219 0.0149649
0 0.534305 0.152307 0.0249531 0.0153864
0 0.922773 0.30082 0.0205156 0.0143794
0 0.267609 0.130422 0.0188125 0.0135831
0 0.918672 0.285117 0.017875 0.0190398
0 0.306312 0.186792 0.0141875 0.015644
0 0.571859 0.0662646 0.0186875 0.0320141
0 0.0607422 0.269836 0.00895313 0.0262763
0 0.941352 0.034274 0.0511094 0.0515457
0 0.291266 0.243009 0.010625 0.00943794
0 0.640937 0.127494 0.0119688 0.02
0 0.38675 0.136979 0.024625 0.0194848
0 0.636016 0.0918033 0.013 0.0194848
0 0.925758 0.0357963 0.0435469 0.0539813
0 0.402773 0.137319 0.0120469 0.0277049
0 0.385227 0.113162 0.0281094 0.0325527
0 0.0915234 0.355258 0.0259844 0.0223185
0 0.576562 0.118361 0.0216875 0.0227166
0 0.54593 0.202529 0.0158281 0.021452
0 0.0836094 0.223103 0.0378437 0.025363
0 0.381078 0.0892272 0.026625 0.0230913
0 0.0823594 0.37356 0.0354063 0.0229977
0 0.655523 0.151265 0.0213906 0.0228103
0 0.411227 0.127822 0.0184531 0.0187354
0 0.651609 0.138337 0.0119688 0.0161593
0 0.589078 0.13397 0.0222188 0.0187119
0 0.611008 0.0962881 0.0187969 0.0207728
0 0.66057 0.13459 0.0270781 0.0147073
0 0.424883 0.0996487 0.0195156 0.037377
0 0.390687 0.0534895 0.0254688 0.0309602
0 0.973578 0.163197 0.0235938 0.0387119
0 0.343945 0.232272 0.0143281 0.011897
0 0.508133 0.114215 0.0218281 0.025808
0 0.0799844 0.259028 0.0167813 0.0281733
0 0.973906 0.324075 0.0163438 0.0469789
0 0.640758 0.177049 0.0133281 0.0187354
0 0.321008 0.232963 0.00964062 0.0152927
0 0.958203 0.00601874 0.0330312 0.0109602
0 0.65625 0.225913 0.0085625 0.00807963
0 0.39268 0.155386 0.0169219 0.0363934
0 0.955539 0.304742 0.0107656 0.0181967
0 0.0896875 0.318197 0.0323125 0.0205152
0 0.539648 0.0813583 0.0251406 0.0225761
0 0.923242 0.197822 0.0114531 0.0125527
0 0.0857891 0.394707 0.0264531 0.0216862
0 0.995914 0.114871 0.00742187 0.0368618
0 0.336898 0.211276 0.0150781 0.0159016
0 0.555344 0.134344 0.0139063 0.0296721
0 0.397633 0.104871 0.0186406 0.0471663
0 0.324898 0.131604 0.0162969 0.014356
0 0.301555 0.12726 0.0135781 0.0237471
0 0.986062 0.319731 0.014125 0.0400234
0 0.565109 0.194403 0.0126562 0.0297424
0 0.38357 0.190375 0.0285469 0.015644
0 0.559133 0.239227 0.00564062 0.0297424
0 0.405055 0.188009 0.0123281 0.0300703
0 0.503359 0.276019 0.0170937 0.0151288
0 0.942945 0.294379 0.0151719 0.0198595
0 0.516109 0.160632 0.0176563 0.009274
0 0.935648 0.331019 0.0187344 0.0218033
0 0.551594 0.216112 0.0127188 0.0306323
0 0.408289 0.230515 0.00982813 0.0312881
0 0.273062 0.197822 0.0123125 0.0135831
0 0.498195 0.286511 0.0159531 0.0103513
0 0.669359 0.103548 0.01475 0.0237237
0 0.987203 0.0425995 0.0211562 0.0841218
0 0.294445 0.258841 0.00751562 0.00868852
0 0.09375 0.340504 0.014875 0.0105152
0 0.0667422 0.237646 0.0197031 0.0292506
0 0.665242 0.154368 0.0217031 0.0161358
0 0.335195 0.0987705 0.00957812 0.00615925
0 0.666117 0.171604 0.0162344 0.0148712
