2 0.123617 0.124323 0.0379844 0.0377292
2 0.0765469 0.0886771 0.0190937 0.0218958
2 0.165766 0.169688 0.040375 0.038625
2 0.228078 0.104281 0.0367188 0.0336042
2 0.03675 0.141177 0.0295938 0.0278125
2 0.180383 0.0490208 0.0219219 0.0220417
2 0.007125 0.0728021 0.01425 0.0268125
2 0.0618906 0.128969 0.0200313 0.0156042
2 0.145367 0.0620521 0.0247969 0.0328125
2 0.740945 0.0755104 0.0522969 0.0269375
2 0.196961 0.0895208 0.0239844 0.0179583
2 0.04825 0.11551 0.0259688 0.0263958
2 0.0136562 0.159417 0.02 0.0115417
2 0.11768 0.0592292 0.0344219 0.035375
2 0.278461 0.0559479 0.0132656 0.0246042
2 0.0917109 0.0985938 0.0244219 0.0274375
