1 0.200219 0.127089 0.0331562 0.0463969
1 0.54425 0.756893 0.0396562 0.0607833
1 0.102305 0.0520104 0.0167344 0.0222977
1 0.181109 0.140979 0.0349687 0.0588773
1 0.0745 0.16594 0.0203125 0.0522977
1 0.589477 0.276397 0.0369844 0.0524282
1 0.198852 0.579334 0.0370469 0.041906
1 0.613969 0.126358 0.0189062 0.0473368
1 0.0688359 0.0926632 0.0235156 0.0243864
1 0.553406 0.293916 0.042125 0.0640209
1 0.520109 0.790731 0.0304063 0.0686162
1 0.0616094 0.0996214 0.0181875 0.016893
1 0.422984 0.171841 0.029125 0.0517755
1 0.0873984 0.168316 0.0223906 0.0510444
1 0.623852 0.193538 0.0299219 0.0558486
1 0.200102 0.539517 0.0278906 0.0417493
1 0.50818 0.308433 0.0487656 0.0554047
1 0.416648 0.219151 0.0260781 0.0540731
1 0.588109 0.103825 0.0230937 0.0340731
1 0.61468 0.238956 0.0312031 0.0693473
1 0.158195 0.150731 0.0265781 0.0558225
1 0.109859 0.12936 0.0288125 0.0372063
1 0.245133 0.448407 0.0258281 0.0521149
1 0.220242 0.114047 0.0177656 0.0279373
1 0.428828 0.269987 0.0365938 0.0611227
1 0.0566406 0.151658 0.0219062 0.0562663
1 0.118969 0.102076 0.0387188 0.0356919
1 0.103836 0.0688381 0.0150781 0.0162141
1 0.626883 0.151384 0.0249844 0.0362402
1 0.0822422 0.0809399 0.0172969 0.016188
1 0.0560156 0.109922 0.0194375 0.0162402
1 0.13532 0.162285 0.0228594 0.0588251
1 0.116234 0.168211 0.0204375 0.0548564
1 0.205633 0.505666 0.0323281 0.0504961
1 0.102039 0.170953 0.0184531 0.0470235
1 0.0883828 0.0632245 0.0155469 0.0187206
1 0.462719 0.301697 0.0434375 0.0614621
1 0.497828 0.680117 0.0340312 0.0549608
