0 0.964234 0.912347 0.0715313 0.0874722
0 0.679773 0.697444 0.0641406 0.056
0 0.766867 0.952056 0.0252031 0.0459444
0 0.795445 0.932292 0.0582969 0.0774722
0 0.977508 0.959792 0.0449844 0.0804167
0 0.646422 0.589167 0.0415312 0.0616667
0 0.676937 0.620514 0.0303438 0.0580278
0 0.400336 0.866708 0.0792969 0.0888611
0 0.529898 0.779736 0.0633594 0.0688611
0 0.554461 0.819972 0.0737344 0.0352778
0 0.535945 0.795986 0.0738906 0.0601944
0 0.69857 0.736542 0.0747031 0.0555833
0 0.735922 0.960986 0.0137187 0.0674167
0 0.347938 0.482319 0.0539063 0.0338056
0 0.328094 0.330069 0.0160938 0.0115278
0 0.629633 0.920694 0.0932969 0.0861111
0 0.519461 0.927764 0.0812656 0.0800278
0 0.625297 0.568917 0.0436563 0.0324444
0 0.573391 0.656292 0.0359063 0.107028
0 0.342477 0.843931 0.0596406 0.105083
0 0.687766 0.655417 0.0607188 0.0515556
0 0.69118 0.901528 0.0489531 0.036
0 0.855156 0.924611 0.0462187 0.106389
0 0.458508 0.540528 0.0250156 0.114889
0 0.458859 0.825347 0.0495 0.0763056
0 0.631938 0.582333 0.0465313 0.0456111
0 0.419414 0.684056 0.0275156 0.0343889
0 0.311602 0.414306 0.0250469 0.0139444
0 0.430938 0.723486 0.0191562 0.0293056
0 0.526836 0.961764 0.0942656 0.0713056
0 0.730695 0.827014 0.0662031 0.0631944
0 0.429203 0.409389 0.0280938 0.0165556
0 0.896367 0.947125 0.0790156 0.0356944
0 0.880766 0.92725 0.076625 0.0822778
0 0.753758 0.838708 0.0753906 0.0661389
0 0.320469 0.390042 0.0125625 0.0271389
0 0.571203 0.566764 0.0677188 0.0694722
0 0.438602 0.443931 0.0229219 0.0231389
0 0.674883 0.845931 0.0334219 0.0138611
0 0.321648 0.443 0.0259531 0.0107222
0 0.356938 0.393236 0.00821875 0.01175
0 0.374469 0.405708 0.0375937 0.01725
0 0.376258 0.417819 0.0348281 0.0315833
0 0.495523 0.734944 0.0385781 0.0650556
0 0.621 0.551167 0.0544063 0.0354444
0 0.541594 0.477056 0.0180937 0.0237778
0 0.710945 0.806819 0.0493594 0.0889167
0 0.399078 0.454861 0.0354688 0.0193889
0 0.485398 0.572417 0.0251406 0.016
0 0.472781 0.727375 0.051625 0.0786389
0 0.54193 0.621625 0.0197031 0.0576944
0 0.478289 0.704111 0.0642031 0.076
0 0.576852 0.624125 0.0216406 0.0655833
0 0.532664 0.773306 0.0499219 0.0323889
0 0.362906 0.381097 0.02025 0.0268056
0 0.362766 0.498806 0.02825 0.0248333
0 0.661914 0.832264 0.0473906 0.0550278
0 0.614633 0.871569 0.0889219 0.0856944
0 0.643297 0.819597 0.032625 0.0479167
0 0.626172 0.789042 0.074375 0.0453056
0 0.450609 0.746194 0.0610313 0.0466667
0 0.593281 0.522014 0.0266875 0.0469722
0 0.500656 0.653528 0.0553438 0.0940556
0 0.410617 0.63425 0.0351094 0.0216667
0 0.315305 0.398375 0.00557812 0.0224167
0 0.427758 0.396889 0.0309844 0.0172778
0 0.333258 0.861542 0.0749531 0.112917
0 0.615594 0.952611 0.0802188 0.0873333
0 0.323789 0.365597 0.0136094 0.01325
0 0.6335 0.765486 0.0543125 0.0231389
0 0.500937 0.631861 0.058875 0.0787778
0 0.54782 0.525667 0.0170469 0.0181111
0 0.397031 0.512569 0.0399375 0.0608611
0 0.522922 0.449028 0.0100625 0.0277222
0 0.431547 0.296986 0.00578125 0.00625
0 0.300016 0.39725 0.0233437 0.0209444
0 0.400703 0.472903 0.025875 0.01925
0 0.598828 0.757056 0.0400937 0.0918333
0 0.682039 0.719111 0.0628594 0.09
0 0.667242 0.978278 0.0416094 0.0393889
0 0.816102 0.926944 0.0382656 0.0908889
0 0.757586 0.859792 0.0756719 0.0398056
0 0.61393 0.764083 0.0585469 0.0845556
0 0.559734 0.908111 0.0197188 0.0693333
0 0.4955 0.684028 0.0458438 0.107278
0 0.713437 0.751958 0.0508438 0.0396944
0 0.49993 0.529514 0.0290781 0.0279722
0 0.41118 0.407667 0.0213594 0.0174444
0 0.410438 0.256958 0.00403125 0.00819444
0 0.343797 0.379625 0.0179687 0.0180278
0 0.426961 0.721097 0.0164531 0.0411389
0 0.460039 0.665833 0.0397656 0.0589444
0 0.625812 0.670069 0.032625 0.0624722
0 0.309109 0.330028 0.00846875 0.00772222
0 0.323328 0.451389 0.0290312 0.0143889
0 0.566312 0.578361 0.0575625 0.0328889
0 0.601547 0.656208 0.0296563 0.116417
0 0.753445 0.943792 0.0347031 0.112417
0 0.313516 0.343458 0.0135312 0.0118056
0 0.620359 0.618625 0.02375 0.0301389
0 0.525086 0.842597 0.0623281 0.03825
0 0.577773 0.874875 0.0250469 0.0594167
0 0.430539 0.666819 0.0215469 0.0618611
0 0.892203 0.978972 0.0915 0.0366667
0 0.56832 0.936278 0.0112656 0.062
0 0.546398 0.638556 0.0182656 0.0883889
0 0.389953 0.492667 0.0408437 0.0455556
0 0.479789 0.602236 0.0286406 0.0530278
0 0.679961 0.908653 0.0420469 0.0409722
0 0.452773 0.794556 0.0413906 0.0518333
0 0.405328 0.620208 0.0310937 0.0195278
0 0.333062 0.370986 0.0155 0.0169167
0 0.461211 0.518514 0.0491406 0.110583
0 0.513625 0.492722 0.0112812 0.0246111
0 0.581687 0.653014 0.0400937 0.134528
0 0.482227 0.921903 0.0325781 0.0963611
