0 0.548211 0.476927 0.0204531 0.0518125
0 0.572664 0.470385 0.0303594 0.0592292
0 0.555305 0.41074 0.0208594 0.0655625
0 0.324836 0.445323 0.0437969 0.0300208
0 0.3595 0.425042 0.0195938 0.0472917
0 0.599641 0.423844 0.0230312 0.0454375
0 0.383289 0.424896 0.0324844 0.0272083
0 0.400875 0.386135 0.0140313 0.0236458
0 0.562125 0.44825 0.0263125 0.0518333
0 0.362063 0.401479 0.0335625 0.0469167
0 0.329242 0.420802 0.0315156 0.0323958
0 0.31357 0.431312 0.0313906 0.0166667
0 0.508359 0.466073 0.0345937 0.0279792
0 0.584266 0.418687 0.0181875 0.044375
0 0.595227 0.488844 0.0535781 0.0305625
0 0.58775 0.473562 0.049375 0.05675
