0 0.0670625 0.769229 0.134125 0.461542
0 0.74225 0.206764 0.239625 0.413528
0 0.0769453 0.368855 0.151797 0.732243
0 0.392648 0.324988 0.263172 0.649977
0 0.268055 0.526963 0.263984 0.594486
0 0.242867 0.798037 0.283422 0.395374
0 0.553305 0.216904 0.143828 0.433808
0 0.482172 0.711542 0.257469 0.576916
0 0.659055 0.485537 0.256578 0.716589
0 0.694078 0.647687 0.328531 0.701542
0 0.920398 0.270561 0.159203 0.405047
0 0.129328 0.0760864 0.0360938 0.149977
0 0.749039 0.894871 0.145141 0.210257
0 0.220844 0.241811 0.186906 0.47236
0 0.66632 0.100526 0.0855156 0.178435
