0 0.463039 0.496618 0.216928 0.301601
0 0.536242 0.402304 0.17451 0.328595
0 0.564093 0.59607 0.110278 0.353154
0 0.255139 0.395253 0.177958 0.234951
0 0.253799 0.470613 0.221029 0.297369
0 0.251887 0.545564 0.155016 0.350997
0 0.381928 0.275458 0.113824 0.10634
0 0.293595 0.377443 0.254869 0.257435
0 0.42442 0.31558 0.0945588 0.128578
0 0.505556 0.580515 0.146928 0.352304
0 0.1496 0.544109 0.140278 0.430278
0 0.103423 0.501642 0.204428 0.364526
0 0.496495 0.458644 0.130931 0.131765
0 0.427672 0.280899 0.0515523 0.0623203
0 0.363693 0.580466 0.0738562 0.18701
0 0.324453 0.642606 0.0398856 0.0612908
0 0.2404 0.376119 0.099134 0.127173
0 0.578627 0.401691 0.193595 0.30665
0 0.208489 0.613407 0.0796569 0.121454
0 0.405278 0.297271 0.0779739 0.105261
