0 0.668958 0.303852 0.0352083 0.0205156
0 0.51099 0.310289 0.0362708 0.0487656
0 0.614531 0.317258 0.0406875 0.0443594
0 0.666323 0.382812 0.0472708 0.0497187
0 0.685146 0.434383 0.0946667 0.0418906
0 0.65075 0.33782 0.0417083 0.0346094
0 0.540646 0.332875 0.0461667 0.0415312
0 0.494167 0.316922 0.0519583 0.0487187
0 0.690427 0.334922 0.0242708 0.0359063
0 0.576469 0.469445 0.0714375 0.0251406
0 0.575885 0.295 0.0225625 0.0535937
0 0.474896 0.333875 0.03575 0.0394062
0 0.596208 0.383984 0.0296667 0.068
0 0.663906 0.405391 0.0571042 0.045125
0 0.58049 0.405383 0.0423958 0.0497344
0 0.604833 0.437867 0.0572917 0.0330156
0 0.713906 0.384359 0.0157292 0.0159063
0 0.561885 0.438742 0.0445208 0.0311094
0 0.539906 0.406695 0.0818958 0.0462344
0 0.632656 0.381719 0.0376042 0.0428125
0 0.625438 0.40932 0.043375 0.0487969
0 0.580833 0.322695 0.0272083 0.0521719
0 0.69425 0.407984 0.0434583 0.0356875
0 0.505979 0.342687 0.0780417 0.0429062
0 0.68424 0.40218 0.0557292 0.0474219
0 0.542906 0.282461 0.0376042 0.0273594
0 0.542208 0.381227 0.0514583 0.0394219
