2 0.49807 0.377175 0.112172 0.0800236
2 0.940063 0.394563 0.05175 0.0452009
2 0.894211 0.553924 0.133672 0.120095
2 0.876547 0.402069 0.057625 0.0578487
2 0.681336 0.335827 0.128141 0.0529787
2 0.775039 0.789243 0.197016 0.160804
2 0.449789 0.622825 0.0742031 0.0492435
2 0.913133 0.719196 0.168016 0.119291
2 0.780586 0.449397 0.0569531 0.0648936
2 0.598547 0.734291 0.115094 0.124421
2 0.680117 0.557305 0.0851719 0.142128
2 0.574469 0.495213 0.147313 0.0626241
2 0.506461 0.665284 0.0304844 0.0694326
2 0.399023 0.558641 0.0854219 0.102199
