1 0.272258 0.378372 0.180734 0.252389
1 0.601758 0.363326 0.127891 0.210258
1 0.098125 0.184274 0.117469 0.1974
1 0.55768 0.403981 0.121016 0.253068
1 0.48668 0.188361 0.112578 0.194145
1 0.729852 0.453642 0.179984 0.164286
1 0.204586 0.208782 0.146859 0.193115
1 0.714766 0.553548 0.202844 0.25
1 0.602016 0.182272 0.078125 0.0824824
1 0.483992 0.445 0.187891 0.238384
1 0.154805 0.335105 0.134234 0.184356
1 0.74907 0.392283 0.185984 0.208829
1 0.910656 0.427681 0.155781 0.20918
1 0.93325 0.579087 0.1335 0.232365
1 0.387969 0.310504 0.144125 0.241335
1 0.345766 0.129052 0.072375 0.110937
1 0.833844 0.311393 0.101844 0.144707
1 0.678195 0.26767 0.122766 0.156136
1 0.8415 0.272248 0.114531 0.118407
1 0.961406 0.390515 0.0771875 0.136956
1 0.0538906 0.259145 0.107781 0.221991
1 0.423906 0.201557 0.087 0.14808
1 0.280875 0.134813 0.0994687 0.114028
