2 0.534312 0.937948 0.0317188 0.0417292
2 0.476352 0.958687 0.0254219 0.0282083
2 0.390492 0.96699 0.0230156 0.0405625
2 0.715664 0.823167 0.0164531 0.0275
2 0.731898 0.943583 0.0244219 0.0432083
2 0.406375 0.958344 0.0277187 0.0576458
2 0.759953 0.92851 0.0367813 0.0344375
2 0.727914 0.887833 0.0286406 0.035
2 0.720289 0.984177 0.0327344 0.0316458
2 0.455172 0.99176 0.01525 0.0164792
2 0.762141 0.983156 0.0217188 0.0187292
2 0.641391 0.880719 0.0274375 0.0274375
2 0.783766 0.951937 0.0126875 0.0204583
2 0.665617 0.8645 0.0265156 0.0168333
2 0.420492 0.975323 0.0212344 0.0356042
2 0.570742 0.982187 0.0335156 0.035625
2 0.561742 0.928302 0.0235781 0.0558958
2 0.553102 0.972021 0.0298906 0.039875
2 0.609648 0.893115 0.0258281 0.0358125
2 0.667086 0.904396 0.0313281 0.0666667
2 0.805867 0.894417 0.0319531 0.035875
2 0.713508 0.942031 0.0234531 0.0388958
2 0.591789 0.968781 0.0429844 0.0443542
2 0.690016 0.866719 0.0237813 0.0280625
2 0.641672 0.917281 0.0321562 0.0521875
2 0.737641 0.907646 0.0315937 0.0259583
2 0.834859 0.924958 0.020125 0.0215417
2 0.621664 0.927094 0.0280781 0.0409375
2 0.55393 0.933135 0.0217031 0.0421042
2 0.730586 0.849865 0.0330469 0.0413125
2 0.778477 0.891115 0.0261406 0.0260208
2 0.444109 0.982969 0.0267812 0.0300625
2 0.693531 0.911021 0.0382188 0.0325
2 0.680102 0.844073 0.0241719 0.0264375
2 0.674953 0.993969 0.0192187 0.0120625
2 0.525133 0.965635 0.0329844 0.0347708
2 0.730266 0.969635 0.0368437 0.0436042
2 0.697922 0.961146 0.0335625 0.0269167
2 0.494406 0.963021 0.0379688 0.021125
2 0.517094 0.980219 0.0171563 0.0325208
2 0.618219 0.906198 0.0206563 0.0294792
2 0.620844 0.959333 0.0245 0.033125
2 0.796969 0.919083 0.0329375 0.0298333
2 0.70443 0.807781 0.0210156 0.0341458
2 0.49425 0.980948 0.0338437 0.0337708
2 0.690742 0.937469 0.0301719 0.0313958
2 0.633867 0.985646 0.0422344 0.026
2 0.665695 0.850344 0.0267031 0.0237292
2 0.659891 0.939667 0.033625 0.0345
2 0.709656 0.874052 0.0179375 0.0288958
2 0.757484 0.882156 0.0367813 0.0358125
2 0.59768 0.92099 0.0253906 0.0323542
2 0.782289 0.934625 0.00589063 0.00616667
2 0.637437 0.95799 0.0181875 0.0322292
2 0.669367 0.983854 0.0117344 0.0160417
2 0.471031 0.987063 0.0249375 0.0221667
