0 0.32125 0.0215647 0.0284375 0.0431294
0 0.422547 0.145376 0.0402813 0.116824
0 0.117445 0.0298 0.0772969 0.0596
0 0.239039 0.0526941 0.0506094 0.104871
0 0.559656 0.0588941 0.0375937 0.117788
0 0.562258 0.1612 0.0361094 0.0715294
0 0.755641 0.0244941 0.059625 0.0489882
0 0.725125 0.0618471 0.0207813 0.0317882
0 0.605758 0.0166471 0.0290781 0.0332941
0 0.729516 0.0293176 0.0623437 0.0586353
0 0.438063 0.226482 0.0269375 0.0702824
0 0.638367 0.134435 0.0436719 0.111129
0 0.167969 0.0538824 0.0643438 0.107765
0 0.301305 0.0651412 0.100516 0.129153
0 0.368305 0.0449647 0.0683906 0.0894588
0 0.7 0.0993412 0.0308125 0.0965176
0 0.0622578 0.0281647 0.0694844 0.0563294
0 0.538312 0.138976 0.0195938 0.0569176
0 0.611641 0.104882 0.0324062 0.115318
0 0.954914 0.0352353 0.0414531 0.0424235
0 0.0305547 0.0273176 0.0604531 0.0525647
0 0.510188 0.136565 0.03575 0.0807529
0 0.402352 0.0586588 0.0503594 0.0665412
0 0.684516 0.117435 0.0374688 0.116424
0 0.645148 0.0400706 0.0460781 0.0801412
0 0.125641 0.0476941 0.056 0.0815059
0 0.356508 0.189318 0.0221719 0.0462118
0 0.233086 0.0735882 0.0518281 0.143176
0 0.509977 0.0381176 0.0332969 0.0735059
0 0.167492 0.0370706 0.0618594 0.0741412
0 0.467242 0.0514235 0.0417656 0.102847
0 0.370266 0.155447 0.0260312 0.0871765
0 0.447352 0.117282 0.0467344 0.0972471
0 0.409359 0.0265294 0.0840313 0.0494824
0 0.660578 0.128329 0.0349062 0.112565
0 0.444305 0.0195882 0.0723906 0.0381412
0 0.68332 0.0307647 0.0422344 0.0615294
0 0.806266 0.0230706 0.0169063 0.0389882
0 0.496758 0.164565 0.0319531 0.0800941
0 0.585781 0.0525529 0.026125 0.102141
0 0.787344 0.0608706 0.045875 0.0532706
0 0.559766 0.123765 0.0238438 0.0566588
0 0.975234 0.00576471 0.0235 0.0115294
0 0.835219 0.0321647 0.0383125 0.0643294
