0 0.961633 0.906896 0.0574219 0.07925
0 0.111711 0.621771 0.0456719 0.138292
0 0.666633 0.137365 0.0171094 0.0670625
0 0.628297 0.12049 0.0414687 0.0597292
0 0.717289 0.757208 0.117578 0.067
0 0.681844 0.114927 0.0260625 0.0539792
0 0.660773 0.108427 0.0172969 0.0555625
0 0.535672 0.739979 0.072 0.0598333
0 0.0914766 0.624437 0.0559844 0.143542
0 0.104711 0.65676 0.0424844 0.130896
0 0.560031 0.763031 0.0293125 0.0450625
0 0.530102 0.770385 0.0626094 0.0696875
0 0.454188 0.302667 0.0388437 0.0504167
0 0.45232 0.339542 0.0292656 0.023125
0 0.931742 0.932896 0.0209219 0.0697917
0 0.972219 0.916771 0.0555625 0.0900417
0 0.980187 0.928865 0.039625 0.0734792
0 0.472836 0.32601 0.0345781 0.0657292
0 0.438242 0.31149 0.0339219 0.0381875
0 0.681375 0.14625 0.0244375 0.0527083
0 0.641141 0.144094 0.0314063 0.0616875
0 0.482695 0.316104 0.0410156 0.070625
0 0.662844 0.756677 0.0217812 0.0368125
0 0.605141 0.146115 0.0157188 0.0621875
0 0.946008 0.970385 0.0225156 0.0520625
0 0.079875 0.606083 0.0474375 0.102708
0 0.52168 0.75225 0.0492344 0.0845
0 0.649219 0.129479 0.02025 0.0550833
0 0.974477 0.961552 0.0464219 0.0626875
