0 0.696844 0.323868 0.0657188 0.137344
0 0.795414 0.160416 0.0599219 0.139492
0 0.453313 0.200485 0.0209375 0.0703002
0 0.405922 0.459284 0.014375 0.0802309
0 0.477914 0.344527 0.0167344 0.0912702
0 0.731086 0.826501 0.0667969 0.109169
0 0.841547 0.619677 0.101594 0.139815
0 0.834266 0.678672 0.06475 0.17485
0 0.736742 0.350947 0.0433906 0.147436
0 0.66575 0.532494 0.0414687 0.131547
0 0.709492 0.512806 0.0759531 0.129307
0 0.811117 0.836074 0.0284219 0.0751501
0 0.764602 0.39291 0.0324531 0.163326
0 0.772711 0.632136 0.0378594 0.155081
0 0.476656 0.516478 0.0192187 0.113557
0 0.794758 0.112333 0.0818281 0.125774
0 0.522437 0.524192 0.0206875 0.100577
0 0.4835 0.234145 0.0191562 0.10261
0 0.782391 0.343002 0.0398437 0.151871
0 0.517789 0.404042 0.0202344 0.091963
0 0.433828 0.436109 0.0225312 0.0736952
0 0.461242 0.674642 0.0219531 0.106097
0 0.500016 0.53037 0.0233437 0.0998152
0 0.683414 0.132945 0.0578594 0.137667
0 0.754289 0.133857 0.0425781 0.139492
0 0.514453 0.361663 0.0188437 0.0976443
0 0.702266 0.367298 0.05275 0.15709
0 0.816844 0.340219 0.0522813 0.142194
0 0.811453 0.679642 0.0428125 0.156836
0 0.449914 0.338349 0.0319219 0.083164
0 0.396258 0.353961 0.0145469 0.0765127
0 0.452484 0.237483 0.0225312 0.0732564
0 0.745656 0.559342 0.0424687 0.178591
0 0.509875 0.277032 0.0188125 0.077067
0 0.480078 0.668268 0.0185312 0.0966282
0 0.874773 0.740751 0.0359531 0.0809007
0 0.507844 0.499503 0.0237813 0.105335
0 0.464141 0.349827 0.0224375 0.0888915
0 0.469227 0.211386 0.0169531 0.0848961
0 0.702172 0.80448 0.064875 0.158337
0 0.451969 0.632621 0.0368125 0.0786836
0 0.397313 0.444169 0.024625 0.0739261
0 0.384414 0.468799 0.0216094 0.0753811
0 0.779547 0.184746 0.0310312 0.164965
0 0.488133 0.543961 0.0177656 0.0989145
0 0.862719 0.360208 0.0482187 0.165774
0 0.790047 0.701963 0.039125 0.129977
0 0.511516 0.604457 0.0229375 0.0890531
0 0.829789 0.0884873 0.0616094 0.101778
0 0.470836 0.449457 0.0189531 0.0374827
0 0.699172 0.631674 0.0450938 0.0945727
0 0.690805 0.758222 0.0815781 0.131594
0 0.442359 0.678418 0.020875 0.065612
0 0.464703 0.255612 0.0203438 0.105219
0 0.557328 0.571952 0.026 0.0901386
0 0.775203 0.517032 0.0302812 0.0984065
0 0.407742 0.385831 0.0173594 0.0653349
0 0.713281 0.127194 0.0375937 0.124827
0 0.74593 0.814527 0.0307031 0.101293
