2 0.50215 0.704865 0.09542 0.107928
2 0.52863 0.12973 0.1143 0.113033
2 0.5228 0.508964 0.068 0.113423
2 0.34902 0.187132 0.08108 0.140991
2 0.29651 0.205616 0.04598 0.0998198
2 0.2969 0.646697 0.06444 0.0836637
2 0.95166 0.154685 0.05868 0.0754955
2 0.66286 0.374745 0.09624 0.0875676
2 0.27706 0.141006 0.03932 0.0854955
2 0.33215 0.122913 0.0549 0.131772
2 0.86806 0.132387 0.06044 0.070961
2 0.41987 0.171261 0.07478 0.0878679
2 0.7966 0.37973 0.1122 0.151952
2 0.50023 0.375511 0.12834 0.224595
2 0.24715 0.312793 0.05522 0.110511
