0 0.454805 0.434458 0.116016 0.071875
0 0.84825 0.47201 0.0138125 0.0166458
0 0.517406 0.329021 0.0446562 0.0587083
0 0.951914 0.485125 0.0194219 0.0579583
0 0.200805 0.675927 0.152922 0.110688
0 0.819648 0.762531 0.0426719 0.0816875
0 0.796414 0.502219 0.0716719 0.0922708
0 0.894781 0.427438 0.0718125 0.02
0 0.650344 0.707781 0.0527813 0.113229
0 0.547719 0.86699 0.174875 0.225771
0 0.811492 0.616635 0.108641 0.123438
0 0.620062 0.62274 0.0494687 0.0894792
0 0.817 0.485302 0.087125 0.125896
0 0.815266 0.541271 0.0571875 0.105875
0 0.897602 0.54151 0.0360156 0.0595625
0 0.559703 0.398198 0.0234688 0.0610208
0 0.283969 0.931302 0.137719 0.130687
0 0.747133 0.84776 0.0997344 0.168854
0 0.620523 0.495479 0.0710469 0.0748333
0 0.216594 0.510448 0.0635625 0.0777292
0 0.21357 0.929458 0.0896094 0.121042
0 0.835039 0.600385 0.120578 0.104354
0 0.27457 0.956208 0.155766 0.0871667
0 0.543828 0.38675 0.0407187 0.0488333
0 0.425086 0.530625 0.0920781 0.088875
0 0.509992 0.386406 0.0821094 0.106146
0 0.548852 0.495406 0.0773594 0.0601042
0 0.899484 0.457573 0.0672188 0.0281042
0 0.710797 0.651479 0.04475 0.0829167
0 0.553406 0.343083 0.0227187 0.102625
0 0.36918 0.397875 0.117672 0.113417
0 0.406781 0.394781 0.0349687 0.0182708
0 0.690789 0.567656 0.0845469 0.0496875
0 0.715977 0.747177 0.0379531 0.121938
0 0.671203 0.702052 0.0579375 0.139104
0 0.566969 0.56599 0.0975938 0.0621042
0 0.461258 0.491281 0.156016 0.0865625
0 0.450273 0.366156 0.0253906 0.0671875
0 0.801609 0.684292 0.143937 0.143042
0 0.821977 0.44 0.0369219 0.02925
0 0.573102 0.334927 0.0543594 0.0973542
0 0.814602 0.576531 0.0792344 0.0689792
0 0.103523 0.731104 0.148516 0.187083
0 0.565531 0.6245 0.147906 0.17075
0 0.82768 0.617104 0.110078 0.127375
0 0.278273 0.517833 0.0295156 0.0618333
0 0.545141 0.344135 0.0155312 0.0653958
0 0.573914 0.620708 0.0593906 0.0512083
0 0.66643 0.62525 0.0681094 0.0626667
0 0.0740703 0.7365 0.147266 0.21675
0 0.917172 0.472937 0.0504687 0.0462917
0 0.48118 0.624542 0.0837969 0.157
0 0.51293 0.361875 0.0748281 0.0413333
0 0.899258 0.565021 0.0372656 0.0569583
0 0.864953 0.573542 0.0424062 0.041
0 0.904445 0.465156 0.0639219 0.0375625
0 0.594117 0.451156 0.0469219 0.0376875
0 0.128547 0.719188 0.165219 0.161417
0 0.376305 0.448927 0.0322344 0.0436458
0 0.232602 0.712917 0.149922 0.136292
0 0.445266 0.636854 0.089375 0.203333
0 0.919984 0.54975 0.0101875 0.0333333
0 0.737711 0.827125 0.0700469 0.133167
0 0.526773 0.519615 0.0510781 0.0541042
0 0.482477 0.587031 0.0297969 0.0755208
0 0.165508 0.412948 0.0279531 0.0508125
0 0.718008 0.517417 0.0628281 0.109
0 0.566141 0.348615 0.0381875 0.0967292
0 0.509219 0.368594 0.072125 0.0592292
0 0.522547 0.965677 0.0926875 0.0686458
0 0.745609 0.516281 0.0565312 0.120271
0 0.598672 0.460021 0.108281 0.0865417
0 0.541047 0.453969 0.0315312 0.0274375
0 0.209328 0.392219 0.0401875 0.0825625
0 0.840609 0.44224 0.0353438 0.0438542
0 0.923258 0.578448 0.0346094 0.0307708
0 0.313883 0.96551 0.0722344 0.0670208
0 0.587008 0.830125 0.161922 0.176667
0 0.864211 0.481625 0.0187031 0.021375
