0 0.431961 0.607302 0.00889063 0.00964583
0 0.515297 0.476333 0.0064375 0.009125
0 0.07975 0.473958 0.0120313 0.0194583
0 0.500164 0.460542 0.00839063 0.00895833
0 0.313844 0.53826 0.0131562 0.00527083
0 0.173633 0.583688 0.00742187 0.0127083
0 0.0875234 0.441917 0.0142656 0.013875
0 0.381336 0.453302 0.0109531 0.00797917
0 0.885578 0.548073 0.00496875 0.0113125
0 0.971945 0.487844 0.00748437 0.0107708
0 0.115594 0.446542 0.0119688 0.00816667
0 0.0614062 0.600687 0.00784375 0.0250833
0 0.958875 0.524875 0.00940625 0.0149583
0 0.509234 0.467083 0.0039375 0.00908333
0 0.374258 0.477042 0.0137656 0.00975
0 0.699625 0.533885 0.00784375 0.00552083
0 0.0748828 0.549021 0.00920312 0.0139167
0 0.397875 0.50124 0.010125 0.00910417
0 0.412555 0.454646 0.0127344 0.00666667
0 0.0312422 0.524271 0.0193594 0.0176667
0 0.37607 0.586667 0.0170781 0.017875
0 0.539883 0.587792 0.00867187 0.0150417
0 0.861305 0.534656 0.0132656 0.0165625
0 0.0293203 0.559812 0.0106094 0.0279167
0 0.0330547 0.536813 0.0182031 0.0105
0 0.0539766 0.523896 0.0197656 0.00983333
0 0.411687 0.562167 0.0076875 0.0065
0 0.69232 0.539208 0.0138281 0.00641667
0 0.281266 0.544729 0.0071875 0.005
0 0.125242 0.577688 0.00826563 0.0126667
0 0.171836 0.541313 0.0126406 0.0113333
0 0.486297 0.525229 0.013875 0.0137083
0 0.934469 0.478927 0.00603125 0.00872917
0 0.523281 0.529062 0.00971875 0.009625
0 0.92775 0.518094 0.00421875 0.00535417
0 0.0514922 0.604458 0.0113594 0.0251667
0 0.800695 0.556615 0.00564062 0.0125208
0 0.391805 0.590313 0.0164531 0.0131667
0 0.389555 0.599677 0.0191406 0.00797917
0 0.403031 0.483615 0.0068125 0.0101875
0 0.977148 0.588615 0.00564062 0.0108542
0 0.978078 0.545292 0.0036875 0.0127083
0 0.878016 0.527906 0.0060625 0.0105208
0 0.521344 0.615021 0.0115937 0.00933333
0 0.299422 0.538135 0.011125 0.00989583
0 0.834383 0.551031 0.00529688 0.0130625
0 0.824523 0.530208 0.00707813 0.0249583
0 0.106891 0.508177 0.0183125 0.00972917
0 0.519906 0.606281 0.0118438 0.0119792
0 0.358195 0.537885 0.0200469 0.0101875
0 0.534594 0.601521 0.01325 0.00883333
0 0.987047 0.558417 0.005375 0.01875
0 0.414742 0.601792 0.0144844 0.00966667
0 0.38907 0.578219 0.0124531 0.0151875
0 0.890539 0.567906 0.00660938 0.0074375
0 0.139039 0.553562 0.00932812 0.018
0 0.400367 0.529021 0.00789063 0.0107917
0 0.40975 0.535813 0.01075 0.0104583
0 0.798797 0.54849 0.004125 0.0104792
0 0.132531 0.498802 0.0104688 0.0183542
0 0.531094 0.584292 0.0134375 0.012125
0 0.0949062 0.595042 0.0070625 0.01525
0 0.164555 0.568906 0.00870313 0.0146875
0 0.374422 0.514875 0.016125 0.0137917
0 0.985273 0.466396 0.00657812 0.0195417
0 0.863414 0.573813 0.00573437 0.00820833
0 0.802852 0.498156 0.00814063 0.0186042
0 0.48093 0.441323 0.00889063 0.0137708
0 0.782977 0.576542 0.0129844 0.008375
0 0.403156 0.457292 0.0165 0.00641667
0 0.178859 0.49525 0.00621875 0.00754167
0 0.127109 0.59001 0.009 0.0160625
0 0.514398 0.527271 0.00598438 0.00770833
0 0.826172 0.55226 0.00634375 0.0162292
0 0.971195 0.562 0.00957812 0.0139583
0 0.674609 0.536344 0.0154062 0.00639583
0 0.417898 0.583615 0.0113594 0.0147708
0 0.481133 0.52451 0.0163281 0.0236875
0 0.975203 0.555156 0.0075625 0.0173958
0 0.0946875 0.46749 0.01925 0.00822917
0 0.141758 0.562042 0.0127656 0.017625
0 0.831656 0.567906 0.0074375 0.0123958
0 0.0312734 0.516969 0.0240781 0.0147292
0 0.422492 0.534844 0.00714063 0.00760417
0 0.959437 0.486729 0.00590625 0.00629167
0 0.911508 0.57076 0.00839063 0.0138542
0 0.497055 0.520229 0.00842187 0.0117083
0 0.436062 0.592146 0.008 0.0116667
0 0.409133 0.582927 0.0103281 0.0137708
0 0.891906 0.509458 0.00834375 0.019875
0 0.93857 0.53926 0.00517188 0.00797917
0 0.984828 0.502667 0.006875 0.0155417
