0 0.755008 0.132135 0.0993906 0.264271
0 0.545711 0.211031 0.0658906 0.319396
0 0.796328 0.123458 0.084 0.243667
0 0.499828 0.210865 0.067 0.338396
0 0.125047 0.452302 0.057875 0.0507292
0 0.0485938 0.297198 0.0971875 0.316562
0 0.683531 0.155677 0.0563125 0.311354
0 0.325672 0.258729 0.0614375 0.299292
0 0.641648 0.15526 0.0697656 0.308313
0 0.10582 0.284719 0.0677656 0.313771
0 0.604016 0.1515 0.080125 0.303
0 0.145648 0.333896 0.0638906 0.27
0 0.288461 0.253885 0.108703 0.293312
0 0.822922 0.253219 0.0519375 0.0638125
0 0.475266 0.202271 0.100312 0.336042
0 0.0665625 0.285135 0.0728125 0.292604
0 0.374375 0.266969 0.0580625 0.321021
0 0.728766 0.225302 0.043125 0.184771
0 0.376969 0.307458 0.0705313 0.28325
0 0.0305234 0.301365 0.0610469 0.329313
0 0.433258 0.218792 0.0709531 0.27475
0 0.540719 0.365073 0.0364063 0.0777292
0 0.42107 0.329167 0.0410156 0.183125
0 0.85225 0.1435 0.0931562 0.287
0 0.0922344 0.467052 0.061375 0.0432708
0 0.309102 0.269344 0.0958281 0.282062
2 0.474219 0.439604 0.07125 0.0848333
2 0.17843 0.740885 0.0282656 0.0323542
2 0.12107 0.772083 0.0288281 0.0387917
2 0.203289 0.781073 0.0286094 0.0395625
2 0.225227 0.761208 0.0242656 0.021375
2 0.0959453 0.781844 0.0303281 0.0289792
2 0.527133 0.46551 0.0587344 0.0734375
2 0.122047 0.746146 0.030375 0.031125
2 0.15768 0.763229 0.0475156 0.0410417
2 0.219086 0.751312 0.0240781 0.0249583
2 0.261969 0.777563 0.028375 0.0382083
2 0.231891 0.776708 0.0355313 0.02925
2 0.189383 0.795052 0.0304531 0.0183542
2 0.434063 0.0822708 0.0614375 0.0445
2 0.162875 0.78824 0.0285938 0.0236458
2 0.527508 0.527698 0.0532031 0.0776458
2 0.167836 0.233729 0.0254219 0.04625
2 0.225906 0.806198 0.035625 0.0364792
2 0.584203 0.475833 0.065 0.0835417
2 0.508344 0.571562 0.0560312 0.0310417
2 0.147211 0.238167 0.0396406 0.069
2 0.409172 0.138667 0.0295 0.0609583
2 0.449094 0.568417 0.0599375 0.0325833
2 0.468945 0.529344 0.0795469 0.106062
2 0.137336 0.788708 0.0258281 0.0192917
2 0.195734 0.76025 0.0251875 0.0295417
2 0.608297 0.288635 0.046125 0.0602708
2 0.532742 0.404417 0.0794531 0.0716667
2 0.249922 0.743708 0.0227187 0.023125
2 0.567688 0.538365 0.0569063 0.0793125
2 0.154562 0.740292 0.0257812 0.0283333
