2 0.723828 0.688563 0.162406 0.204333
2 0.587625 0.171656 0.102719 0.109854
2 0.885688 0.590313 0.0490938 0.08775
2 0.540445 0.773875 0.0392656 0.0404583
2 0.346008 0.7325 0.102891 0.0995
2 0.275133 0.327229 0.0518906 0.139708
2 0.706719 0.27076 0.149812 0.0974375
2 0.482461 0.773406 0.0288906 0.0611458
2 0.279891 0.452052 0.112312 0.125146
2 0.821922 0.321979 0.0382813 0.055125
2 0.558273 0.801979 0.156141 0.09
2 0.931672 0.472354 0.0869375 0.0600833
2 0.463945 0.163062 0.111891 0.0679583
2 0.372273 0.355063 0.0247969 0.0347083
2 0.480578 0.713479 0.121313 0.0699167
2 0.86332 0.466052 0.0675781 0.153854
2 0.326828 0.200698 0.0975 0.102438
2 0.27825 0.606604 0.0425312 0.07025
2 0.849266 0.637854 0.0612812 0.082625
2 0.33875 0.431 0.0505625 0.0677917
2 0.366625 0.698844 0.127312 0.135646
2 0.691859 0.198646 0.0405625 0.0625417
