0 0.464208 0.372688 0.0630882 0.0524346
0 0.868186 0.712721 0.0488889 0.101912
0 0.332475 0.863007 0.0761601 0.155392
0 0.541985 0.873962 0.0469771 0.175507
0 0.710964 0.696716 0.0184641 0.0779412
0 0.216699 0.364355 0.0386928 0.100082
0 0.197884 0.703881 0.0380882 0.130278
0 0.122574 0.872737 0.0856699 0.147761
0 0.948227 0.738333 0.0397222 0.119804
0 0.715776 0.339698 0.0248203 0.0583497
0 0.0786928 0.8779 0.077451 0.136029
0 0.591732 0.415833 0.0670588 0.0546405
0 0.406609 0.864453 0.0412908 0.146814
0 0.0726389 0.853864 0.0640359 0.125343
0 0.25232 0.726103 0.0328758 0.145376
0 0.841127 0.43857 0.0543464 0.107239
0 0.285547 0.400572 0.0302778 0.0276144
0 0.395907 0.353848 0.0462582 0.0964869
0 0.661797 0.346054 0.0284641 0.0905719
0 0.64933 0.87232 0.0393791 0.12598
0 0.443219 0.863701 0.0530719 0.148775
0 0.296381 0.460523 0.0449837 0.100098
0 0.385474 0.733374 0.0455882 0.117075
0 0.275825 0.330449 0.0715523 0.105539
0 0.552198 0.309567 0.108807 0.100539
0 0.673203 0.659788 0.0315359 0.04
0 0.714984 0.709975 0.0743791 0.131846
0 0.58366 0.729812 0.0363072 0.104788
0 0.172851 0.359338 0.0409641 0.0893954
0 0.606708 0.702966 0.0390033 0.141585
0 0.46951 0.445515 0.0636275 0.115637
0 0.607312 0.469698 0.0913235 0.117598
0 0.520654 0.690588 0.0670261 0.106928
0 0.27576 0.724208 0.0289052 0.136781
0 0.41393 0.460025 0.055866 0.0957026
0 0.438971 0.760899 0.0318301 0.0418627
0 0.10232 0.37665 0.079281 0.105
0 0.377141 0.361577 0.0312418 0.103938
0 0.233938 0.720801 0.0510458 0.135131
0 0.613897 0.354763 0.0460948 0.114951
0 0.221683 0.862435 0.0722222 0.171961
0 0.632484 0.424616 0.0386275 0.0647549
0 0.865008 0.441585 0.0325327 0.117092
0 0.882353 0.380637 0.0502614 0.0212745
0 0.82799 0.353015 0.0778758 0.0749837
0 0.587034 0.479616 0.0684477 0.117696
0 0.276201 0.85808 0.0764216 0.152042
0 0.119069 0.499592 0.0521569 0.059085
0 0.53241 0.378227 0.0370425 0.0414869
0 0.375114 0.867304 0.0566667 0.138203
0 0.0645997 0.831283 0.0510294 0.091781
0 0.148031 0.475 0.0387092 0.107451
0 0.839657 0.766462 0.0727451 0.0793301
0 0.136585 0.367484 0.0637582 0.103595
0 0.906814 0.688399 0.0574183 0.0812092
0 0.573023 0.878342 0.0380392 0.157663
0 0.953636 0.462181 0.0312908 0.125899
0 0.951152 0.887034 0.0261928 0.145474
0 0.492778 0.453317 0.0469281 0.113333
0 0.801144 0.854453 0.0503595 0.1475
0 0.911904 0.734485 0.0471732 0.137696
0 0.33549 0.351961 0.0585948 0.0752614
0 0.113366 0.478284 0.0768301 0.0635294
0 0.740842 0.353954 0.0870425 0.0719281
0 0.792696 0.342108 0.0806209 0.044902
0 0.706413 0.450523 0.0801797 0.139281
0 0.793554 0.719918 0.0578595 0.127288
0 0.513701 0.467312 0.0410294 0.135637
0 0.726544 0.87723 0.0858987 0.158971
0 0.834975 0.702688 0.0610294 0.0910294
0 0.664788 0.461569 0.0610458 0.132941
0 0.836152 0.413464 0.0764216 0.139739
0 0.67844 0.877279 0.0729248 0.162173
0 0.301446 0.83424 0.0420425 0.0977288
0 0.410703 0.714224 0.0270261 0.0895588
0 0.262026 0.319101 0.0830719 0.09
0 0.35344 0.724485 0.0543627 0.111029
0 0.778758 0.448979 0.0735621 0.101879
0 0.383701 0.466201 0.0746569 0.115997
0 0.541438 0.460842 0.0283007 0.115212
0 0.962949 0.378595 0.00897059 0.0233333
0 0.422116 0.407361 0.0455065 0.0257026
0 0.957704 0.402516 0.0208333 0.0304248
0 0.314616 0.729158 0.0271732 0.112565
0 0.623489 0.833333 0.0264542 0.0542484
0 0.782435 0.510825 0.0279412 0.0241013
0 0.493815 0.774493 0.0749837 0.0426797
0 0.6271 0.79009 0.0262582 0.0426961
0 0.332917 0.728922 0.0327941 0.115131
0 0.925711 0.821961 0.0453105 0.055
0 0.682958 0.364804 0.0448366 0.116732
0 0.66634 0.722753 0.0566013 0.134526
0 0.928015 0.885801 0.0571732 0.156275
0 0.34152 0.368595 0.0479412 0.0915359
0 0.603979 0.877868 0.0515523 0.170899
0 0.296054 0.857606 0.0756373 0.140507
0 0.201495 0.473913 0.0396895 0.122075
0 0.429281 0.692263 0.0628758 0.140801
0 0.130792 0.72567 0.0366503 0.134542
0 0.196495 0.824355 0.0199183 0.0890033
0 0.7325 0.347737 0.0376797 0.0825654
0 0.793766 0.887704 0.0455065 0.165343
0 0.160817 0.726111 0.0333007 0.134575
0 0.15326 0.846021 0.0825 0.11469
0 0.471985 0.870474 0.0391667 0.151078
0 0.250703 0.468815 0.0315359 0.0574346
0 0.167998 0.471577 0.0311275 0.125049
0 0.445 0.472851 0.0474183 0.10482
0 0.89656 0.46866 0.0583824 0.131928
0 0.861675 0.862435 0.0716176 0.143791
0 0.935188 0.343685 0.0682516 0.0880229
0 0.577206 0.312614 0.0650654 0.108203
0 0.636797 0.350474 0.0263072 0.0880719
0 0.0948039 0.873007 0.0748366 0.149935
0 0.321928 0.445417 0.0194444 0.0759641
0 0.305596 0.375458 0.024951 0.019902
0 0.25777 0.400768 0.0410948 0.0558824
0 0.628072 0.693668 0.061634 0.127892
0 0.361781 0.809616 0.0417974 0.0597549
0 0.472312 0.346078 0.0274346 0.0433333
0 0.554355 0.680694 0.019232 0.0510294
0 0.674469 0.316185 0.032598 0.0478922
0 0.569796 0.375719 0.0402451 0.0371569
0 0.359918 0.701046 0.069085 0.085817
0 0.53277 0.304526 0.10152 0.100065
0 0.633881 0.663962 0.0595588 0.0977288
0 0.390776 0.505163 0.0287745 0.035719
0 0.419477 0.503243 0.0411111 0.046683
0 0.386266 0.461822 0.0822712 0.0896895
0 0.738954 0.451413 0.0746078 0.119232
0 0.244126 0.446029 0.0925 0.0783333
0 0.926618 0.460539 0.0376144 0.114248
0 0.324975 0.461789 0.0741013 0.122565
0 0.851275 0.691405 0.0344118 0.0557843
0 0.838783 0.876985 0.0965196 0.180082
0 0.217149 0.459796 0.0528268 0.103578
0 0.562892 0.470556 0.0495752 0.111797
0 0.171895 0.707353 0.0258824 0.104869
0 0.497598 0.703309 0.0349346 0.127271
0 0.288913 0.335466 0.0420425 0.100768
0 0.829289 0.503423 0.0400817 0.0321405
0 0.470408 0.705335 0.0352288 0.126356
0 0.774379 0.713456 0.0614052 0.13018
0 0.494502 0.866683 0.0558333 0.147843
0 0.775686 0.377557 0.0289869 0.0274346
0 0.554926 0.726234 0.050866 0.103252
0 0.688505 0.715482 0.0287418 0.11799
0 0.19308 0.866389 0.0602124 0.148301
0 0.191046 0.368137 0.0381373 0.0933007
0 0.800188 0.402328 0.0364216 0.0261601
0 0.902288 0.337345 0.068366 0.0721078
0 0.511405 0.376389 0.0333987 0.0463072
0 0.0648284 0.492165 0.0576961 0.0858987
