0 0.166539 0.177083 0.0142656 0.0585556
0 0.685594 0.0706111 0.0141875 0.0292778
0 0.567859 0.557528 0.126875 0.2135
0 0.389594 0.230875 0.00903125 0.0318056
0 0.792172 0.828403 0.0374063 0.157639
0 0.533336 0.136847 0.00514063 0.0121944
0 0.701578 0.276542 0.0123125 0.0429722
0 0.208945 0.167028 0.0274531 0.0402222
0 0.887594 0.689403 0.131906 0.296806
0 0.426836 0.255153 0.0180156 0.0329722
0 0.461406 0.662556 0.0339375 0.286222
0 0.708492 0.680458 0.125203 0.245417
0 0.425719 0.14875 0.0242188 0.0592778
0 0.169609 0.493014 0.0875937 0.283972
0 0.418016 0.6055 0.0960938 0.259056
0 0.506375 0.636389 0.049625 0.323889
0 0.837813 0.698778 0.0892813 0.355667
0 0.730938 0.291694 0.00953125 0.0366667
0 0.746695 0.845792 0.0287031 0.108306
0 0.306875 0.540597 0.039625 0.147306
0 0.669656 0.143597 0.00590625 0.0184722
0 0.746461 0.114361 0.0207656 0.0374444
0 0.426805 0.629097 0.0780156 0.292972
0 0.658016 0.0730833 0.0124375 0.0337778
0 0.403617 0.565861 0.125172 0.1985
0 0.444211 0.641264 0.0641719 0.323417
0 0.126664 0.406694 0.122109 0.218722
0 0.464211 0.232903 0.0219531 0.0248056
0 0.299219 0.401139 0.06575 0.198556
0 0.627469 0.136333 0.0075 0.0192222
0 0.870797 0.671444 0.126219 0.325222
0 0.536148 0.611639 0.0870469 0.288889
0 0.446562 0.261917 0.0135625 0.0458889
0 0.3125 0.376125 0.127094 0.20225
0 0.24857 0.492194 0.0535781 0.294444
0 0.423875 0.179486 0.00965625 0.0440833
0 0.819047 0.798111 0.0434063 0.235278
0 0.644469 0.193264 0.0196563 0.0754722
0 0.187875 0.479875 0.0535625 0.235639
0 0.396953 0.229625 0.0081875 0.0324167
0 0.774953 0.129139 0.016875 0.0550556
0 0.177586 0.180139 0.0142656 0.07
0 0.790023 0.114806 0.0310156 0.0387222
0 0.452406 0.258333 0.0154375 0.0357222
0 0.619398 0.183139 0.0207656 0.0620556
0 0.268336 0.456625 0.0530469 0.279361
0 0.409328 0.197625 0.00965625 0.0223056
0 0.412766 0.228028 0.0125625 0.0335
0 0.344977 0.478833 0.0506406 0.145889
0 0.61757 0.171681 0.0253594 0.06275
0 0.532594 0.639875 0.0670625 0.275639
0 0.485187 0.636236 0.0455 0.315306
0 0.41382 0.161625 0.0117031 0.0633611
0 0.133992 0.450444 0.137266 0.220333
0 0.733977 0.279278 0.0173281 0.0559444
0 0.680063 0.0761806 0.0089375 0.0383611
0 0.861547 0.701264 0.103625 0.419583
0 0.399469 0.171861 0.0124688 0.0623889
0 0.713984 0.610139 0.074375 0.129944
0 0.408609 0.16425 0.016625 0.0734444
0 0.76707 0.137514 0.0155469 0.0725278
0 0.32668 0.529278 0.0237969 0.0805
0 0.429539 0.177986 0.0222656 0.0474167
0 0.519219 0.14025 0.0060625 0.0287222
0 0.746672 0.130236 0.020625 0.0539722
0 0.626625 0.189708 0.022875 0.05325
0 0.611563 0.142944 0.01025 0.0305
0 0.629297 0.211764 0.0150312 0.0283056
0 0.724125 0.275222 0.010125 0.0440556
0 0.652961 0.187056 0.0171719 0.0674444
0 0.666266 0.0813611 0.0078125 0.0425556
0 0.22693 0.573625 0.0143281 0.0671944
0 0.796055 0.140528 0.00951562 0.0244444
0 0.690219 0.0623056 0.0191875 0.0246111
0 0.20775 0.500667 0.0477812 0.299722
0 0.196313 0.179792 0.0286563 0.0659167
0 0.187656 0.178458 0.0184687 0.0615278
0 0.553477 0.587431 0.107953 0.253083
0 0.736875 0.702819 0.0965 0.340528
0 0.784836 0.709722 0.0697344 0.367333
0 0.511727 0.131083 0.0125469 0.02
0 0.432781 0.261153 0.0114062 0.0466389
0 0.638078 0.179389 0.0169375 0.0618333
0 0.156805 0.171403 0.0261094 0.0641389
0 0.455602 0.246264 0.0182344 0.0288611
0 0.661188 0.0791528 0.009375 0.0381944
0 0.616508 0.142556 0.00923437 0.0287222
0 0.403766 0.230139 0.0085625 0.0256111
0 0.691789 0.0706389 0.0155781 0.0253889
0 0.756969 0.139125 0.0104063 0.0545833
0 0.530711 0.125056 0.0109844 0.0132222
0 0.13225 0.523083 0.03275 0.104611
0 0.783305 0.123847 0.0237969 0.0410278
0 0.716125 0.302056 0.005625 0.0225556
2 0.89682 0.913819 0.0151406 0.0213611
2 0.683797 0.568708 0.0115312 0.0210278
2 0.951859 0.910986 0.0215938 0.0275833
2 0.977516 0.781278 0.0145625 0.0217778
2 0.616727 0.751319 0.00595313 0.01375
2 0.954156 0.858389 0.0259688 0.0315556
2 0.575766 0.829625 0.015375 0.0315833
2 0.71568 0.524486 0.0102344 0.0161389
2 0.647445 0.832625 0.0172969 0.0354722
2 0.657578 0.575139 0.0138437 0.018
2 0.670055 0.6 0.0134844 0.0230556
2 0.727125 0.878333 0.01125 0.0238333
2 0.905023 0.889097 0.0200469 0.0435833
2 0.959141 0.756181 0.009125 0.0185278
2 0.626312 0.832792 0.0187812 0.0343611
2 0.692414 0.87075 0.0167969 0.0283889
2 0.637938 0.749208 0.0169687 0.0239722
2 0.707008 0.5055 0.0101406 0.00816667
2 0.61157 0.806292 0.0140469 0.0198611
2 0.921344 0.852181 0.019625 0.0413056
2 0.87825 0.898931 0.00709375 0.0160278
2 0.858281 0.892403 0.0202813 0.0324167
2 0.678359 0.582528 0.00990625 0.0169444
2 0.600281 0.720125 0.0105313 0.0125833
2 0.870109 0.905306 0.0100938 0.0161667
2 0.632164 0.653236 0.0138594 0.0145833
2 0.614375 0.771028 0.0165937 0.0271667
2 0.825023 0.897306 0.0142031 0.0243333
2 0.739094 0.534153 0.00965625 0.0143611
2 0.669805 0.435542 0.00979688 0.0133611
2 0.988406 0.874347 0.0222812 0.0289722
2 0.542844 0.845625 0.0126562 0.0171944
2 0.700789 0.454861 0.00595313 0.00961111
2 0.670961 0.825986 0.0205156 0.0280833
2 0.958586 0.771597 0.0107656 0.0253611
2 0.670719 0.624583 0.00853125 0.00977778
2 0.625984 0.724611 0.015 0.0220556
2 0.735578 0.467903 0.01025 0.01925
2 0.589602 0.851639 0.0174531 0.0307778
