2 0.248703 0.456659 0.0173437 0.02
2 0.224344 0.447348 0.0094375 0.0106776
2 0.268555 0.481285 0.0132031 0.0101402
2 0.266367 0.472395 0.0112344 0.0166121
2 0.295664 0.478855 0.0133906 0.01
2 0.209219 0.470315 0.006875 0.010257
2 0.277469 0.473505 0.0104688 0.011028
2 0.238859 0.482009 0.0118438 0.00985981
2 0.233242 0.45361 0.0113594 0.0101168
2 0.216469 0.472465 0.0148437 0.0170327
2 0.264289 0.463715 0.0115781 0.00845794
2 0.207758 0.457827 0.0113281 0.0120561
2 0.298055 0.470129 0.0120156 0.0140888
2 0.253383 0.480958 0.00807813 0.00411215
2 0.277195 0.467056 0.00979688 0.010514
2 0.226648 0.458715 0.0130469 0.0158879
2 0.242266 0.469369 0.009625 0.00897196
