0 0.214547 0.793664 0.0717812 0.0548906
0 0.502219 0.255258 0.07 0.0828281
0 0.200156 0.867148 0.091875 0.0360156
0 0.135109 0.979234 0.06075 0.0389375
0 0.500742 0.809711 0.0477656 0.0637031
0 0.0459297 0.85343 0.0780156 0.0685469
0 0.458953 0.877312 0.0684687 0.0638438
0 0.944766 0.926008 0.0553125 0.0811719
0 0.474539 0.379781 0.0646094 0.0571875
0 0.500523 0.811398 0.0408281 0.0498281
0 0.174211 0.460516 0.0933281 0.0384688
0 0.700234 0.821297 0.03 0.0244375
0 0.100633 0.596992 0.0505156 0.0907656
0 0.232414 0.954234 0.0784531 0.0664062
0 0.142492 0.607953 0.0589219 0.0783438
0 0.0509141 0.735812 0.0446094 0.0800937
0 0.831484 0.225734 0.0835313 0.0424687
0 0.537539 0.395516 0.0369219 0.075125
0 0.576203 0.35975 0.0903125 0.04625
0 0.0252891 0.807883 0.0503594 0.0399531
0 0.156812 0.756422 0.0760312 0.0875625
0 0.678687 0.7455 0.00846875 0.00740625
0 0.116633 0.876844 0.0557656 0.0895312
0 0.427547 0.88782 0.0828125 0.0366719
0 0.743961 0.266516 0.0630781 0.0454375
0 0.182148 0.473125 0.0992344 0.0512813
0 0.563281 0.385883 0.0726563 0.0718906
0 0.167211 0.509922 0.0927969 0.08575
0 0.250891 0.959352 0.0964062 0.0561406
0 0.489016 0.398125 0.0428125 0.0849375
0 0.45575 0.84 0.024875 0.0333437
0 0.843906 0.871148 0.0964062 0.0305156
0 0.54857 0.745023 0.0383594 0.0357969
0 0.495258 0.929539 0.0417969 0.0938594
0 0.512867 0.939086 0.0665156 0.0883594
0 0.824727 0.979234 0.108203 0.0415312
0 0.646203 0.471281 0.02 0.0466562
0 0.163109 0.806445 0.0781875 0.0622031
0 0.0682031 0.606398 0.0432188 0.114047
0 0.746133 0.914484 0.0366719 0.101281
0 0.0175625 0.737359 0.035125 0.0869375
0 0.207789 0.754586 0.0412031 0.0490156
0 0.508695 0.43 0.0275156 0.032625
0 0.697953 0.242391 0.0395625 0.0789688
0 0.0959375 0.636937 0.0584687 0.0925625
0 0.214594 0.955016 0.050625 0.050625
0 0.0335156 0.640133 0.0670313 0.0930781
0 0.177031 0.76218 0.0723125 0.0689844
0 0.176492 0.66068 0.0783594 0.0737344
0 0.152359 0.926289 0.0436875 0.0823594
0 0.784445 0.286 0.0448281 0.0437188
0 0.802422 0.243727 0.0833438 0.0715781
0 0.109312 0.762586 0.0421562 0.0922344
0 0.257664 0.97993 0.111297 0.0382031
0 0.199609 0.911172 0.0449688 0.056875
0 0.535508 0.437344 0.0262031 0.0250625
0 0.897672 0.951547 0.082625 0.068
0 0.975656 0.929555 0.0486875 0.0622031
0 0.557242 0.26275 0.0820469 0.0725625
0 0.560477 0.427656 0.0202969 0.0154062
0 0.741687 0.287195 0.0516563 0.0480781
0 0.222672 0.918148 0.0478125 0.0557656
0 0.418836 0.950617 0.0743594 0.0571719
0 0.503445 0.858203 0.0333281 0.0333437
0 0.98675 0.974875 0.0254688 0.00975
0 0.463172 0.931031 0.0426875 0.0848437
0 0.441133 0.380258 0.0471719 0.0322969
0 0.0287656 0.598477 0.038875 0.0627656
0 0.206852 0.685078 0.0518594 0.0551875
0 0.551852 0.390734 0.0572969 0.071875
0 0.534555 0.880188 0.0578594 0.056625
0 0.683437 0.978383 0.108469 0.0417969
0 0.407984 0.908141 0.0801562 0.034125
0 0.537984 0.970703 0.104344 0.0565625
0 0.299242 0.894 0.0696719 0.0614375
0 0.701023 0.945 0.0607656 0.0715313
0 0.659484 0.497297 0.0154375 0.0378125
0 0.535539 0.265836 0.0739844 0.0842969
0 0.0757578 0.803258 0.0454219 0.0551406
0 0.178445 0.611797 0.0530781 0.0471875
0 0.469602 0.434047 0.0158906 0.0280938
0 0.0638281 0.47475 0.0228125 0.03
0 0.782687 0.208086 0.103125 0.0567344
0 0.502227 0.292953 0.0653906 0.0638438
0 0.795672 0.93575 0.0677813 0.0704375
0 0.785227 0.575117 0.0199219 0.0547656
0 0.753875 0.165875 0.108125 0.0404687
0 0.466516 0.531477 0.015875 0.0269844
0 0.759734 0.230211 0.0768438 0.0692031
0 0.518781 0.396484 0.0338125 0.0769688
0 0.679898 0.735102 0.0178906 0.0138906
0 0.826742 0.850711 0.0511719 0.0221719
0 0.689266 0.381055 0.0360938 0.0550781
0 0.906555 0.932734 0.0535781 0.077375
0 0.299617 0.550016 0.0197031 0.0273125
0 0.449609 0.409977 0.0282813 0.0350781
0 0.718313 0.918336 0.0425625 0.103328
0 0.723805 0.229227 0.0738281 0.104703
0 0.145336 0.547641 0.0537969 0.0517813
0 0.463414 0.351313 0.0769219 0.0359063
0 0.792156 0.844359 0.0374375 0.024625
0 0.394211 0.949484 0.0707656 0.035375
0 0.158656 0.706109 0.0655937 0.0787188
