0 0.899984 0.252115 0.037875 0.0576458
0 0.751422 0.183698 0.0200938 0.0327292
0 0.0358437 0.204938 0.0375625 0.0800833
0 0.0789453 0.238604 0.0119844 0.0317083
0 0.0507656 0.245073 0.0230312 0.0231042
0 0.595281 0.0328437 0.065 0.0656875
0 0.102148 0.172563 0.0307656 0.095375
0 0.116094 0.177656 0.030625 0.0943542
0 0.736766 0.151281 0.0486562 0.0738542
0 0.629789 0.0965937 0.0480781 0.105896
0 0.941797 0.249615 0.029875 0.0710208
0 0.80325 0.188 0.040375 0.08
0 0.0544844 0.195125 0.0343125 0.081625
0 0.291797 0.114156 0.0347812 0.119104
0 0.532391 0.107438 0.0523125 0.0517917
0 0.871555 0.204156 0.0215469 0.0461458
0 0.783078 0.151396 0.0320625 0.0674167
0 0.641 0.0991354 0.046125 0.111063
0 0.698063 0.162292 0.0504687 0.042375
0 0.618359 0.171854 0.0198438 0.0375
0 0.286172 0.185812 0.0192187 0.0214167
0 0.887891 0.221375 0.0284687 0.0720417
0 0.518453 0.163792 0.0375625 0.0298333
0 0.550172 0.121823 0.0648125 0.0776875
0 0.133594 0.177698 0.0357813 0.105646
0 0.65375 0.0957708 0.0374688 0.110167
0 0.594922 0.172354 0.0245938 0.04525
0 0.611945 0.0542708 0.0516406 0.089625
0 0.0360625 0.24826 0.0138437 0.0261458
0 0.589898 0.098 0.0480781 0.0569167
0 0.0668281 0.241583 0.021125 0.0335
0 0.0690469 0.202823 0.03 0.0741042
0 0.785508 0.166 0.0441719 0.0715417
0 0.754695 0.225385 0.0184531 0.0297292
0 0.702414 0.178198 0.0457969 0.0438125
0 0.329703 0.166667 0.013125 0.028875
0 0.764898 0.143969 0.0286719 0.0936875
0 0.793438 0.177104 0.0434688 0.0720417
0 0.592633 0.120365 0.0362656 0.0670625
0 0.569398 0.164021 0.0257656 0.0230417
0 0.87907 0.223698 0.0241406 0.0618125
0 0.62725 0.171833 0.0235625 0.0429583
0 0.30975 0.10475 0.0425 0.108458
0 0.726883 0.0979479 0.0464219 0.0709792
0 0.145922 0.17225 0.032375 0.0972083
0 0.740891 0.215198 0.0125938 0.0128958
0 0.0235625 0.209417 0.047125 0.0735833
0 0.745242 0.23624 0.0291094 0.0376042
0 0.583953 0.0606979 0.0636562 0.0792292
0 0.755719 0.198333 0.02675 0.0257917
0 0.565078 0.148844 0.0288438 0.0458958
0 0.899508 0.220896 0.0253906 0.0695
0 0.534047 0.0765104 0.0615313 0.0618542
0 0.276555 0.120896 0.0350469 0.128958
0 0.0222969 0.183698 0.0255625 0.0209375
0 0.73493 0.233188 0.0165469 0.022375
0 0.525992 0.132375 0.0478281 0.0423333
0 0.738617 0.11626 0.0465156 0.0776875
0 0.81732 0.184656 0.0342344 0.0882708
0 0.658445 0.0444896 0.0394219 0.0536042
0 0.536859 0.168073 0.0357813 0.0325625
0 0.901586 0.238323 0.0528906 0.0683958
0 0.771531 0.213719 0.0313125 0.0259792
0 0.164289 0.193896 0.0324219 0.0834583
0 0.601781 0.17949 0.0169375 0.0406042
0 0.261055 0.134333 0.0325781 0.12225
0 0.659883 0.0861875 0.0355781 0.111542
0 0.303687 0.167625 0.02325 0.0400417
0 0.735898 0.17026 0.0494219 0.0605208
0 0.710758 0.13051 0.0621094 0.0687292
0 0.621961 0.0805104 0.0455781 0.102063
0 0.816766 0.142823 0.0213438 0.0163958
0 0.783953 0.229312 0.0205 0.0132917
0 0.765953 0.236094 0.00575 0.0113542
0 0.00415625 0.264135 0.0083125 0.0146458
0 0.72325 0.202177 0.0336562 0.0197292
0 0.00867187 0.201667 0.0173437 0.044875
0 0.155828 0.226781 0.0175 0.0194792
0 0.6475 0.0194271 0.0194062 0.0155625
0 0.0969219 0.156198 0.0271562 0.0631875
0 0.01825 0.213552 0.02475 0.0752708
0 0.921188 0.263156 0.0428125 0.0474375
0 0.922063 0.248198 0.0414687 0.0616042
0 0.243516 0.121792 0.045 0.12975
2 0.305477 0.88149 0.0562344 0.0717708
2 0.213203 0.915385 0.0475 0.0584792
2 0.392312 0.889083 0.0395 0.0730417
2 0.234258 0.86475 0.0530781 0.0724583
2 0.293141 0.840604 0.052375 0.05475
2 0.900836 0.488562 0.0151719 0.0171667
2 0.944047 0.558729 0.009625 0.0177083
2 0.14057 0.90801 0.0288594 0.0466458
2 0.0107656 0.557333 0.0215312 0.031875
2 0.359398 0.886969 0.0542344 0.0707708
2 0.886328 0.512896 0.0161563 0.0212917
2 0.0557578 0.49475 0.0132656 0.0130833
2 0.252227 0.815552 0.0408906 0.0393125
2 0.943078 0.521854 0.0110312 0.01775
2 0.894125 0.307281 0.0121563 0.0178542
2 0.865648 0.50825 0.00979688 0.02
2 0.0248906 0.567042 0.017125 0.0233333
2 0.269445 0.881865 0.0214844 0.0559792
2 0.0714453 0.501448 0.0237344 0.0260208
2 0.958539 0.292302 0.0105781 0.0143542
2 0.359023 0.835938 0.0609219 0.059125
2 0.0285547 0.543198 0.0196094 0.0223125
2 0.00592969 0.61776 0.0118594 0.0142292
2 0.0558438 0.515875 0.0210313 0.0142917
2 0.050375 0.511625 0.0192812 0.0227083
2 0.325859 0.929156 0.0518438 0.0582292
2 0.19782 0.851365 0.0421094 0.0402708
2 0.186094 0.863719 0.0409687 0.0223125
2 0.992359 0.26175 0.0105625 0.0166667
