0 0.606958 0.368641 0.0505417 0.134063
0 0.0139375 0.125891 0.027875 0.13075
0 0.17525 0.554047 0.128 0.0429375
0 0.333333 0.105898 0.0746667 0.138672
0 0.649844 0.0771953 0.0851042 0.138328
0 0.79676 0.330992 0.0598125 0.140797
0 0.281396 0.548797 0.157 0.0369063
0 0.186458 0.12075 0.0869583 0.141187
0 0.271281 0.182672 0.0460208 0.026625
0 0.244167 0.0999844 0.055375 0.144344
0 0.283656 0.39732 0.0706458 0.130109
0 0.479385 0.121133 0.104271 0.205109
0 0.719729 0.356953 0.0592083 0.125844
0 0.326396 0.402344 0.077 0.159969
0 0.31325 0.100578 0.0749167 0.140437
0 0.0982917 0.113187 0.0735 0.143031
0 0.638125 0.495586 0.0263333 0.0351719
0 0.0625208 0.112891 0.064875 0.146406
0 0.0994896 0.105352 0.114979 0.149297
0 0.67051 0.368203 0.0765625 0.130312
0 0.0911667 0.496094 0.0232917 0.02575
0 0.297344 0.510633 0.151354 0.0727031
0 0.697552 0.35357 0.0431042 0.123234
0 0.670583 0.502469 0.031625 0.0330937
0 0.0303125 0.106961 0.0444167 0.151891
0 0.309 0.498391 0.0290833 0.02525
0 0.633594 0.440391 0.0471458 0.0215938
0 0.107615 0.568289 0.0474375 0.0795469
0 0.36651 0.395609 0.0808125 0.150844
0 0.0178542 0.189 0.033375 0.0231875
0 0.207708 0.130602 0.0435 0.130203
0 0.827958 0.33218 0.079 0.127172
0 0.279052 0.101523 0.0639792 0.145297
0 0.0468125 0.189227 0.0342083 0.0126719
0 0.780219 0.309398 0.0182292 0.0733281
0 0.815 0.328336 0.0702083 0.136922
0 0.577188 0.151234 0.03025 0.0326875
0 0.632875 0.369352 0.0672917 0.127078
0 0.244688 0.183539 0.0511667 0.0300156
0 0.482406 0.205938 0.0627292 0.0474375
0 0.543542 0.100531 0.104917 0.167875
0 0.623052 0.0804531 0.0753125 0.148125
0 0.606792 0.0527344 0.0344167 0.0856563
