0 0.179062 0.513461 0.0700833 0.0140781
0 0.877135 0.309953 0.0437292 0.00896875
0 0.496198 0.366031 0.0285625 0.0397813
0 0.833948 0.251172 0.0277292 0.01675
0 0.912719 0.317648 0.0420208 0.0168906
0 0.57551 0.342094 0.0490208 0.027375
0 0.420156 0.4565 0.0576042 0.0855
0 0.555042 0.504617 0.137583 0.0417656
0 0.47325 0.457891 0.0592083 0.076125
0 0.604906 0.315711 0.0456875 0.0156406
0 0.69925 0.272094 0.045125 0.0215938
0 0.44749 0.463578 0.0580208 0.0858437
0 0.664396 0.299273 0.0355 0.0184219
0 0.974073 0.291695 0.0518542 0.00892187
0 0.617427 0.295836 0.0227292 0.0143906
0 0.561927 0.330961 0.0509375 0.0349531
0 0.476229 0.447008 0.0476667 0.0576406
0 0.485042 0.442844 0.0622083 0.0569687
0 0.297906 0.795891 0.271187 0.0889375
0 0.52651 0.364891 0.0449375 0.0396562
0 0.781677 0.271313 0.0536875 0.0105
0 0.706385 0.297492 0.0288542 0.00964062
0 0.525021 0.330227 0.0668333 0.0325781
0 0.476885 0.386156 0.0204792 0.0495625
0 0.65101 0.294031 0.0562708 0.0290938
0 0.7785 0.265703 0.0627083 0.0127812
0 0.521375 0.333172 0.0342083 0.01075
0 0.839802 0.247297 0.0228125 0.0099375
0 0.522406 0.385172 0.0246042 0.0435
0 0.499885 0.386578 0.0266875 0.04725
0 0.978125 0.276258 0.0194167 0.0101406
