0 0.43041 0.356625 0.0264403 0.0413437
0 0.581756 0.342234 0.0732084 0.038375
0 0.70815 0.372188 0.0218735 0.0429062
0 0.730094 0.371945 0.0281967 0.0431406
0 0.0657963 0.166602 0.0379625 0.0294844
0 0.60274 0.289203 0.018829 0.02325
0 0.454098 0.332562 0.0306792 0.034625
0 0.826323 0.265477 0.0317096 0.0236406
0 0.674824 0.273742 0.0381733 0.0206094
0 0.640246 0.361148 0.0370726 0.0412656
0 0.342471 0.261156 0.0297658 0.0385
0 0.918899 0.286422 0.0370492 0.0268125
0 0.511253 0.221969 0.0257845 0.0285
0 0.258817 0.136984 0.0254098 0.0252188
0 0.886066 0.237375 0.021733 0.027625
0 0.693642 0.394242 0.032904 0.0461719
0 0.903794 0.286727 0.0355035 0.0253906
0 0.331429 0.207695 0.0318033 0.0233906
0 0.398466 0.341305 0.0275176 0.0338594
0 0.427927 0.323867 0.0275644 0.0321719
0 0.412892 0.378758 0.0248946 0.0357031
0 0.342283 0.149781 0.0338407 0.0173437
0 0.354614 0.349375 0.0207026 0.0255
0 0.821042 0.287672 0.0209133 0.0286875
0 0.643841 0.323508 0.024637 0.0412344
0 0.53404 0.301344 0.021897 0.0465313
0 0.197541 0.183289 0.0186417 0.0162344
0 0.23356 0.275641 0.036534 0.0435
0 0.500562 0.24793 0.0297424 0.0330156
0 0.205445 0.270406 0.0307494 0.04175
0 0.185035 0.399594 0.0351288 0.0615625
0 0.560562 0.245703 0.0577518 0.0250312
0 0.748583 0.296867 0.0333255 0.0203594
0 0.0930796 0.158148 0.0272834 0.0250156
0 0.484684 0.357883 0.0354567 0.0393906
0 0.843806 0.351664 0.02363 0.0286094
0 0.424742 0.337148 0.0280796 0.0369844
0 0.168525 0.167711 0.0473536 0.0453281
0 0.537881 0.364336 0.0340749 0.0463594
0 0.619778 0.313781 0.0298126 0.0487187
0 0.80144 0.266336 0.0188525 0.0222969
0 0.12137 0.270937 0.0460656 0.038
0 0.492869 0.299125 0.0257377 0.0197813
0 0.060281 0.188398 0.0232787 0.0165781
0 0.550187 0.275852 0.02726 0.0382656
0 0.419356 0.260609 0.0233489 0.0236875
0 0.396522 0.372195 0.0415222 0.0362969
0 0.469227 0.359695 0.0251522 0.0406094
0 0.631042 0.236266 0.0293911 0.0191875
0 0.188653 0.237102 0.0429742 0.0336406
0 0.743384 0.244477 0.0486885 0.0206094
0 0.387564 0.265484 0.0172834 0.0248125
0 0.325457 0.131297 0.0316159 0.0238125
0 0.809918 0.313477 0.0199766 0.0136719
0 0.283466 0.176367 0.0318033 0.0379844
0 0.822998 0.339547 0.0234192 0.0395
0 0.537705 0.221797 0.0387822 0.0278125
0 0.307857 0.149898 0.0224122 0.0246406
0 0.167506 0.318852 0.0219906 0.0224844
0 0.755398 0.357617 0.0525293 0.0302656
0 0.702646 0.275133 0.0271194 0.0251719
0 0.775644 0.22743 0.0329742 0.0173906
0 0.785012 0.341891 0.0309602 0.0375625
0 0.284778 0.25393 0.0345199 0.0438906
0 0.814906 0.274688 0.021897 0.0255625
0 0.207763 0.29693 0.0481733 0.0597969
0 0.226511 0.168883 0.0504918 0.0411406
0 0.926874 0.362508 0.0291569 0.0352031
0 0.172576 0.263172 0.040281 0.0345312
0 0.211452 0.207102 0.0677283 0.0294531
0 0.749251 0.261016 0.0473536 0.0219688
0 0.526756 0.263336 0.0325293 0.0297969
0 0.537752 0.3455 0.0377518 0.04325
0 0.562459 0.225422 0.0350351 0.023375
0 0.37377 0.343859 0.0255738 0.02925
0 0.486323 0.220062 0.0283841 0.0343437
0 0.58281 0.361695 0.0163934 0.0260156
0 0.847611 0.260328 0.0400468 0.02475
0 0.446218 0.283586 0.0229274 0.0341094
0 0.779918 0.255672 0.0210539 0.0287813
0 0.16493 0.367383 0.0378689 0.0482969
0 0.628349 0.285406 0.0325761 0.0293438
0 0.739438 0.365617 0.0523185 0.0405781
0 0.732881 0.297461 0.0321311 0.0289219
0 0.85466 0.217641 0.0592506 0.0148125
0 0.528829 0.244297 0.0492272 0.0235313
0 0.21103 0.387305 0.0374707 0.0426719
0 0.662752 0.255375 0.040726 0.0237813
0 0.516066 0.291172 0.0255269 0.0440313
0 0.109426 0.369922 0.0384778 0.0559063
0 0.277213 0.347898 0.0294145 0.0357344
0 0.918232 0.312344 0.0139813 0.0273438
0 0.341089 0.381227 0.0384309 0.0451094
0 0.575621 0.198891 0.0571429 0.0191875
0 0.724415 0.322453 0.0373536 0.0359063
0 0.197611 0.307375 0.0240281 0.035
0 0.132131 0.235227 0.0546604 0.0310156
0 0.336897 0.236039 0.0320141 0.0299219
0 0.727424 0.275797 0.0378923 0.02425
0 0.673852 0.320195 0.0421311 0.0357344
0 0.382225 0.272633 0.0225293 0.0329531
0 0.480796 0.307883 0.0148009 0.0234531
0 0.23007 0.399531 0.031007 0.0587812
0 0.859871 0.281578 0.0383372 0.01975
0 0.119953 0.336961 0.0578454 0.0441406
0 0.854052 0.330234 0.0430913 0.0339687
0 0.63952 0.379398 0.0293911 0.0488906
0 0.462553 0.284445 0.0318033 0.0367656
0 0.16048 0.393109 0.0531382 0.0489687
0 0.149754 0.717406 0.0319672 0.0255312
0 0.179848 0.716938 0.0347775 0.0285
0 0.498009 0.266375 0.0283841 0.0385313
0 0.567119 0.303867 0.0531616 0.0305469
0 0.266347 0.258555 0.0394379 0.0450469
0 0.917166 0.367766 0.0264637 0.0349375
0 0.450902 0.357242 0.0240047 0.0349531
0 0.462974 0.307414 0.0218267 0.0279219
0 0.319602 0.273211 0.027541 0.0442656
0 0.361745 0.396281 0.0281265 0.0372188
0 0.508548 0.366227 0.0244028 0.0496406
0 0.0872365 0.192625 0.0309602 0.0292812
0 0.294192 0.173031 0.0484778 0.0426562
0 0.316827 0.310547 0.0418033 0.0525625
0 0.40555 0.28625 0.0277283 0.0300625
0 0.165117 0.299953 0.0503747 0.0430938
0 0.36192 0.242008 0.0380796 0.0350156
0 0.876194 0.279797 0.0215222 0.0181875
0 0.667916 0.296719 0.0469321 0.0265625
0 0.55534 0.205156 0.0425761 0.02625
0 0.237986 0.184609 0.0177049 0.03825
0 0.314813 0.247297 0.0321546 0.0402187
0 0.312459 0.168977 0.0528806 0.0329531
0 0.902307 0.306977 0.0274707 0.0353906
0 0.47774 0.276414 0.0625527 0.0329531
0 0.374848 0.3205 0.0323185 0.0312812
0 0.892143 0.367547 0.0225059 0.0437813
0 0.682166 0.252062 0.0298595 0.0169063
0 0.233782 0.336297 0.0312646 0.0304063
0 0.286499 0.321719 0.0421311 0.0521563
0 0.221944 0.230891 0.0540515 0.0348125
0 0.302951 0.128211 0.0290398 0.0239219
0 0.223747 0.161086 0.0488993 0.0248281
0 0.819368 0.22968 0.0204684 0.0210781
0 0.533724 0.201797 0.0348478 0.0255
0 0.804438 0.341953 0.0196019 0.0411562
0 0.762073 0.244188 0.0384309 0.0225625
0 0.854801 0.22618 0.0394379 0.0196094
0 0.660164 0.221883 0.0315691 0.0115469
0 0.57041 0.272742 0.0492037 0.0332969
0 0.202014 0.700672 0.0271194 0.0120938
0 0.60315 0.262305 0.031452 0.0188594
0 0.195468 0.341023 0.0480796 0.0427344
0 0.917213 0.256883 0.0334426 0.0285156
0 0.222728 0.359625 0.040726 0.0143437
0 0.137822 0.155609 0.0151288 0.023
0 0.421499 0.301867 0.0225761 0.0168594
0 0.641546 0.258703 0.03274 0.0291875
0 0.623279 0.257711 0.0227166 0.0300469
0 0.838185 0.243695 0.0233489 0.0210156
0 0.32445 0.153141 0.0254333 0.0245312
0 0.425796 0.393883 0.020726 0.0329531
0 0.149403 0.688906 0.0511241 0.0335312
0 0.145585 0.265477 0.0411007 0.0372656
0 0.646499 0.303516 0.0319672 0.0295312
0 0.739087 0.225141 0.0390632 0.0183125
0 0.611335 0.384461 0.0278689 0.0473281
0 0.116628 0.175289 0.0239813 0.0222656
0 0.854696 0.295164 0.030281 0.0247656
0 0.886183 0.287539 0.017377 0.0300781
0 0.132576 0.291492 0.058267 0.0386719
0 0.289778 0.27907 0.0335597 0.0388906
0 0.709977 0.220609 0.0309133 0.0169687
0 0.106593 0.261602 0.0577752 0.0325469
0 0.254883 0.221859 0.0245199 0.0242812
0 0.759239 0.325578 0.0160422 0.0175
0 0.344379 0.311641 0.0214988 0.0342187
0 0.557342 0.346477 0.0448478 0.0437969
0 0.0918735 0.173688 0.0258548 0.0141875
0 0.778103 0.280281 0.0187354 0.0239063
0 0.476663 0.248281 0.0189461 0.0305
0 0.402014 0.305156 0.0157845 0.012375
0 0.208525 0.716047 0.0444028 0.0232812
