0 0.542008 0.957073 0.0277344 0.0759792
0 0.454578 0.943385 0.0276875 0.0614375
0 0.394773 0.980083 0.0442031 0.0398333
0 0.3785 0.924583 0.0233125 0.0557917
0 0.515867 0.919833 0.0258594 0.0523333
0 0.514203 0.860042 0.0365938 0.0287083
0 0.555625 0.879875 0.0235625 0.0509167
0 0.528898 0.90124 0.0241094 0.0257708
0 0.483711 0.935125 0.0433906 0.063625
0 0.356844 0.971344 0.054875 0.0528542
0 0.491422 0.965062 0.026125 0.069875
0 0.428391 0.86674 0.035375 0.0419375
0 0.464641 0.873583 0.0166875 0.0262917
0 0.47225 0.873417 0.00515625 0.0112917
0 0.571742 0.880083 0.0227344 0.052625
0 0.377437 0.98325 0.020375 0.0335
0 0.573195 0.932937 0.0251406 0.075375
0 0.370484 0.91126 0.0387813 0.0714792
0 0.600008 0.888323 0.0304531 0.0544792
0 0.446344 0.889563 0.020875 0.02
0 0.589922 0.87799 0.0293125 0.0502292
0 0.423047 0.976948 0.0389062 0.0461042
0 0.493063 0.84851 0.0245 0.0359375
0 0.398656 0.92101 0.0214688 0.0827708
0 0.508898 0.964281 0.0164219 0.0713125
