2 0.692586 0.874092 0.0442656 0.0447378
2 0.807039 0.642921 0.0456719 0.0467416
2 0.610969 0.759541 0.03975 0.0722285
2 0.792484 0.697013 0.0521563 0.0767228
2 0.772656 0.622294 0.035 0.0351124
2 0.764898 0.581994 0.0527969 0.0477341
2 0.794227 0.745009 0.0549219 0.0533521
2 0.801336 0.792687 0.0559531 0.0673596
2 0.547703 0.640037 0.0848437 0.109288
2 0.732055 0.737959 0.0753594 0.058839
2 0.812523 0.723811 0.0399531 0.0381086
2 0.762664 0.699841 0.0203594 0.0372097
2 0.626789 0.675618 0.0433281 0.0499251
2 0.829094 0.841142 0.057 0.0686891
2 0.829336 0.767444 0.0411094 0.0488577
2 0.713187 0.615543 0.043125 0.0677903
2 0.809984 0.67897 0.0350937 0.0487266
2 0.724352 0.594326 0.0465469 0.0544569
2 0.716633 0.691667 0.0448906 0.0773408
2 0.571937 0.780506 0.0415 0.0497378
2 0.707125 0.791751 0.0649375 0.0511798
2 0.730992 0.858071 0.0549219 0.0952434
2 0.678234 0.725815 0.0423125 0.0526779
2 0.649086 0.85574 0.0581719 0.100169
2 0.658008 0.653783 0.0463281 0.0572659
2 0.692781 0.833333 0.0508125 0.0460674
2 0.643406 0.725 0.034875 0.0535955
2 0.747336 0.683202 0.0375469 0.0522846
2 0.71293 0.776245 0.0649844 0.0435019
2 0.593133 0.830253 0.0482969 0.0587079
2 0.506352 0.826404 0.0667656 0.0533333
2 0.693797 0.670393 0.0345937 0.0564045
2 0.678438 0.608474 0.037625 0.0503558
2 0.772188 0.657369 0.0391875 0.0492697
2 0.85068 0.6975 0.0597031 0.0514419
2 0.699695 0.919242 0.0975469 0.0794195
2 0.776469 0.842397 0.0495625 0.0747566
2 0.649172 0.694747 0.0421562 0.0274345
2 0.740992 0.640805 0.0316719 0.0369288
2 0.628266 0.807781 0.0281563 0.0764607
2 0.792211 0.875066 0.0453594 0.047809
2 0.649672 0.779925 0.0595938 0.0561423
2 0.603086 0.577341 0.0849531 0.101273
2 0.765734 0.779616 0.0423437 0.0531273
2 0.850102 0.663043 0.0519219 0.0414794
2 0.605719 0.708886 0.0299687 0.0505431
