2 0.699541 0.642898 0.0787529 0.0253906
2 0.340812 0.943969 0.191129 0.1
2 0.808882 0.631687 0.0797882 0.0237188
2 0.288741 0.725602 0.0750353 0.0530469
2 0.914129 0.716586 0.107318 0.0443594
2 0.319141 0.844227 0.103082 0.0694844
2 0.625647 0.701234 0.0911059 0.0374375
2 0.256129 0.968437 0.103318 0.0457813
2 0.467529 0.749781 0.124094 0.0805937
2 0.361341 0.724391 0.105506 0.0800937
2 0.537941 0.699852 0.100494 0.0497031
2 0.276906 0.88675 0.0663765 0.0367813
2 0.251365 0.842562 0.0695059 0.055375
2 0.204494 0.937102 0.113788 0.0609844
2 0.411741 0.860883 0.0899294 0.0716719
