2 0.602615 0.414883 0.0518125 0.0601094
2 0.410156 0.326398 0.0576458 0.0425781
2 0.37076 0.354633 0.117313 0.0422969
2 0.639729 0.465438 0.03175 0.026125
2 0.340854 0.314656 0.0893333 0.0473438
2 0.436417 0.300016 0.071125 0.0307812
2 0.375219 0.205281 0.0884375 0.0335
2 0.458844 0.267563 0.121229 0.0617188
2 0.861281 0.492648 0.0256458 0.0154531
2 0.700156 0.405867 0.0554792 0.0368281
2 0.395021 0.285664 0.037125 0.0487344
2 0.547479 0.215195 0.0441667 0.0624219
2 0.308396 0.203094 0.0168333 0.0136875
2 0.616167 0.495391 0.0657083 0.02675
2 0.798667 0.491617 0.0483333 0.0322656
2 0.6675 0.429305 0.0356667 0.0235469
