0 0.585562 0.435727 0.194958 0.0584844
0 0.269729 0.369648 0.12 0.0630781
0 0.298438 0.394648 0.179583 0.0677344
0 0.258802 0.220695 0.111813 0.129484
0 0.585552 0.391648 0.201979 0.123297
0 0.423417 0.350023 0.08375 0.193891
0 0.242365 0.24525 0.108729 0.11
0 0.406073 0.448695 0.0378542 0.0294531
0 0.284917 0.191859 0.0903333 0.169375
0 0.530562 0.381078 0.131292 0.124625
0 0.502479 0.364281 0.0365833 0.128969
0 0.556802 0.487141 0.0653125 0.0454375
0 0.345146 0.34675 0.1065 0.1365
0 0.269406 0.449922 0.224604 0.0535937
0 0.353385 0.461242 0.0863542 0.0559219
0 0.277292 0.410211 0.132792 0.0525156
0 0.451385 0.224289 0.133979 0.137266
0 0.521594 0.291406 0.0304375 0.0510312
0 0.365094 0.193461 0.0741875 0.175641
0 0.530229 0.353195 0.072375 0.142391
0 0.302615 0.333203 0.144271 0.155125
0 0.482552 0.368617 0.0536875 0.153641
0 0.295187 0.466156 0.186667 0.0687187
0 0.366323 0.330766 0.0844375 0.132312
0 0.411198 0.205656 0.0405625 0.0882813
0 0.412469 0.219273 0.103354 0.134141
