0 0.49351 0.446438 0.0531875 0.114656
0 0.64099 0.353555 0.150271 0.0658281
0 0.326073 0.313422 0.175146 0.119438
0 0.510437 0.183477 0.055375 0.226922
0 0.594042 0.433469 0.150625 0.13225
0 0.541687 0.181547 0.04425 0.182875
0 0.475479 0.188625 0.0496667 0.161406
0 0.291333 0.384898 0.0901667 0.0660469
0 0.373156 0.277359 0.0943542 0.131031
0 0.600271 0.251586 0.107417 0.187422
0 0.615292 0.213055 0.140875 0.188297
0 0.405948 0.276773 0.0794792 0.155203
0 0.570573 0.198461 0.0946875 0.207172
0 0.661375 0.295641 0.249917 0.143594
0 0.449052 0.189086 0.101688 0.189891
0 0.637396 0.155945 0.0520417 0.0747344
0 0.360667 0.288336 0.12 0.136672
0 0.44001 0.26343 0.0448125 0.149953
0 0.650573 0.383977 0.214021 0.0746094
0 0.374958 0.170703 0.0697917 0.125
