0 0.0851953 0.540937 0.130734 0.100875
0 0.129258 0.483125 0.130078 0.0537083
0 0.88818 0.680417 0.174484 0.110583
0 0.167445 0.552979 0.118016 0.0777083
0 0.986844 0.711917 0.0263125 0.111542
0 0.789258 0.701187 0.140734 0.0807917
0 0.464719 0.485979 0.177875 0.133375
0 0.0674531 0.459677 0.13325 0.0672292
0 0.119344 0.904104 0.228 0.104875
0 0.569922 0.530562 0.2385 0.11825
0 0.403313 0.470417 0.099 0.072625
0 0.907273 0.873635 0.180672 0.0896875
0 0.486852 0.689937 0.105703 0.0804583
0 0.18307 0.659979 0.131547 0.110542
0 0.654805 0.975792 0.155391 0.047375
0 0.0775391 0.673167 0.155078 0.0775417
0 0.0916172 0.607021 0.119234 0.06175
0 0.0734453 0.594219 0.145234 0.0779792
0 0.942945 0.944708 0.114109 0.110583
0 0.0938516 0.737385 0.187703 0.0716875
0 0.596453 0.674427 0.223031 0.141521
0 0.894117 0.617563 0.177297 0.118708
0 0.845648 0.40099 0.128422 0.276646
0 0.762047 0.663208 0.143719 0.0953333
0 0.727195 0.293458 0.193453 0.173083
0 0.137391 0.427 0.103281 0.0716667
0 0.75318 0.325042 0.202297 0.177208
0 0.532766 0.741448 0.167594 0.0985625
0 0.865969 0.574469 0.178781 0.113187
0 0.760125 0.95049 0.111062 0.0990208
0 0.716273 0.722542 0.0455469 0.0423333
0 0.0285469 0.635802 0.0570937 0.0269792
0 0.575391 0.945833 0.2325 0.108333
0 0.504234 0.671979 0.144625 0.065375
0 0.95068 0.370969 0.0986406 0.100437
0 0.456266 0.41051 0.197656 0.0700625
0 0.128273 0.773875 0.225141 0.0799167
0 0.465711 0.364615 0.239703 0.0995625
0 0.600555 0.338438 0.105578 0.0767917
0 0.185547 0.724313 0.128219 0.128375
0 0.686188 0.624333 0.120844 0.0972917
0 0.619336 0.716823 0.0656094 0.0557292
0 0.186828 0.601719 0.0923125 0.0771875
0 0.674398 0.689635 0.0402031 0.0415625
0 0.674211 0.28026 0.240828 0.110188
0 0.155633 0.834156 0.189234 0.0923125
0 0.0619062 0.536229 0.123812 0.094875
0 0.767227 0.615187 0.0492969 0.0388333
0 0.706109 0.903042 0.134719 0.102958
0 0.60107 0.381219 0.0440469 0.0407292
0 0.886664 0.466323 0.0508906 0.0363125
0 0.724266 0.544052 0.122438 0.0623125
0 0.142297 0.926292 0.196594 0.0975417
0 0.655609 0.501125 0.109125 0.0542917
0 0.986539 0.988979 0.0269219 0.0220417
0 0.591883 0.457833 0.165797 0.06025
0 0.699875 0.670448 0.0434063 0.0418542
0 0.46582 0.375594 0.235984 0.180563
0 0.705656 0.380406 0.2305 0.101813
0 0.171328 0.498208 0.0686563 0.065125
0 0.0479375 0.976458 0.095875 0.0470833
0 0.488359 0.292719 0.187969 0.0947708
0 0.0423047 0.817063 0.0846094 0.0904583
0 0.792 0.463333 0.211156 0.132833
0 0.944773 0.472531 0.110453 0.179479
0 0.905172 0.936281 0.176344 0.0976875
0 0.579023 0.605635 0.223328 0.114812
0 0.872781 0.519781 0.203844 0.125396
0 0.752133 0.395656 0.202078 0.164521
0 0.863445 0.984927 0.0507656 0.0287292
0 0.429586 0.545031 0.0716719 0.101187
2 0.670789 0.187135 0.0117344 0.0141042
2 0.677484 0.113458 0.010375 0.0105
2 0.847164 0.12999 0.00789063 0.0112292
2 0.798852 0.0682396 0.00651562 0.0089375
2 0.571516 0.094 0.0115 0.0106667
2 0.623539 0.115 0.0107656 0.01
2 0.585508 0.134177 0.0114531 0.0143125
2 0.557047 0.166927 0.010375 0.0158958
2 0.692594 0.15774 0.0126875 0.0123125
2 0.646227 0.12649 0.00917187 0.0091875
2 0.673664 0.16251 0.0111094 0.0141042
2 0.783094 0.0594271 0.00803125 0.00739583
2 0.651359 0.100354 0.00975 0.011375
2 0.815461 0.0655417 0.0112969 0.012875
2 0.577969 0.164365 0.0111562 0.0143542
2 0.911812 0.122688 0.007125 0.00641667
2 0.53857 0.115198 0.0105781 0.0128125
2 0.682133 0.168781 0.00932812 0.00739583
2 0.566234 0.175385 0.0126875 0.0118125
2 0.56 0.104021 0.01 0.0120417
2 0.587289 0.116719 0.0107656 0.0118125
2 0.867 0.0753854 0.00846875 0.00872917
2 0.627008 0.163719 0.0119219 0.0115208
2 0.875898 0.112896 0.00676562 0.00820833
2 0.6595 0.107312 0.01 0.00795833
2 0.605609 0.130385 0.01 0.0125625
2 0.555523 0.136917 0.0107031 0.0125833
2 0.609648 0.150385 0.0103906 0.0141042
2 0.900703 0.11026 0.0075 0.00872917
2 0.528875 0.11449 0.0126875 0.0130625
2 0.588742 0.162031 0.0114219 0.0118958
2 0.552289 0.0965312 0.0117344 0.0156458
2 0.526687 0.125187 0.0114062 0.0155
2 0.885656 0.118073 0.0073125 0.0079375
2 0.624078 0.133406 0.0095 0.0137708
2 0.813219 0.0901458 0.0051875 0.00308333
2 0.639188 0.167063 0.0109063 0.016625
2 0.575578 0.134281 0.0111562 0.0130625
2 0.645562 0.133208 0.0101875 0.0105
2 0.851273 0.0682813 0.00410938 0.0063125
2 0.542117 0.176979 0.00789063 0.0133333
2 0.650438 0.168313 0.010875 0.0120417
2 0.633039 0.102354 0.00942187 0.01025
2 0.576609 0.118771 0.0101875 0.01025
2 0.533563 0.138979 0.012125 0.0133333
2 0.591445 0.102354 0.0108594 0.012375
2 0.599422 0.150406 0.0111562 0.0125625
2 0.650219 0.113406 0.0081875 0.0099375
2 0.663836 0.125 0.00789063 0.01
2 0.683367 0.122313 0.0122969 0.01025
2 0.606766 0.169479 0.012125 0.0117917
2 0.579789 0.101021 0.0105781 0.0112917
2 0.666687 0.148969 0.0109687 0.0096875
2 0.584133 0.0955625 0.0106406 0.0120833
2 0.57975 0.154094 0.0125 0.0156042
2 0.544289 0.138635 0.0129844 0.0130625
2 0.670562 0.0975833 0.01 0.0115833
2 0.673758 0.123615 0.0103906 0.00972917
2 0.530469 0.107052 0.0113437 0.0103542
2 0.708352 0.161406 0.0103906 0.00589583
2 0.675852 0.149104 0.0107656 0.0161667
2 0.885539 0.0816042 0.00576562 0.006625
2 0.904914 0.12126 0.0104219 0.00960417
2 0.532023 0.0972083 0.00995313 0.010375
2 0.566188 0.135385 0.0111562 0.0143542
2 0.822789 0.0704375 0.00692187 0.01
2 0.624313 0.10526 0.01 0.0110208
2 0.58532 0.124042 0.0114219 0.0115833
2 0.628875 0.127177 0.0073125 0.00972917
2 0.558156 0.126927 0.0111562 0.00922917
2 0.826594 0.128812 0.00840625 0.0117917
2 0.562195 0.0951875 0.0105781 0.0133333
2 0.690375 0.145771 0.0113437 0.015125
2 0.878578 0.0822083 0.0069375 0.006625
2 0.872227 0.07 0.00723437 0.0107917
2 0.598609 0.161594 0.0109687 0.0143542
2 0.557523 0.112823 0.00814063 0.00872917
2 0.650195 0.160719 0.0117031 0.0108542
2 0.866148 0.0673854 0.00817188 0.0079375
2 0.546414 0.12924 0.00910937 0.0104792
