2 0.172414 0.736851 0.141391 0.233912
2 0.531758 0.267155 0.107547 0.080795
2 0.454109 0.710146 0.234406 0.214728
2 0.124445 0.399801 0.122484 0.134121
2 0.258555 0.874728 0.165109 0.250544
2 0.737867 0.280952 0.112766 0.199017
2 0.768281 0.0775523 0.176313 0.155105
2 0.502563 0.138964 0.0459062 0.108515
2 0.823188 0.477741 0.169375 0.288159
2 0.101211 0.527814 0.0751719 0.0665481
2 0.561742 0.0564644 0.119734 0.0929707
2 0.97032 0.177887 0.0548906 0.161967
2 0.976031 0.386517 0.0467187 0.0976778
2 0.390328 0.0688389 0.236719 0.130774
