0 0.240234 0.54799 0.0923438 0.263563
0 0.0841406 0.588906 0.0248125 0.115896
0 0.426648 0.642729 0.0569531 0.0605417
0 0.558898 0.601177 0.0692344 0.134063
0 0.886297 0.559406 0.114875 0.405771
0 0.523523 0.565083 0.0923281 0.208042
0 0.725938 0.44801 0.0735625 0.0834792
0 0.920664 0.581021 0.0303906 0.104625
0 0.393117 0.605313 0.0685469 0.134792
0 0.538461 0.805385 0.153609 0.252104
0 0.698039 0.600948 0.0155781 0.106813
0 0.780359 0.518625 0.0904688 0.251833
0 0.325547 0.610948 0.00890625 0.0941042
