0 0.309614 0.34907 0.0677925 0.0526719
0 0.462406 0.41632 0.0464018 0.114984
0 0.577042 0.0916875 0.0615453 0.123406
0 0.558532 0.2745 0.0577263 0.0808125
0 0.318245 0.487727 0.0849669 0.0762031
0 0.653929 0.126953 0.104503 0.0931875
0 0.346446 0.222758 0.0860927 0.134703
0 0.493918 0.431813 0.0839956 0.100969
0 0.437991 0.40125 0.013245 0.0132812
0 0.491137 0.227531 0.0698675 0.100031
0 0.502064 0.494398 0.100596 0.0551719
0 0.426391 0.236992 0.0996247 0.140797
0 0.570121 0.387172 0.10426 0.0583438
0 0.461667 0.0936016 0.0769757 0.127516
0 0.188731 0.400273 0.0718985 0.0859531
0 0.371413 0.419508 0.0536424 0.122547
0 0.285022 0.0986094 0.046468 0.0620938
0 0.321689 0.323766 0.0635541 0.0485
0 0.416645 0.420367 0.0508168 0.125734
0 0.360408 0.485883 0.0826269 0.0790781
0 0.676148 0.156758 0.142274 0.0545781
0 0.39755 0.308227 0.0964238 0.0866719
0 0.625607 0.114648 0.0744371 0.105453
0 0.260177 0.102148 0.0490066 0.0687656
0 0.3917 0.240805 0.0820751 0.162672
0 0.52723 0.238727 0.0554746 0.0981406
0 0.553179 0.319148 0.00944812 0.0228281
0 0.440828 0.302289 0.0782119 0.100828
0 0.202042 0.371617 0.0609934 0.0826094
0 0.450784 0.240016 0.0587859 0.0534375
0 0.250728 0.512102 0.0389404 0.0203906
0 0.24713 0.447117 0.0739073 0.0711094
0 0.693863 0.178812 0.147329 0.032125
0 0.20532 0.172938 0.0277263 0.0455313
0 0.258146 0.486695 0.11947 0.0710781
0 0.418709 0.533961 0.0835541 0.0172969
0 0.593687 0.220867 0.110949 0.0450156
0 0.469978 0.353937 0.0924062 0.0323437
0 0.42628 0.476227 0.054106 0.0844219
0 0.513996 0.438656 0.0226049 0.0366875
0 0.478642 0.348273 0.144967 0.0876406
0 0.445453 0.515117 0.0732892 0.0381406
0 0.394503 0.427391 0.00900662 0.0236875
0 0.353322 0.525586 0.0221413 0.0195781
0 0.53755 0.15357 0.0595143 0.0982031
0 0.227958 0.149555 0.029117 0.0584844
0 0.472704 0.153211 0.110309 0.0832031
0 0.242704 0.138305 0.0265121 0.0515781
0 0.415254 0.527266 0.0626932 0.0240625
0 0.181159 0.404594 0.0642605 0.0864688
0 0.235806 0.111492 0.0305077 0.0482344
0 0.502384 0.298594 0.0684768 0.098125
0 0.267163 0.396398 0.0857616 0.0996406
0 0.348554 0.306313 0.0962252 0.092625
0 0.579084 0.173867 0.0549007 0.0778594
0 0.168841 0.361992 0.023245 0.0177031
0 0.331126 0.419562 0.04883 0.129531
0 0.20915 0.371539 0.0533554 0.0715781
0 0.462792 0.208328 0.0250552 0.0459375
0 0.68043 0.202273 0.101302 0.0251406
0 0.430651 0.179344 0.0915011 0.1475
0 0.329404 0.250742 0.0509934 0.106422
0 0.621578 0.25918 0.0957837 0.0671719
0 0.560309 0.363406 0.0440177 0.0277813
0 0.598852 0.202914 0.0742163 0.0490156
0 0.430784 0.386109 0.0309713 0.0375625
0 0.489316 0.471789 0.0677704 0.0434219
