2 0.535062 0.446602 0.108281 0.0979219
2 0.316852 0.448594 0.0746094 0.0889687
2 0.751211 0.533469 0.0843281 0.113062
2 0.550805 0.517648 0.0773281 0.0687344
2 0.544555 0.406852 0.0773281 0.0862969
2 0.695375 0.403383 0.0799062 0.109547
2 0.243461 0.440055 0.0782031 0.0507656
2 0.762086 0.35732 0.0885781 0.0486406
2 0.449258 0.426906 0.0655469 0.0965
2 0.605219 0.425148 0.0602188 0.108016
2 0.654813 0.514055 0.129969 0.116484
2 0.374156 0.411578 0.0838437 0.0828125
2 0.51493 0.374602 0.0718594 0.0506094
