0 0.373852 0.103525 0.0924844 0.207049
0 0.921945 0.0862412 0.120078 0.172482
0 0.547883 0.296265 0.207891 0.592529
0 0.944875 0.210047 0.109906 0.420094
0 0.667258 0.666253 0.176953 0.378454
0 0.449922 0.15466 0.0824063 0.309321
0 0.66793 0.671546 0.216953 0.530632
0 0.637156 0.335738 0.162375 0.671475
0 0.417016 0.337049 0.023125 0.0873536
0 0.718406 0.429204 0.0614062 0.512927
0 0.562203 0.741745 0.0275938 0.0507494
0 0.928352 0.706136 0.129266 0.455269
0 0.519766 0.501815 0.177281 0.391265
0 0.735344 0.0901522 0.104 0.180304
0 0.807867 0.389883 0.145766 0.767916
0 0.537422 0.0277283 0.0553438 0.0554567
0 0.631273 0.828724 0.150672 0.296698
0 0.895648 0.792576 0.0686719 0.157424
0 0.485938 0.504438 0.154375 0.497869
