2 0.423859 0.586229 0.0075625 0.0109167
2 0.610898 0.643177 0.0126094 0.0123958
2 0.187328 0.665979 0.0121875 0.0118333
2 0.291938 0.692448 0.0134375 0.0157292
2 0.84725 0.625625 0.00721875 0.00275
2 0.385469 0.609917 0.00846875 0.00883333
2 0.307266 0.643021 0.0088125 0.0144167
2 0.448586 0.748667 0.0295469 0.0274167
2 0.229031 0.657698 0.0195938 0.0240208
2 0.0478594 0.647583 0.0220625 0.01525
2 0.881344 0.608135 0.0248125 0.0100208
2 0.614117 0.594604 0.0209219 0.0229583
2 0.626953 0.738052 0.0233437 0.0228542
2 0.531547 0.597656 0.010125 0.0129375
2 0.755687 0.561802 0.0080625 0.0115208
2 0.373086 0.659146 0.0138281 0.00566667
2 0.374031 0.630667 0.0095625 0.0131667
2 0.560633 0.613521 0.0197344 0.0195417
2 0.811867 0.598688 0.0180469 0.0220833
2 0.658008 0.692094 0.00795313 0.0113125
2 0.483273 0.648635 0.0118594 0.00872917
2 0.0778047 0.708333 0.0206406 0.0139583
2 0.177992 0.619792 0.0148281 0.0164167
2 0.311875 0.635031 0.0068125 0.00714583
2 0.629773 0.599979 0.0122031 0.0114167
2 0.400195 0.713313 0.0134844 0.0132083
2 0.502695 0.655844 0.00979688 0.00889583
2 0.394969 0.660198 0.0235938 0.0205625
2 0.375867 0.654021 0.0112031 0.009375
2 0.183062 0.657354 0.0134375 0.0160417
2 0.685023 0.581396 0.0158906 0.0194167
2 0.446695 0.58601 0.00598438 0.00677083
2 0.162594 0.633958 0.013875 0.00608333
2 0.592422 0.571854 0.0154687 0.01325
2 0.755102 0.698625 0.0217031 0.0165417
2 0.199125 0.669063 0.0134375 0.01625
2 0.947648 0.600927 0.0148594 0.0238542
2 0.116383 0.697281 0.0138906 0.0228125
2 0.300453 0.637458 0.0061875 0.00716667
2 0.348813 0.63501 0.0131562 0.0144792
2 0.46725 0.644094 0.00534375 0.00497917
2 0.429438 0.610229 0.0081875 0.0125417
2 0.123398 0.687802 0.0142656 0.0132708
