0 0.746229 0.175766 0.0904167 0.116969
0 0.0587604 0.508125 0.112812 0.108469
0 0.70401 0.204266 0.112896 0.171437
0 0.652729 0.155328 0.103292 0.131781
0 0.101719 0.464961 0.0610208 0.188797
0 0.429083 0.123562 0.132458 0.0582812
0 0.0329583 0.123133 0.0659167 0.0539219
0 0.899635 0.557563 0.198979 0.13975
0 0.486958 0.258867 0.0579167 0.0797969
0 0.224073 0.207992 0.148688 0.0706094
0 0.319969 0.445 0.188729 0.0879375
0 0.363281 0.530594 0.349562 0.200156
0 0.353458 0.247859 0.268167 0.0605625
0 0.53949 0.239539 0.0871875 0.147172
0 0.429594 0.641844 0.256604 0.280219
0 0.332948 0.598586 0.294021 0.252172
0 0.598156 0.22582 0.133854 0.186297
0 0.134688 0.525422 0.112292 0.132406
0 0.535729 0.212617 0.0468333 0.0656406
0 0.0388437 0.474297 0.0776875 0.04475
0 0.587948 0.707234 0.136396 0.33025
0 0.0754792 0.161523 0.145833 0.114453
0 0.216656 0.438188 0.0696042 0.0965
0 0.0505521 0.0396016 0.0944375 0.0625469
0 0.0366979 0.756156 0.0733958 0.123594
0 0.501437 0.308992 0.114042 0.0330469
0 0.155438 0.422484 0.0874167 0.104813
0 0.612792 0.259102 0.121708 0.133578
0 0.15375 0.643148 0.13025 0.0966406
0 0.306125 0.404617 0.024625 0.0333281
0 0.332927 0.399008 0.0266042 0.0156719
0 0.0662917 0.800164 0.132583 0.112953
0 0.230219 0.507617 0.126854 0.248984
0 0.0489271 0.551172 0.0968958 0.122125
0 0.41725 0.594617 0.210917 0.183172
0 0.0311771 0.444617 0.0618958 0.0266719
0 0.940354 0.686312 0.119292 0.160125
0 0.0293229 0.415102 0.0571458 0.0450156
0 0.0738542 0.398406 0.0694583 0.0374375
0 0.0492813 0.655719 0.0985625 0.15225
0 0.667 0.705641 0.0469167 0.14325
0 0.146156 0.1835 0.133104 0.0928125
0 0.0756458 0.574555 0.0305417 0.0354219
