0 0.263771 0.725375 0.236125 0.155938
0 0.531552 0.784109 0.104604 0.143937
0 0.629677 0.748844 0.108479 0.0861875
0 0.364177 0.793016 0.141688 0.177281
0 0.615937 0.694711 0.232208 0.0814219
0 0.503875 0.830836 0.050625 0.0955781
0 0.594646 0.752563 0.167708 0.132562
0 0.454948 0.796742 0.0771875 0.166797
0 0.224521 0.790297 0.0524167 0.022125
0 0.392521 0.836445 0.0548333 0.0896406
0 0.626708 0.659523 0.239917 0.0689531
0 0.585313 0.79868 0.057375 0.0613281
0 0.314083 0.768258 0.180958 0.151109
0 0.308677 0.818227 0.0680625 0.0716094
