2 0.091452 0.416773 0.0120843 0.00695313
2 0.0855738 0.42575 0.0138173 0.00846875
2 0.0349297 0.436172 0.00667447 0.00375
2 0.0614169 0.434617 0.0109836 0.00923437
2 0.0334309 0.441234 0.016089 0.00809375
2 0.0811358 0.432898 0.021897 0.00945312
2 0.0641218 0.426227 0.00857143 0.00717187
2 0.0405621 0.430523 0.00562061 0.00623438
2 0.0595199 0.426664 0.0081733 0.00970312
2 0.0474824 0.434047 0.0123888 0.00934375
2 0.0692155 0.426492 0.00953162 0.00951562
2 0.127248 0.398195 0.0144028 0.00535938
2 0.0725293 0.4175 0.0171897 0.0102188
2 0.0806557 0.423391 0.0142389 0.0095
2 0.0476581 0.425961 0.0115222 0.00751562
2 0.104087 0.431352 0.0108899 0.00873437
0 0.903665 0.388617 0.0604918 0.0190781
0 0.064637 0.370484 0.0405152 0.0325937
0 0.0623419 0.36643 0.0256674 0.0300469
0 0.384824 0.343438 0.0315222 0.0695
0 0.758571 0.362492 0.0643091 0.0171094
0 0.941827 0.113563 0.0592974 0.0229375
0 0.726663 0.537242 0.0249415 0.0148281
0 0.711417 0.431352 0.0145433 0.0116406
0 0.657834 0.522805 0.036089 0.00785938
0 0.706019 0.420094 0.0270726 0.0140313
0 0.251792 0.361109 0.05637 0.0717187
0 0.692705 0.498984 0.0224122 0.0117188
0 0.338126 0.360531 0.0346136 0.061375
0 0.212799 0.302109 0.0282201 0.0124063
0 0.341604 0.376281 0.00967213 0.0257812
0 0.933841 0.672187 0.0448712 0.0962812
0 0.748817 0.551352 0.0935129 0.0270469
0 0.650398 0.482711 0.0274473 0.0148906
0 0.45466 0.241305 0.0120375 0.0232031
0 0.905679 0.656195 0.068829 0.0804844
0 0.66089 0.355352 0.0193911 0.0145469
0 0.844555 0.626992 0.0601171 0.0322969
0 0.396464 0.408203 0.0244496 0.0753438
0 0.232681 0.379359 0.0128571 0.00934375
0 0.914403 0.541438 0.100937 0.102563
0 0.642026 0.466109 0.0345902 0.0219688
0 0.330199 0.355516 0.0490164 0.0596563
0 0.705785 0.206625 0.0518501 0.0663125
0 0.753513 0.343109 0.0520843 0.0250625
0 0.931335 0.35893 0.0664169 0.0329219
0 0.706452 0.535602 0.0370726 0.0166406
0 0.76671 0.342109 0.0425059 0.02825
0 0.35219 0.423305 0.0162763 0.0267031
0 0.290082 0.351844 0.0314988 0.0429375
0 0.254578 0.320297 0.0250351 0.0164063
0 0.665187 0.533953 0.0279859 0.0131875
0 0.439391 0.295023 0.0413115 0.0260156
0 0.766159 0.595539 0.0312881 0.0242656
0 0.614239 0.221656 0.0703044 0.0585938
0 0.678302 0.351109 0.033185 0.0115625
0 0.678138 0.464812 0.0350117 0.0277813
0 0.267096 0.356813 0.0434192 0.0637188
0 0.658852 0.463719 0.0272131 0.0235313
0 0.428993 0.417164 0.0261827 0.0547344
0 0.706311 0.381375 0.0312178 0.0147813
0 0.808044 0.409609 0.0662998 0.0299063
0 0.96548 0.357055 0.0394848 0.0584531
0 0.153934 0.265008 0.0239813 0.0332344
0 0.183443 0.265125 0.0225293 0.0404687
0 0.906007 0.329305 0.0296253 0.0230781
0 0.890152 0.543852 0.112389 0.108578
0 0.431042 0.315148 0.0154333 0.00848437
0 0.950105 0.423797 0.0470492 0.0217812
0 0.680667 0.341242 0.0314988 0.0230781
0 0.498759 0.258125 0.041733 0.0465625
0 0.593689 0.332813 0.0617564 0.033875
0 0.721042 0.377719 0.02363 0.0164063
0 0.61445 0.344562 0.0426698 0.03775
0 0.0302693 0.355211 0.0167916 0.0284844
0 0.810902 0.482531 0.0509368 0.0482812
0 0.287564 0.355555 0.0593911 0.0658594
0 0.967248 0.391109 0.0655035 0.0338125
0 0.144251 0.288281 0.0149649 0.0161563
0 0.49123 0.346195 0.0365105 0.0298906
0 0.304953 0.283414 0.025644 0.0292031
0 0.985152 0.492898 0.0296956 0.0233906
0 0.70192 0.459883 0.0241218 0.0243906
0 0.431159 0.284359 0.0422717 0.0374063
0 0.62685 0.352836 0.030281 0.0474531
0 0.739789 0.19543 0.057377 0.0828281
0 0.409391 0.254875 0.0364403 0.026375
0 0.625457 0.237312 0.0517096 0.059375
0 0.0801288 0.295023 0.0324356 0.0232031
0 0.0740984 0.289945 0.0293677 0.0225781
0 0.214227 0.36118 0.0200234 0.0225469
0 0.16733 0.271297 0.0177986 0.0306875
0 0.698677 0.344453 0.0279391 0.0194687
0 0.354543 0.363469 0.0315222 0.0634375
0 0.693478 0.364891 0.03637 0.0194687
0 0.169473 0.272773 0.0233489 0.0418594
0 0.767998 0.314906 0.0254098 0.0273438
0 0.687061 0.384555 0.0292506 0.0139844
0 0.799602 0.598672 0.0625293 0.02375
0 0.792237 0.431805 0.0188525 0.0183594
0 0.458337 0.288727 0.03363 0.0210156
0 0.963934 0.136164 0.0412178 0.0125156
0 0.449227 0.313844 0.0378923 0.0191875
0 0.139075 0.267242 0.0151991 0.0248906
0 0.659309 0.251992 0.0262529 0.0637656
0 0.689707 0.184836 0.0814286 0.0749219
0 0.967869 0.416836 0.0642623 0.0249219
0 0.518864 0.259977 0.0354801 0.0393594
0 0.282108 0.299258 0.0329742 0.0261406
0 0.305644 0.294383 0.0273068 0.0232969
0 0.787049 0.370469 0.0367213 0.0192187
0 0.374977 0.426164 0.0178689 0.0814219
0 0.673536 0.505352 0.0294145 0.0147344
0 0.361768 0.421703 0.0293911 0.08
0 0.386487 0.412484 0.020281 0.0753125
0 0.681803 0.247773 0.02726 0.0624219
0 0.692061 0.527781 0.0496956 0.01075
0 0.925363 0.509305 0.0755035 0.0752656
0 0.804122 0.387469 0.0404215 0.0204375
0 0.640492 0.249508 0.0334426 0.0675469
0 0.203021 0.289336 0.0496956 0.0323281
0 0.10363 0.289258 0.0247307 0.0151094
0 0.402775 0.276008 0.0448478 0.0405469
0 0.656569 0.515133 0.0397424 0.0130469
0 0.787951 0.626211 0.114824 0.0425469
0 0.825176 0.443797 0.0530211 0.0437813
0 0.967096 0.484359 0.0453864 0.0244375
0 0.943361 0.150773 0.0742623 0.0244844
0 0.281475 0.271742 0.0354567 0.0168281
0 0.510211 0.346398 0.0219204 0.0319844
0 0.956756 0.606219 0.0825995 0.0384062
0 0.738185 0.374586 0.0175878 0.0157656
0 0.756042 0.231219 0.0454801 0.0563125
0 0.0346136 0.297109 0.018548 0.0104375
0 0.928489 0.409734 0.0637237 0.0273125
0 0.00984778 0.340953 0.0136534 0.0208125
0 0.286288 0.314977 0.0166979 0.00889063
0 0.769801 0.329906 0.0243326 0.0198438
0 0.700363 0.433922 0.0203513 0.0139063
0 0.504778 0.269023 0.0344262 0.0499219
0 0.643501 0.45032 0.0219438 0.0181719
0 0.403197 0.299609 0.0440047 0.0274063
0 0.405796 0.434555 0.032623 0.0740781
0 0.587775 0.350469 0.0241686 0.0339375
0 0.454684 0.275391 0.0131148 0.0150625
0 0.6624 0.495258 0.0274707 0.0148281
0 0.418489 0.360445 0.0327166 0.0755469
0 0.436663 0.357758 0.0180562 0.0748594
0 0.690445 0.520469 0.0349883 0.0118438
0 0.746827 0.539 0.0203981 0.0075625
0 0.279684 0.28818 0.0351522 0.0333281
0 0.569286 0.31932 0.058993 0.0202031
0 0.490222 0.316117 0.0305621 0.0263594
0 0.990187 0.491328 0.0176581 0.01775
0 0.198314 0.362422 0.0311475 0.0224688
0 0.478829 0.229641 0.0297424 0.035125
0 0.831511 0.527273 0.0868618 0.115141
0 0.992073 0.521047 0.0158548 0.0150312
