0 0.637125 0.941472 0.137844 0.10285
0 0.329766 0.884451 0.219469 0.126098
0 0.145258 0.499778 0.114547 0.0984813
0 0.944672 0.767301 0.110656 0.257967
0 0.343727 0.773586 0.179078 0.149463
0 0.0616563 0.462161 0.101 0.145491
0 0.174648 0.58896 0.0947031 0.185911
0 0.540727 0.757301 0.0953906 0.258248
0 0.454648 0.560035 0.124578 0.106472
0 0.416375 0.464918 0.0826875 0.0628738
0 0.868523 0.944439 0.126109 0.111121
0 0.242883 0.605397 0.131641 0.150981
0 0.654133 0.822044 0.153922 0.163201
0 0.351766 0.516449 0.0721563 0.285421
0 0.55857 0.502629 0.0646719 0.187967
0 0.465688 0.732336 0.07025 0.150748
0 0.732938 0.558481 0.03925 0.140561
0 0.686297 0.577745 0.0592188 0.204696
0 0.638336 0.70521 0.125047 0.199533
0 0.133508 0.562944 0.0902344 0.102477
0 0.975867 0.74347 0.0482656 0.0633411
0 0.0635234 0.779825 0.125203 0.100771
0 0.90343 0.598061 0.108609 0.164346
0 0.867617 0.599357 0.0679844 0.161379
0 0.297102 0.697757 0.135453 0.0890187
0 0.965461 0.661425 0.0677656 0.106168
0 0.403719 0.425374 0.037875 0.0269159
0 0.805703 0.610304 0.0519063 0.0855607
0 0.466539 0.417033 0.0642656 0.0813551
0 0.933016 0.595058 0.132187 0.187033
0 0.406375 0.671308 0.0894687 0.290047
0 0.506227 0.478189 0.0667656 0.060257
0 0.73625 0.705654 0.0935 0.246916
0 0.434453 0.490829 0.0435625 0.0541355
0 0.467773 0.661577 0.0471094 0.0978271
0 0.112898 0.434217 0.104234 0.164042
0 0.689297 0.919463 0.1305 0.0849065
0 0.600578 0.658131 0.0805312 0.186075
0 0.476727 0.484626 0.0571094 0.0570093
0 0.0341719 0.654428 0.0633438 0.084743
0 0.775383 0.964731 0.108641 0.0705374
0 0.510234 0.446297 0.0828438 0.0389019
0 0.452797 0.620058 0.0655 0.0487617
0 0.349508 0.735257 0.0741719 0.0857477
0 0.622203 0.494136 0.0646562 0.0993925
0 0.256109 0.577056 0.078625 0.150421
0 0.317266 0.691974 0.100594 0.0596495
0 0.816555 0.510397 0.0876094 0.0342523
0 0.756188 0.569311 0.0663125 0.117266
0 0.663305 0.751425 0.161547 0.144019
0 0.826328 0.536729 0.0923438 0.0635981
0 0.0752734 0.600678 0.0818281 0.224673
0 0.554 0.642407 0.0385937 0.0978505
0 0.567508 0.575234 0.0568281 0.0930374
0 0.841867 0.884836 0.225828 0.118131
0 0.505469 0.433236 0.0921562 0.0526402
0 0.802898 0.758271 0.143047 0.163645
0 0.277805 0.485794 0.0444219 0.1
0 0.116219 0.649883 0.034 0.0713084
0 0.541305 0.943843 0.0731094 0.0929206
0 0.628648 0.574638 0.0619531 0.175631
