0 0.732844 0.491028 0.0386562 0.0620569
0 0.705555 0.733129 0.0628594 0.0277024
0 0.721992 0.493567 0.0340156 0.0698031
0 0.606367 0.73012 0.0437031 0.0168709
0 0.618 0.775733 0.034875 0.0442888
0 0.686961 0.772046 0.0477656 0.0359081
0 0.73475 0.736291 0.0119063 0.0228228
0 0.13268 0.72884 0.0227031 0.0202626
0 0.596859 0.511772 0.0108125 0.0148796
0 0.266961 0.685963 0.0219844 0.0361269
0 0.554398 0.736204 0.0505469 0.0353829
0 0.573563 0.751324 0.0426875 0.0461926
0 0.234781 0.675306 0.0380937 0.0228228
0 0.733453 0.76919 0.0655 0.0654267
0 0.474656 0.491149 0.0290312 0.0445295
0 0.323648 0.692144 0.0522344 0.0276586
0 0.682758 0.508425 0.0204844 0.0399125
0 0.580172 0.505197 0.0204063 0.0275492
0 0.229016 0.684179 0.0575937 0.0392998
0 0.468969 0.764322 0.0646562 0.0191028
0 0.537406 0.505952 0.0202188 0.0256455
0 0.474789 0.741532 0.0424531 0.0325164
0 0.646242 0.522232 0.0360781 0.0197374
0 0.743422 0.773742 0.052 0.0567177
0 0.151664 0.736171 0.0210469 0.00634573
0 0.131953 0.71698 0.020875 0.0271772
0 0.63918 0.531411 0.0239844 0.00846827
0 0.519422 0.730733 0.0133125 0.0186214
0 0.201703 0.674737 0.031 0.0135011
0 0.506219 0.753085 0.0214062 0.0324289
0 0.621375 0.764869 0.0394375 0.0338512
0 0.666758 0.777002 0.0387969 0.0240263
0 0.647117 0.788359 0.0166719 0.0256018
0 0.303469 0.68628 0.0304063 0.0182057
0 0.546422 0.503753 0.0347812 0.0325383
0 0.529625 0.772823 0.0389375 0.00870897
