0 0.193703 0.615738 0.024 0.0129274
0 0.613734 0.693115 0.0222188 0.0184543
0 0.626898 0.628454 0.0231719 0.0302576
0 0.658711 0.607693 0.0365781 0.0220375
0 0.689305 0.656253 0.0291406 0.036534
0 0.654898 0.559906 0.0233281 0.0110539
0 0.419828 0.844005 0.005875 0.00641686
0 0.163 0.747986 0.0226875 0.011897
0 0.350578 0.854157 0.00753125 0.0159016
0 0.582602 0.60952 0.0262344 0.0132319
0 0.601242 0.635948 0.0217031 0.0143794
0 0.159836 0.658103 0.0136719 0.0254801
0 0.6715 0.706897 0.0344062 0.0302342
0 0.678945 0.535234 0.0406719 0.0169321
0 0.154578 0.612541 0.0206875 0.0116393
0 0.684773 0.52308 0.0396719 0.014356
0 0.599172 0.58192 0.02 0.0222951
0 0.563227 0.715117 0.0119531 0.0371663
0 0.587867 0.524742 0.0179531 0.0176815
0 0.166391 0.580972 0.0104688 0.0335597
0 0.172805 0.57808 0.00701563 0.0320375
0 0.362977 0.876276 0.00785938 0.015644
0 0.162078 0.700621 0.0140313 0.0138876
0 0.607539 0.648864 0.0216719 0.013466
0 0.613398 0.543068 0.0216719 0.0102576
0 0.599086 0.699871 0.0169219 0.0166511
0 0.62232 0.516241 0.0350156 0.0202576
0 0.157711 0.621101 0.0193281 0.0221546
