0 0.769864 0.711539 0.0458824 0.0194844
0 0.716278 0.752531 0.0479412 0.0149062
0 0.80491 0.825437 0.0367873 0.0133437
0 0.874208 0.744188 0.0452941 0.0576875
0 0.873643 0.791305 0.059276 0.0616094
0 0.903869 0.746742 0.041267 0.0515469
0 0.749581 0.775625 0.0682579 0.0445313
0 0.852919 0.779453 0.0367873 0.0718125
0 0.881889 0.716727 0.0778507 0.0277344
0 0.922002 0.746586 0.0388914 0.0462656
0 0.775158 0.739633 0.0834842 0.0237031
0 0.906335 0.801844 0.0395928 0.0184375
0 0.866414 0.701852 0.0555882 0.0515781
0 0.828473 0.708203 0.0356787 0.0276875
0 0.742217 0.766844 0.0834389 0.0368125
0 0.776335 0.805305 0.0469683 0.0590469
0 0.785452 0.736156 0.0873303 0.0364063
0 0.945249 0.765633 0.0241629 0.0318594
0 0.890588 0.828234 0.0469231 0.0224375
0 0.800781 0.709617 0.0776697 0.0397344
0 0.952466 0.787148 0.0176018 0.0125156
0 0.932477 0.814461 0.0264027 0.0138594
0 0.74862 0.80075 0.0478281 0.025375
0 0.887014 0.695133 0.0516742 0.0373281
0 0.835136 0.807406 0.068009 0.046875
0 0.92845 0.788352 0.0200679 0.0343594
0 0.91293 0.767906 0.0336425 0.04425
0 0.881267 0.799078 0.0728507 0.0509687
0 0.919932 0.833234 0.0127602 0.00925
0 0.822523 0.805891 0.0616968 0.0512813
0 0.717149 0.144609 0.0782805 0.0664687
0 0.539242 0.927008 0.135452 0.0220156
0 0.730339 0.72032 0.0309955 0.0196094
0 0.930068 0.713297 0.0323982 0.0169375
0 0.743744 0.819492 0.0356787 0.0343594
0 0.787602 0.793203 0.0720814 0.0525625
0 0.963416 0.793086 0.0122624 0.00676562
0 0.715407 0.795898 0.0241629 0.0251406
0 0.754649 0.725508 0.0303846 0.0145156
0 0.916776 0.822766 0.0225113 0.0155937
0 0.9456 0.740844 0.0202489 0.012875
