0 0.925758 0.231022 0.0446719 0.0953941
0 0.305906 0.194347 0.0655625 0.361355
0 0.15675 0.322672 0.0432813 0.150665
0 0.387 0.39803 0.157062 0.264187
0 0.943367 0.304741 0.113266 0.146626
0 0.764133 0.206219 0.0444844 0.148399
0 0.598422 0.459113 0.187344 0.232266
0 0.93057 0.293929 0.119078 0.156527
0 0.945766 0.382131 0.108469 0.0720443
0 0.670492 0.38266 0.0693281 0.287586
0 0.589875 0.394667 0.0819375 0.191059
0 0.0614219 0.527204 0.113437 0.126429
0 0.641617 0.409926 0.0988281 0.270394
0 0.226328 0.351059 0.0852813 0.143399
0 0.0905625 0.367906 0.110344 0.119261
0 0.333602 0.2408 0.110578 0.380567
0 0.698125 0.751712 0.0724063 0.164557
0 0.96393 0.170419 0.0405781 0.11936
0 0.748328 0.281071 0.0421875 0.0839163
0 0.0724922 0.416034 0.134734 0.0814286
0 0.86432 0.132759 0.0478594 0.140246
0 0.776336 0.479889 0.107859 0.116232
0 0.273078 0.233707 0.0326562 0.2983
0 0.787133 0.343879 0.0956719 0.114803
0 0.8995 0.146207 0.0378125 0.103202
0 0.0852969 0.474741 0.130812 0.133571
0 0.621812 0.565468 0.159031 0.145911
0 0.167297 0.222869 0.0770312 0.179532
0 0.835797 0.255973 0.0435313 0.226232
0 0.245141 0.404667 0.109312 0.0757389
0 0.101422 0.272586 0.0660625 0.146404
0 0.250305 0.468042 0.117141 0.0685961
0 0.238266 0.244409 0.0600625 0.28931
0 0.119938 0.344101 0.0661562 0.151601
0 0.822359 0.147488 0.0463125 0.175074
0 0.610461 0.673695 0.101234 0.113695
0 0.196734 0.32585 0.049125 0.156429
0 0.546117 0.564754 0.0712656 0.166404
0 0.358563 0.288842 0.150188 0.352857
0 0.42482 0.272414 0.0214844 0.104631
0 0.79068 0.412094 0.164234 0.298276
0 0.668281 0.685419 0.08675 0.192118
0 0.893461 0.265296 0.0755156 0.190049
0 0.741281 0.405345 0.0903438 0.0628571
0 0.073875 0.487475 0.130531 0.0802709
0 0.868133 0.220567 0.0278281 0.135911
0 0.799984 0.222906 0.0288125 0.0997537
0 0.803719 0.280653 0.0800625 0.187463
0 0.784078 0.429865 0.093875 0.0828325
0 0.112023 0.264544 0.0615469 0.139384
0 0.985813 0.300185 0.0255937 0.0588916
0 0.971828 0.21335 0.0563438 0.0784729
