1 0.875477 0.46899 0.0402656 0.0252292
1 0.751563 0.452479 0.00884375 0.01275
1 0.829578 0.479604 0.0318125 0.0209167
1 0.725359 0.453365 0.0266562 0.0190208
1 0.793555 0.472344 0.0347031 0.0103958
1 0.763516 0.481458 0.0242188 0.00995833
1 0.916133 0.484979 0.0330469 0.0135
1 0.978289 0.501281 0.0412344 0.0156042
1 0.532813 0.447406 0.0090625 0.0134375
1 0.626922 0.44574 0.0235313 0.00997917
1 0.124102 0.446146 0.00557812 0.00908333
1 0.501406 0.456156 0.0295625 0.0146458
1 0.558523 0.429948 0.0159531 0.00327083
1 0.00882813 0.496906 0.0169063 0.0103542
