1 0.562859 0.464281 0.0365313 0.0556458
1 0.52118 0.458604 0.0190156 0.0571667
1 0.497609 0.453604 0.039 0.0479583
1 0.586914 0.425146 0.0320156 0.0429583
1 0.503063 0.423458 0.0436563 0.04025
1 0.522641 0.520302 0.0255312 0.0819375
1 0.513258 0.587333 0.0492656 0.0445
1 0.596914 0.363625 0.0611094 0.0970833
1 0.620477 0.441885 0.0469531 0.0785208
1 0.588445 0.545896 0.0690469 0.0528333
1 0.472773 0.513146 0.0309219 0.0507917
1 0.611391 0.308625 0.0344062 0.0304583
1 0.563016 0.498333 0.0459375 0.0532083
1 0.493641 0.567823 0.0309687 0.0541042
1 0.55482 0.417552 0.0281406 0.0483958
