0 0.502868 0.80425 0.135946 0.18934
0 0.888724 0.8412 0.218889 0.25528
0 0.105195 0.85082 0.21039 0.16052
0 0.251351 0.27039 0.0727327 0.03866
0 0.702357 0.9026 0.136907 0.15244
0 0.26991 0.93207 0.0974775 0.04926
0 0.567763 0.20268 0.0621922 0.12496
0 0.565661 0.82257 0.106096 0.16154
0 0.154414 0.87798 0.237237 0.1302
0 0.57509 0.94474 0.123574 0.06456
0 0.365526 0.28344 0.0845646 0.03888
0 0.341111 0.79976 0.206006 0.16932
0 0.393724 0.84025 0.19021 0.17882
0 0.611456 0.25636 0.0518619 0.0974
0 0.35452 0.19379 0.0530631 0.05558
0 0.514745 0.22225 0.0554354 0.09994
0 0.343589 0.15723 0.0511411 0.03898
0 0.569474 0.28281 0.0487988 0.04654
0 0.83548 0.8206 0.125315 0.17324
0 0.618784 0.18828 0.0561261 0.1118
0 0.69464 0.29527 0.0564865 0.04438
0 0.435736 0.25224 0.0559159 0.08368
0 0.0295045 0.93895 0.059009 0.06882
0 0.195541 0.8094 0.235766 0.13416
0 0.392012 0.90059 0.178078 0.19882
0 0.386321 0.25231 0.0564865 0.04154
0 0.635661 0.84006 0.145676 0.2272
0 0.313468 0.18885 0.0381081 0.04994
0 0.758859 0.87441 0.093033 0.15026
0 0.691952 0.19077 0.093033 0.11694
0 0.0611712 0.79727 0.116937 0.11802
0 0.700495 0.23987 0.111502 0.11462
0 0.40497 0.28615 0.0330631 0.02922
0 0.15467 0.9401 0.192943 0.1152
0 0.386351 0.19376 0.0569069 0.07564
0 0.84542 0.8573 0.16033 0.21256
0 0.513739 0.28059 0.0818919 0.04638
0 0.280435 0.18816 0.0399099 0.03532
0 0.484129 0.27045 0.0565465 0.04334
0 0.986922 0.90324 0.0261562 0.03676
0 0.373213 0.23218 0.0797598 0.03564
0 0.966306 0.66671 0.0673874 0.01842
0 0.451862 0.17663 0.0958559 0.1369
0 0.265165 0.22773 0.0524324 0.04938
0 0.276006 0.88903 0.102643 0.0641
0 0.474384 0.92441 0.130691 0.11646
0 0.661186 0.21334 0.0591892 0.12384
0 0.489489 0.17232 0.0515916 0.0718
0 0.0272072 0.77405 0.0544144 0.1229
0 0.320075 0.2563 0.102372 0.0666
0 0.618378 0.29213 0.0602402 0.0387
0 0.300736 0.22879 0.0582282 0.04938
0 0.964384 0.69619 0.0687087 0.05222
0 0.704369 0.78638 0.201351 0.15964
