0 0.00925 0.651183 0.0185 0.0843326
0 0.0793516 0.472881 0.0499531 0.129977
0 0.0127344 0.708349 0.0202813 0.0779157
0 0.162266 0.428899 0.0307812 0.171944
0 0.111297 0.713794 0.0499687 0.150867
0 0.0813359 0.712307 0.0424531 0.146066
0 0.229648 0.603852 0.0776094 0.163583
0 0.269211 0.708361 0.0527031 0.131569
0 0.282852 0.630035 0.0422656 0.216698
0 0.0725937 0.571546 0.035625 0.104309
0 0.181492 0.413525 0.0436094 0.14274
0 0.241414 0.70966 0.0571719 0.134871
0 0.186922 0.614918 0.0374375 0.170258
0 0.219734 0.740386 0.0447813 0.142319
0 0.148859 0.596089 0.0447813 0.163981
0 0.201258 0.414473 0.0575469 0.175644
0 0.0450781 0.47863 0.029125 0.135714
0 0.0933203 0.595457 0.0547969 0.154941
0 0.172672 0.598326 0.0323125 0.151265
0 0.255914 0.599368 0.0263281 0.144075
0 0.206094 0.498595 0.0458125 0.0925527
0 0.265672 0.687717 0.0297812 0.0837237
0 0.133422 0.507681 0.0301875 0.0664637
0 0.255375 0.469614 0.041875 0.118712
0 0.221797 0.602365 0.0733437 0.173068
0 0.136586 0.44233 0.0511406 0.123396
0 0.0625 0.718466 0.0285625 0.145597
0 0.0178047 0.747237 0.0340156 0.0887119
0 0.130914 0.428255 0.0685781 0.122787
0 0.0702656 0.433841 0.0147813 0.0382201
0 0.0920078 0.482307 0.0595781 0.154356
0 0.0522656 0.60993 0.0271875 0.166932
