2 0.9 0.362557 0.0541875 0.0702703
2 0.392867 0.412006 0.0537031 0.0544491
2 0.442102 0.432713 0.0456406 0.0508732
2 0.596688 0.285572 0.052875 0.0398753
2 0.315133 0.583721 0.0424219 0.048815
2 0.445086 0.149252 0.0641406 0.0485239
2 0.364398 0.508389 0.0603906 0.058316
2 0.6395 0.504948 0.040125 0.0538046
2 0.650766 0.59394 0.0370313 0.0930769
2 0.605891 0.10105 0.039375 0.0448025
2 0.583211 0.613649 0.0437031 0.0318295
2 0.778641 0.55368 0.0525625 0.0875676
2 0.228055 0.430655 0.0424219 0.0476715
2 0.50975 0.520613 0.0492187 0.0383992
2 0.749688 0.34317 0.0395937 0.0555717
2 0.711094 0.605187 0.0457188 0.0739085
2 0.284125 0.549792 0.0433125 0.0556757
2 0.731281 0.512869 0.0559687 0.0513514
2 0.557875 0.49894 0.02975 0.0337214
2 0.570289 0.236445 0.0454531 0.0508524
2 0.627656 0.415988 0.0280625 0.0315593
2 0.648797 0.307661 0.0486875 0.0552807
2 0.620742 0.215998 0.0558281 0.0803534
2 0.260719 0.226902 0.0695937 0.037422
2 0.187172 0.40683 0.0412813 0.0359459
2 0.41275 0.223784 0.0267812 0.0295218
2 0.253414 0.266091 0.0523594 0.056341
2 0.181523 0.39552 0.00876563 0.00829522
2 0.470805 0.440198 0.0361406 0.0481289
2 0.522305 0.164927 0.0348281 0.0444491
2 0.362687 0.21527 0.025 0.0500832
2 0.484523 0.282089 0.0271094 0.0352807
2 0.746937 0.289012 0.0328437 0.0390644
2 0.581789 0.583576 0.0183594 0.0299376
2 0.148594 0.402838 0.0628438 0.0571933
2 0.558672 0.332807 0.0309687 0.0489397
2 0.210188 0.385073 0.0625625 0.0979626
