0 0.932227 0.189611 0.0291406 0.143333
0 0.788609 0.585611 0.0844688 0.338056
0 0.780484 0.955722 0.204125 0.0885556
0 0.862352 0.545569 0.0860781 0.344306
0 0.572016 0.156625 0.0748125 0.0824722
0 0.722328 0.240611 0.044 0.0576111
0 0.737461 0.426194 0.0734219 0.262389
0 0.974812 0.229056 0.049875 0.107833
0 0.790523 0.370986 0.0735469 0.204306
0 0.875258 0.0339722 0.0908594 0.0679444
0 0.851008 0.979653 0.0642656 0.0406944
0 0.87632 0.214333 0.0606406 0.218722
0 0.78518 0.853569 0.184453 0.16175
0 0.97657 0.338708 0.0462969 0.0815833
0 0.6875 0.151222 0.126844 0.182056
0 0.821969 0.390208 0.0200625 0.133528
0 0.936594 0.94275 0.126812 0.1145
0 0.911773 0.168153 0.0673281 0.289528
0 0.953055 0.916903 0.0938906 0.143528
0 0.983969 0.0448472 0.0320625 0.0896944
0 0.956617 0.792306 0.0847969 0.0892222
0 0.970469 0.0912361 0.0590625 0.182472
0 0.688477 0.215514 0.118547 0.0970833
0 0.957578 0.857528 0.0848437 0.0796111
0 0.577023 0.0920556 0.0703906 0.0746111
0 0.944531 0.601847 0.106875 0.319972
0 0.950781 0.714972 0.0984375 0.149944
0 0.337039 0.921181 0.0261719 0.0300833
0 0.68768 0.08 0.0837969 0.16
0 0.417391 0.236681 0.0228437 0.0321389
0 0.668586 0.0486806 0.0563594 0.0973611
0 0.960797 0.383708 0.06725 0.121861
0 0.623383 0.19 0.0689219 0.0765556
0 0.332352 0.913583 0.0297656 0.0438889
0 0.602305 0.0528472 0.0488906 0.0964722
0 0.957812 0.218903 0.0481875 0.172472
0 0.857586 0.352444 0.0621719 0.194611
0 0.631992 0.044875 0.0218594 0.0875833
0 0.912453 0.440764 0.0572187 0.194861
0 0.318438 0.959361 0.02575 0.0258889
0 0.715508 0.534181 0.0882344 0.297528
0 0.319664 0.911444 0.0242344 0.0520556
0 0.649195 0.0354722 0.0228281 0.0709444
0 0.317242 0.902306 0.0217969 0.0492778
0 0.727578 0.270819 0.0367813 0.0315278
0 0.765117 0.774514 0.0685156 0.0930278
0 0.983352 0.308319 0.0316094 0.0220833
0 0.756602 0.902028 0.0906719 0.0366667
0 0.939648 0.340944 0.0235156 0.0526667
0 0.402109 0.510458 0.0117813 0.0110833
0 0.665703 0.180319 0.03125 0.0499167
0 0.325133 0.943514 0.0275469 0.0186944
0 0.82118 0.587306 0.0423281 0.283222
0 0.304078 0.95825 0.0148125 0.0360556
0 0.984719 0.265653 0.0294687 0.0418056
0 0.610016 0.317931 0.025125 0.0386944
0 0.929922 0.46125 0.0919375 0.187389
0 0.388414 0.510792 0.0166719 0.0141389
0 0.62093 0.157542 0.0282969 0.0536944
