0 0.62657 0.396187 0.01202 0.008
0 0.57661 0.4122 0.00914 0.00749333
0 0.52877 0.391133 0.0213 0.00877333
0 0.56033 0.361427 0.0095 0.01544
0 0.2968 0.48912 0.00764 0.0189867
0 0.36063 0.452747 0.01034 0.01024
0 0.29735 0.44752 0.0095 0.0212267
0 0.5734 0.3752 0.01336 0.0165867
0 0.57828 0.39972 0.01284 0.00786667
0 0.427 0.48732 0.02044 0.0159733
0 0.42916 0.468 0.01408 0.0122667
0 0.61316 0.366667 0.01508 0.0104533
0 0.60272 0.37024 0.0124 0.00992
0 0.53954 0.41276 0.01136 0.00952
0 0.21212 0.419013 0.01136 0.02976
0 0.44495 0.448267 0.01458 0.0130667
0 0.35791 0.441107 0.0095 0.0275467
0 0.63145 0.391453 0.01446 0.00552
0 0.31639 0.437787 0.01786 0.0143467
0 0.45552 0.48044 0.01756 0.0159733
0 0.40405 0.456933 0.0131 0.0177067
0 0.62174 0.404773 0.00524 0.0122133
0 0.21928 0.430827 0.00948 0.01104
0 0.44992 0.459187 0.01312 0.01256
0 0.50247 0.408573 0.00806 0.00994667
0 0.5364 0.370387 0.01528 0.0129333
0 0.3205 0.479347 0.01076 0.02232
0 0.33 0.476027 0.01032 0.0154133
0 0.32844 0.501933 0.01632 0.0137867
0 0.34364 0.457813 0.00756 0.0106133
0 0.42944 0.440627 0.00832 0.0152267
0 0.24229 0.435267 0.01798 0.0110133
0 0.61512 0.39972 0.01032 0.00936
0 0.52169 0.39976 0.01554 0.00736
0 0.27445 0.417347 0.01358 0.01576
0 0.27836 0.432107 0.02024 0.0111467
0 0.27184 0.46084 0.01468 0.01304
0 0.4054 0.469093 0.01196 0.0115733
0 0.50944 0.408547 0.00724 0.00936
0 0.2837 0.471693 0.00956 0.0135733
0 0.35567 0.4796 0.02426 0.01056
0 0.34908 0.503893 0.0262 0.0148267
0 0.46547 0.456347 0.01658 0.00709333
0 0.44188 0.4854 0.01096 0.01432
0 0.38795 0.467493 0.0093 0.0170667
0 0.5459 0.390227 0.01984 0.00909333
0 0.22049 0.418733 0.00786 0.01816
0 0.61027 0.41584 0.00682 0.0113067
0 0.61831 0.41084 0.01278 0.01272
0 0.45104 0.435347 0.0188 0.0158667
0 0.55657 0.39948 0.01366 0.0182133
0 0.34084 0.479347 0.00848 0.00717333
0 0.28087 0.4406 0.0119 0.0147467
0 0.23163 0.426067 0.01642 0.01272
0 0.52388 0.415307 0.01268 0.00768
0 0.28958 0.441133 0.0094 0.01416
0 0.30529 0.43684 0.01022 0.01
0 0.34022 0.44048 0.00948 0.0180267
0 0.35061 0.47012 0.02154 0.0104267
0 0.49518 0.41268 0.00972 0.0110133
0 0.29084 0.45896 0.00972 0.0221867
0 0.57113 0.384307 0.01122 0.0113333
0 0.45217 0.472453 0.01382 0.0128533
0 0.31793 0.489733 0.01178 0.0168
0 0.54976 0.404413 0.00792 0.00973333
0 0.41737 0.449747 0.0171 0.0113867
0 0.46706 0.46764 0.01364 0.0105333
0 0.41993 0.470373 0.00746 0.00917333
0 0.56083 0.408573 0.00966 0.00936
0 0.50804 0.417067 0.00696 0.01296
0 0.43413 0.460053 0.01446 0.0104533
