0 0.689937 0.676811 0.0179687 0.0268612
0 0.688586 0.64005 0.0152344 0.0514889
0 0.698656 0.657495 0.0170937 0.0482294
0 0.671266 0.637596 0.0216562 0.0334205
0 0.794242 0.651942 0.0219844 0.0286318
0 0.718891 0.65999 0.0279687 0.041831
0 0.649445 0.653028 0.0158594 0.0365191
0 0.740953 0.652485 0.0275938 0.0225956
0 0.762617 0.668924 0.0208594 0.0258954
0 0.776398 0.660292 0.0260781 0.0293964
0 0.663508 0.662193 0.0187969 0.0289738
0 0.727984 0.672233 0.0398437 0.0298189
0 0.740227 0.672757 0.0289219 0.0323139
0 0.672852 0.677193 0.0194219 0.0273843
0 0.786961 0.67504 0.0232969 0.0244064
0 0.726148 0.63833 0.0237656 0.0268813
0 0.636148 0.656932 0.0908906 0.0658149
0 0.799203 0.671378 0.0193437 0.031328
0 0.652836 0.679537 0.0271719 0.0203219
0 0.708891 0.637324 0.0191875 0.0453924
0 0.61882 0.623773 0.0409531 0.027505
