0 0.85864 0.54464 0.02048 0.0183483
0 0.76621 0.532387 0.02434 0.0251351
0 0.81717 0.529625 0.0205 0.028979
0 0.86495 0.538664 0.01454 0.0205105
0 0.87637 0.538724 0.01486 0.0230931
0 0.82733 0.527462 0.01622 0.0166667
0 0.78019 0.521276 0.0135 0.0230931
0 0.78797 0.548378 0.0263 0.00948949
0 0.81146 0.531261 0.02168 0.0225826
0 0.77315 0.526982 0.02066 0.0307808
0 0.7975 0.558498 0.01984 0.0177177
0 0.88509 0.537883 0.00838 0.00951952
0 0.75369 0.549159 0.0153 0.00912913
0 0.84926 0.552312 0.01632 0.0136937
0 0.8111 0.544099 0.0258 0.0158859
0 0.73211 0.571967 0.02442 0.0187087
0 0.78445 0.559354 0.02322 0.0146246
0 0.87277 0.562613 0.01674 0.0107508
0 0.87713 0.555511 0.0229 0.0151051
0 0.79214 0.534775 0.02016 0.0115315
0 0.76041 0.559489 0.03006 0.0163964
0 0.87841 0.566667 0.02034 0.0138739
0 0.75905 0.542057 0.0311 0.0164264
0 0.88206 0.546682 0.01844 0.0271772
