2 0.774328 0.780438 0.052125 0.0517917
2 0.673086 0.802448 0.0530156 0.0203125
2 0.470859 0.635219 0.0443125 0.0287708
2 0.674867 0.858771 0.0555469 0.0245417
2 0.669172 0.894198 0.0701875 0.0536875
2 0.731812 0.807438 0.0573125 0.0271667
2 0.681117 0.835969 0.0613906 0.0245208
2 0.550086 0.827313 0.0546094 0.0566667
2 0.738359 0.856646 0.0635938 0.0309583
2 0.789344 0.849729 0.0424687 0.0280417
2 0.477211 0.596333 0.0390469 0.0325833
2 0.714984 0.769354 0.0625 0.0366667
2 0.779648 0.89299 0.0463906 0.0613125
2 0.714711 0.788646 0.0603906 0.0233333
2 0.502352 0.613927 0.0432969 0.0385625
2 0.667391 0.785635 0.042125 0.0276875
2 0.677359 0.846135 0.06125 0.0234792
2 0.653141 0.927167 0.0685625 0.035625
2 0.736484 0.840812 0.0513438 0.025125
2 0.727523 0.887719 0.0578906 0.0361458
2 0.670055 0.81776 0.0538906 0.0184792
2 0.454352 0.553542 0.0455469 0.030375
2 0.667547 0.753594 0.0494062 0.0418958
2 0.790914 0.826833 0.0538594 0.046125
2 0.657734 0.873917 0.0409687 0.0408333
