0 0.52034 0.759305 0.0967371 0.0453281
0 0.934695 0.371125 0.0273239 0.01975
0 0.327019 0.82225 0.0743192 0.101406
0 0.406526 0.672055 0.0711268 0.0350156
0 0.246021 0.308922 0.0225117 0.0193125
0 0.0617488 0.232406 0.0207746 0.0161563
0 0.0144131 0.397898 0.0288263 0.0175781
0 0.0725587 0.449781 0.0784507 0.0314688
0 0.302077 0.348289 0.0563615 0.0187969
0 0.906937 0.383414 0.0254695 0.0218906
0 0.312817 0.829961 0.0798122 0.0939219
0 0.562007 0.710453 0.10162 0.0713125
0 0.181056 0.275 0.0189202 0.0179375
0 0.633533 0.679383 0.0452817 0.0923594
0 0.88892 0.311406 0.0292488 0.0166875
0 0.960622 0.395031 0.0265493 0.0161563
0 0.525176 0.607805 0.0202582 0.0208906
0 0.0858333 0.253172 0.0180516 0.0223438
0 0.147242 0.845102 0.125047 0.0372656
0 0.0538498 0.775961 0.1077 0.0234844
0 0.972488 0.292375 0.0284038 0.0273438
0 0.182782 0.795484 0.0646714 0.064375
0 0.287923 0.869914 0.11284 0.0833281
0 0.409131 0.711047 0.0719718 0.034125
0 0.937019 0.552039 0.0331455 0.0195781
0 0.185552 0.287031 0.021338 0.0165313
0 0.0739789 0.192094 0.0203991 0.0195
0 0.0621127 0.398039 0.0583568 0.0196406
0 0.338744 0.643039 0.0511502 0.0659219
0 0.895035 0.168719 0.0465493 0.0312812
0 0.19088 0.131969 0.021385 0.01825
0 0.221033 0.133977 0.02 0.0279531
0 0.36196 0.674352 0.0441549 0.0453281
0 0.29973 0.275109 0.0219484 0.0164063
0 0.920117 0.396594 0.0268075 0.0197813
0 0.987805 0.21368 0.0243897 0.0210781
0 0.0592371 0.43457 0.0576291 0.0431719
0 0.565505 0.748234 0.166268 0.0679687
0 0.0656925 0.270672 0.0264085 0.0151875
0 0.970528 0.363523 0.0266432 0.0194531
0 0.255411 0.768742 0.0530751 0.0689219
0 0.431467 0.647813 0.0296479 0.0318125
0 0.0371244 0.32782 0.0207746 0.0253906
0 0.922606 0.357453 0.0296244 0.0174375
0 0.0607512 0.32225 0.0225822 0.0210625
0 0.907406 0.306602 0.035 0.0176094
0 0.404096 0.589945 0.0369249 0.0402031
0 0.978369 0.159289 0.0317606 0.0234844
0 0.916913 0.320906 0.0266432 0.019625
0 0.12912 0.265648 0.0142958 0.0123594
0 0.0603404 0.207305 0.0332629 0.0312031
0 0.155469 0.276156 0.0216901 0.016
0 0.874883 0.270313 0.0291549 0.01575
0 0.925235 0.274898 0.0265728 0.0228281
0 0.107195 0.163453 0.0357981 0.01975
0 0.155622 0.311469 0.0163146 0.0151562
0 0.153991 0.730742 0.0675117 0.0604219
0 0.44723 0.60468 0.0401408 0.0731094
0 0.366631 0.620273 0.0330282 0.0654844
0 0.89162 0.196742 0.0700469 0.0238594
0 0.975751 0.223258 0.0269484 0.0195156
0 0.370516 0.816648 0.0594836 0.101797
0 0.142254 0.413234 0.0893897 0.0159375
0 0.131596 0.256398 0.0214554 0.0163281
0 0.475528 0.641914 0.0415728 0.0672031
0 0.201526 0.148906 0.0176995 0.0269375
0 0.947653 0.261305 0.026338 0.0281406
0 0.068439 0.337602 0.0223239 0.0175156
0 0.910305 0.371227 0.0286854 0.0157031
0 0.962054 0.345625 0.0270657 0.0194687
0 0.0457746 0.833461 0.0915493 0.0486094
0 0.075892 0.748617 0.11277 0.0548906
0 0.108298 0.329633 0.0120892 0.0117656
0 0.355282 0.339563 0.0199531 0.032875
0 0.921678 0.29618 0.0253756 0.0217969
0 0.941854 0.31575 0.0394366 0.02075
0 0.0694249 0.258367 0.0214319 0.0224531
0 0.388568 0.6255 0.0458216 0.0630938
0 0.119085 0.139445 0.0252582 0.0307969
0 0.0140493 0.436078 0.0280986 0.0321562
0 0.38365 0.702648 0.0729812 0.0292656
0 0.0773592 0.118391 0.0238732 0.024875
0 0.427042 0.744758 0.0523474 0.0513281
0 0.0324883 0.957836 0.0497183 0.0233594
0 0.0473122 0.410164 0.0727465 0.0166719
0 0.878932 0.255875 0.0588967 0.0123125
0 0.523838 0.64043 0.05777 0.0512969
0 0.0494366 0.228813 0.0176995 0.0187187
0 0.01723 0.300242 0.0168075 0.0190156
0 0.972805 0.329172 0.0257981 0.0205
0 0.120951 0.159625 0.0208216 0.018625
0 0.153286 0.406172 0.0838967 0.0219375
0 0.558005 0.698477 0.117418 0.0654219
0 0.277477 0.929641 0.158568 0.0669375
0 0.219178 0.404391 0.0292488 0.0323125
0 0.228979 0.84332 0.0408216 0.0620781
0 0.920481 0.256641 0.037723 0.0138437
0 0.233063 0.269383 0.015 0.0105156
0 0.052007 0.284719 0.0481925 0.018625
0 0.107805 0.740969 0.081338 0.0517188
0 0.364225 0.781211 0.0780751 0.0211719
0 0.97669 0.273445 0.0307981 0.0274531
0 0.942606 0.40225 0.0325352 0.01825
0 0.297911 0.779438 0.0788263 0.0733125
0 0.237465 0.251992 0.0126761 0.0180469
0 0.168251 0.244328 0.020493 0.0269062
0 0.0350352 0.432906 0.0396479 0.0430938
0 0.198779 0.735031 0.0731455 0.0605313
0 0.0353052 0.208602 0.034554 0.0388906
0 0.453873 0.839977 0.12493 0.0600781
0 0.238345 0.404906 0.0315728 0.0369375
0 0.948286 0.359242 0.0269484 0.0241094
0 0.476291 0.85218 0.159765 0.0572031
0 0.158709 0.806891 0.104601 0.0596563
0 0.161303 0.164352 0.0303991 0.0174531
0 0.178005 0.198672 0.0222535 0.0249688
0 0.0477347 0.269391 0.0229343 0.024875
0 0.0159155 0.243656 0.0214085 0.0296563
0 0.157606 0.299594 0.0161972 0.0143437
0 0.335329 0.343594 0.0246479 0.02
0 0.0273357 0.394016 0.029507 0.0176563
0 0.0533099 0.790109 0.10662 0.025
0 0.296796 0.363719 0.0657981 0.01975
0 0.194601 0.789031 0.0641315 0.0544063
0 0.196303 0.30132 0.0223239 0.0143594
0 0.532383 0.620023 0.0234977 0.0216719
0 0.188509 0.329508 0.0182864 0.0168906
0 0.563603 0.786211 0.160822 0.0590781
0 0.943732 0.331945 0.0296244 0.0187656
0 0.0840376 0.221422 0.0284977 0.0179375
0 0.096385 0.315352 0.0166667 0.0183594
0 0.0115728 0.271523 0.0158685 0.0275156
0 0.182723 0.156867 0.02277 0.0272969
0 0.171291 0.210648 0.0230986 0.0223281
0 0.132195 0.241937 0.0142958 0.0165313
0 0.167242 0.332578 0.0238263 0.0142187
0 0.0149061 0.22343 0.0256338 0.0315469
0 0.910188 0.566109 0.0192488 0.0259062
0 0.0591197 0.19325 0.0154695 0.0193125
0 0.49939 0.608227 0.0347887 0.0228906
0 0.107359 0.811984 0.0350469 0.034375
0 0.431455 0.62 0.0525822 0.0673438
0 0.145423 0.327133 0.0376526 0.00985938
0 0.172594 0.315773 0.0208216 0.0201719
0 0.107606 0.769383 0.0377934 0.0205781
0 0.316878 0.345828 0.0419718 0.0233437
0 0.196901 0.189109 0.0240376 0.0164063
0 0.0735681 0.971836 0.147136 0.0277031
0 0.878052 0.244172 0.0631925 0.019375
0 0.871209 0.282391 0.0266432 0.0114375
0 0.289554 0.207414 0.0104225 0.0178594
0 0.291925 0.29268 0.0223474 0.00642188
0 0.29446 0.251563 0.0115493 0.014375
0 0.25385 0.405469 0.052723 0.0456562
0 0.204765 0.161781 0.0250235 0.0220625
0 0.95135 0.244492 0.0251408 0.0173906
0 0.153204 0.201641 0.0256103 0.028625
0 0.161068 0.144633 0.0207746 0.0288281
0 0.12757 0.305094 0.0155164 0.0127188
0 0.056162 0.151859 0.0142488 0.0212812
0 0.902371 0.344344 0.0251643 0.0175313
0 0.102805 0.852695 0.0587089 0.0371406
0 0.156138 0.869844 0.113122 0.055375
0 0.250364 0.233563 0.0248122 0.0199063
0 0.465528 0.725906 0.0473474 0.0395
0 0.221784 0.154555 0.0234742 0.0251406
0 0.970798 0.312672 0.0279812 0.0167187
0 0.13811 0.300516 0.0226995 0.0187187
0 0.0594366 0.99243 0.02 0.0141094
0 0.208721 0.255352 0.0238263 0.0185156
0 0.249049 0.252969 0.0161737 0.0110312
0 0.0931925 0.150258 0.0217371 0.0115469
0 0.988415 0.305758 0.0219484 0.0192344
0 0.895188 0.284266 0.043615 0.018875
0 0.170857 0.286547 0.0124178 0.0142187
0 0.186948 0.250742 0.0230986 0.0200156
0 0.197946 0.0950156 0.0419484 0.0330937
0 0.0845775 0.102141 0.0230986 0.0110312
0 0.496138 0.597633 0.0461268 0.0250469
0 0.610704 0.672711 0.0257746 0.0752031
0 0.213134 0.175445 0.0269249 0.0142031
0 0.367559 0.348727 0.0192488 0.0169219
0 0.0965258 0.0934141 0.0466197 0.0344219
0 0.175681 0.299867 0.02 0.0151406
0 0.0543545 0.812234 0.108709 0.0430938
0 0.932171 0.387641 0.0353756 0.0185312
0 0.186925 0.0862031 0.031784 0.034375
0 0.0353638 0.134852 0.0246244 0.0148906
0 0.143791 0.317172 0.0318545 0.0144687
0 0.260974 0.214836 0.0130751 0.0179531
0 0.230223 0.195625 0.0124178 0.0248125
0 0.190423 0.265656 0.0212676 0.013
0 0.173568 0.0840781 0.0230516 0.0233437
0 0.991221 0.288484 0.0167606 0.018125
0 0.146984 0.236047 0.016831 0.0194375
0 0.0942723 0.279336 0.0130986 0.0228281
0 0.052054 0.351031 0.0203521 0.0142187
0 0.115915 0.203063 0.0196244 0.0135937
0 0.0590141 0.122219 0.0173709 0.03175
0 0.228181 0.303867 0.0182394 0.0149219
0 0.0494249 0.312398 0.026784 0.0208281
0 0.216467 0.777109 0.0455634 0.0755625
0 0.284671 0.237656 0.0102347 0.00746875
0 0.237782 0.898883 0.119085 0.0572031
0 0.903685 0.228875 0.037277 0.0379063
0 0.98635 0.349633 0.0273005 0.0201719
0 0.951127 0.281031 0.0270423 0.0195
0 0.583897 0.647242 0.0423944 0.0411094
0 0.579061 0.634914 0.0630516 0.0467031
0 0.990364 0.327313 0.0192723 0.0259062
0 0.224577 0.236766 0.0122535 0.0112187
0 0.0272066 0.275617 0.0238498 0.0312969
0 0.321115 0.686336 0.063169 0.0534531
0 0.458251 0.662484 0.0487089 0.0444375
0 0.926362 0.340008 0.0365728 0.0169219
0 0.94743 0.297422 0.0338732 0.0235938
0 0.0877934 0.401867 0.0365728 0.0310469
0 0.240082 0.152938 0.0203991 0.0182187
0 0.900998 0.32725 0.0421831 0.0185312
0 0.957336 0.378539 0.0280986 0.0182031
0 0.280458 0.272445 0.0176761 0.0106719
0 0.513474 0.720156 0.0870423 0.031125
0 0.288263 0.837578 0.117183 0.0867813
0 0.897148 0.267062 0.0297887 0.0171875
0 0.976291 0.25382 0.0253991 0.0256406
0 0.0550235 0.381164 0.0321596 0.0178594
0 0.652406 0.681484 0.0412911 0.0767188
0 0.902207 0.356617 0.0284038 0.0147031
0 0.18777 0.217914 0.0167136 0.0199844
0 0.0245423 0.321016 0.0123709 0.0177813
0 0.986808 0.394898 0.026385 0.0179531
0 0.0570188 0.76418 0.114038 0.0384219
0 0.0350939 0.302422 0.0179343 0.0268437
0 0.137171 0.187766 0.0180986 0.0121563
0 0.202723 0.277422 0.0234742 0.0133437
0 0.230364 0.171273 0.0161737 0.0138594
0 0.982042 0.380687 0.0277934 0.0165313
0 0.0380164 0.380273 0.0611502 0.0220781
0 0.105117 0.182977 0.0169484 0.0130781
0 0.580117 0.690539 0.0953521 0.0807031
0 0.237183 0.137406 0.0224413 0.0190312
0 0.183721 0.234953 0.0188498 0.0161563
0 0.204366 0.323719 0.0192488 0.0135937
0 0.191995 0.796406 0.0495305 0.0469375
0 0.369354 0.335258 0.0378169 0.0425469
0 0.145117 0.425477 0.0908451 0.0200156
0 0.290411 0.262852 0.0161737 0.00770312
0 0.970528 0.404648 0.0280986 0.0117969
0 0.245235 0.206203 0.0181221 0.0191562
0 0.0852817 0.26868 0.0190141 0.0152031
0 0.0548122 0.249586 0.0307981 0.0228281
0 0.129577 0.228109 0.0141784 0.011
0 0.00732394 0.438102 0.0146479 0.0294531
0 0.208592 0.213555 0.0211737 0.0179531
0 0.114671 0.398039 0.0241315 0.0265781
0 0.889472 0.295297 0.0447653 0.02025
0 0.689589 0.662992 0.0676291 0.0693594
0 0.126608 0.179469 0.0188498 0.0125625
0 0.145176 0.435539 0.0793192 0.0203594
0 0.443627 0.694734 0.0505399 0.0342812
0 0.237488 0.299094 0.0153991 0.0105313
0 0.958005 0.154594 0.0203756 0.0391562
0 0.414894 0.82557 0.0862207 0.0856719
0 0.1425 0.126117 0.0206808 0.0253906
0 0.924437 0.533539 0.0214085 0.0102344
0 0.221326 0.289219 0.0130751 0.0138437
0 0.307617 0.299859 0.0146244 0.0120625
0 0.203862 0.228242 0.0221831 0.0186094
0 0.0835094 0.294445 0.014108 0.0134219
0 0.119437 0.0868203 0.0249296 0.0377969
0 0.277488 0.262023 0.0134742 0.00820313
0 0.283146 0.252031 0.025493 0.015625
0 0.0990493 0.343195 0.0337793 0.0146719
0 0.0311502 0.125953 0.0211737 0.0279687
0 0.0829812 0.319016 0.0205164 0.0164063
0 0.138533 0.284219 0.0246244 0.0187187
0 0.0684859 0.176102 0.0211502 0.0169219
0 0.275763 0.286648 0.0219484 0.0117969
