2 0.529922 0.806354 0.0657812 0.045875
2 0.52875 0.733969 0.0581875 0.0428125
2 0.423469 0.773625 0.056375 0.048875
2 0.369977 0.785271 0.0607656 0.0545417
2 0.324062 0.832135 0.0687813 0.0478542
2 0.606633 0.733229 0.0349531 0.0512083
2 0.419586 0.718927 0.0458281 0.0586458
2 0.651664 0.72249 0.0588594 0.0446042
2 0.487695 0.693156 0.0361094 0.0618958
2 0.604172 0.800125 0.0616875 0.032125
2 0.55225 0.693719 0.03575 0.0588958
2 0.371398 0.732469 0.0401094 0.0496042
2 0.256461 0.798292 0.0598281 0.0509167
