1 0.8184 0.33052 0.05424 0.0636
1 0.69181 0.236333 0.04574 0.0571467
1 0.77738 0.305453 0.06408 0.07176
1 0.80573 0.444013 0.10802 0.0721867
1 0.83143 0.36936 0.06158 0.0878933
1 0.68215 0.273093 0.04378 0.03136
1 0.76763 0.342773 0.03058 0.0287467
1 0.73937 0.246413 0.05982 0.06392
2 0.59825 0.566387 0.11034 0.119813
2 0.56111 0.317573 0.04762 0.0710933
2 0.73498 0.53708 0.08888 0.11048
2 0.66335 0.54604 0.08162 0.09544
2 0.54785 0.393613 0.0553 0.0916
2 0.61361 0.51736 0.04046 0.06672
2 0.60868 0.408187 0.13276 0.172107
