2 0.808828 0.0942083 0.0466562 0.0520417
2 0.687812 0.0656667 0.0545625 0.0722917
2 0.679961 0.128198 0.0546094 0.0592292
2 0.724523 0.114542 0.0430781 0.0561667
2 0.65707 0.0253542 0.0614531 0.0315833
2 0.777641 0.0675833 0.0399687 0.0402917
2 0.767578 0.0329375 0.0556875 0.047125
2 0.76882 0.110573 0.0489531 0.0560208
2 0.624766 0.0800833 0.0238438 0.0482083
2 0.644328 0.101333 0.0515312 0.0630833
2 0.738063 0.0637188 0.0501875 0.0556458
2 0.719617 0.0209688 0.0448906 0.0244792
2 0.730844 0.0290104 0.0273125 0.0229792
2 0.676617 0.0442083 0.0448906 0.0611667
2 0.63225 0.0376979 0.0371875 0.0574375
2 0.652289 0.0639792 0.0217344 0.0217917
