0 0.298016 0.517787 0.0507187 0.165316
0 0.707961 0.227237 0.0253906 0.135316
0 0.27607 0.513829 0.0382344 0.166674
0 0.0585156 0.592471 0.0674063 0.13
0 0.753953 0.229204 0.0284687 0.096815
0 0.297305 0.371897 0.0259844 0.0610304
0 0.764711 0.193407 0.0313594 0.0963232
0 0.206156 0.187799 0.0380937 0.156112
0 0.204 0.0417096 0.0385937 0.0834192
0 0.686852 0.403384 0.0326406 0.142365
0 0.290547 0.235972 0.0399687 0.146838
0 0.117758 0.292986 0.0340469 0.0462998
0 0.116664 0.106382 0.0491406 0.162272
0 0.627258 0.121159 0.0557344 0.0823185
0 0.312594 0.463337 0.0806875 0.123068
0 0.742297 0.292693 0.0224062 0.0704918
0 0.0799844 0.424473 0.0186562 0.133302
0 0.225125 0.287974 0.0649062 0.10555
0 0.304352 0.0481382 0.0265781 0.0936534
0 0.323062 0.172084 0.0712187 0.152131
0 0.169813 0.24377 0.05125 0.15911
0 0.252977 0.0593677 0.0335781 0.115222
0 0.234484 0.0255738 0.0283438 0.0511475
0 0.246664 0.528044 0.0333906 0.175433
0 0.309734 0.316663 0.024625 0.0779625
0 0.320047 0.198267 0.0257812 0.119859
0 0.0671641 0.23959 0.0449531 0.108173
0 0.248773 0.175222 0.0650781 0.12918
0 0.718305 0.522061 0.0554219 0.127635
0 0.249633 0.387705 0.0583281 0.124871
0 0.61393 0.103372 0.0569531 0.0806557
0 0.0929375 0.100129 0.035375 0.147424
0 0.333695 0.282845 0.0244844 0.0710773
0 0.175633 0.19377 0.0430469 0.149742
0 0.065375 0.387564 0.0803438 0.160749
0 0.0649375 0.0982319 0.0535 0.120679
0 0.189453 0.523115 0.0424687 0.11466
0 0.659727 0.325726 0.0250156 0.126721
0 0.0735156 0.409824 0.0475313 0.165129
0 0.0849531 0.630176 0.0663438 0.172061
0 0.146125 0.146956 0.0483438 0.18829
0 0.697336 0.30493 0.0298594 0.0825995
0 0.187211 0.0696956 0.0364844 0.139391
0 0.654656 0.182904 0.0320625 0.110164
0 0.172734 0.0279859 0.0429062 0.0559719
0 0.723578 0.132272 0.056625 0.109133
0 0.318953 0.333782 0.0195312 0.0811944
0 0.105531 0.229614 0.0317812 0.147518
0 0.0986172 0.48952 0.0292031 0.129813
0 0.668977 0.533326 0.0280781 0.0532553
0 0.280172 0.0526932 0.0266562 0.0838407
0 0.106867 0.0224239 0.0358594 0.0425995
0 0.249688 0.660246 0.0256875 0.0417564
0 0.112437 0.670855 0.04975 0.191546
0 0.210383 0.391429 0.0442656 0.15466
0 0.66675 0.235562 0.0266562 0.128454
0 0.719211 0.217541 0.0448906 0.133724
0 0.141266 0.388934 0.0375313 0.170562
0 0.684242 0.191183 0.0304844 0.111546
0 0.0637422 0.350328 0.0951094 0.12815
0 0.329188 0.0160773 0.00615625 0.0315457
0 0.276398 0.317822 0.0299219 0.10178
0 0.130562 0.496733 0.0375313 0.161944
0 0.44043 0.141148 0.0157344 0.0720375
0 0.734242 0.0829625 0.0837031 0.0744496
0 0.645438 0.517705 0.00734375 0.0140984
0 0.248656 0.238841 0.051625 0.15637
0 0.302117 0.316593 0.0279219 0.129766
0 0.268758 0.140304 0.0873281 0.125105
0 0.519703 0.104813 0.0234062 0.056089
0 0.687945 0.455902 0.0342344 0.087541
0 0.290813 0.640234 0.0311563 0.0609368
0 0.664805 0.43452 0.0338594 0.154754
0 0.0546016 0.490258 0.0283906 0.0666511
0 0.105602 0.3924 0.0433281 0.162459
0 0.63725 0.117178 0.0159063 0.0107494
0 0.0709844 0.06137 0.0672813 0.0999297
0 0.451281 0.0946487 0.0403125 0.0555269
0 0.180727 0.579485 0.0386406 0.0892272
0 0.482211 0.124227 0.0321719 0.0751054
0 0.214867 0.555667 0.0386406 0.141967
0 0.181617 0.388595 0.0430781 0.157705
0 0.232133 0.429953 0.0440781 0.174988
0 0.322008 0.521721 0.0320156 0.131405
0 0.752383 0.125527 0.0477969 0.0912881
0 0.0781875 0.159274 0.031625 0.118454
0 0.227078 0.688208 0.0326562 0.0682201
0 0.0637109 0.651944 0.0574844 0.201639
0 0.46025 0.155515 0.0141875 0.0412881
0 0.168055 0.457892 0.0405156 0.195316
0 0.274836 0.0214871 0.0276719 0.0418033
0 0.634391 0.164391 0.03625 0.0878923
0 0.125469 0.222482 0.0319688 0.115129
0 0.474539 0.102002 0.0461406 0.079555
0 0.453664 0.112061 0.0302031 0.0814988
0 0.651016 0.0970609 0.0229062 0.0592272
0 0.146273 0.0422951 0.0520781 0.0845902
