2 0.858307 0.48536 0.104347 0.03148
2 0.792933 0.29258 0.0364267 0.03792
2 0.90988 0.33408 0.0509067 0.0312
2 0.967907 0.39877 0.05976 0.0463
2 0.81056 0.35864 0.09504 0.04232
2 0.852333 0.4507 0.0803467 0.03
2 0.929933 0.25562 0.0548533 0.03184
2 0.7158 0.27979 0.0485067 0.01818
2 0.908387 0.56018 0.0820533 0.05152
2 0.979227 0.30685 0.0415467 0.0259
2 0.715693 0.22033 0.08248 0.03738
2 0.71076 0.38328 0.0565067 0.04044
2 0.801 0.41785 0.10248 0.04782
2 0.86032 0.22167 0.0543467 0.03462
2 0.677587 0.44873 0.0946933 0.04614
2 0.771947 0.50449 0.0957333 0.06026
2 0.926733 0.42996 0.0880267 0.0406
2 0.83056 0.29844 0.05872 0.03268
2 0.57972 0.39861 0.0610933 0.03422
2 0.95248 0.2929 0.0310933 0.03124
2 0.747453 0.31551 0.07144 0.04466
2 0.6824 0.37435 0.0461333 0.04174
2 0.947293 0.34933 0.0369333 0.0105
2 0.76548 0.24238 0.08888 0.03128
2 0.647693 0.27749 0.0922933 0.03794
2 0.967227 0.51372 0.0584 0.05588
2 0.861347 0.27538 0.0622133 0.03436
2 0.632387 0.32654 0.0822667 0.04396
