2 0.721344 0.582606 0.052625 0.0807981
2 0.241805 0.780035 0.0723594 0.0989906
2 0.175789 0.788486 0.0682344 0.0929812
2 0.924266 0.509988 0.029125 0.0331221
2 0.962898 0.513568 0.0513281 0.0942254
2 0.122609 0.696056 0.076875 0.0843192
2 0.822625 0.477876 0.039375 0.0397418
2 0.864492 0.446385 0.0771719 0.101408
2 0.264031 0.606937 0.0570625 0.0507277
2 0.0808438 0.621631 0.0608437 0.0542958
2 0.821141 0.388744 0.0272812 0.0507746
2 0.758477 0.568333 0.0305156 0.0469014
2 0.273078 0.830646 0.0738125 0.101808
2 0.244 0.656819 0.063875 0.0727934
2 0.435945 0.724014 0.0612656 0.0777934
2 0.178859 0.574061 0.0644062 0.0723474
2 0.322977 0.603721 0.0537031 0.0469249
2 0.134852 0.619636 0.0588281 0.0730751
2 0.395586 0.665047 0.0623906 0.0587324
2 0.694586 0.462007 0.0748594 0.101009
2 0.730734 0.512735 0.0369375 0.0664085
2 0.319992 0.68385 0.0874531 0.0789671
2 0.133383 0.903815 0.112203 0.134155
2 0.313242 0.52757 0.0567969 0.0557512
2 0.676047 0.541796 0.0700625 0.100493
2 0.375875 0.612371 0.0584375 0.0800469
2 0.921539 0.467171 0.0603594 0.0750939
2 0.811812 0.427606 0.0425 0.0706103
2 0.185477 0.699437 0.0700156 0.0883568
2 0.323898 0.757077 0.0854531 0.129272
2 0.232961 0.583955 0.0323906 0.0454225
2 0.115078 0.766185 0.0875937 0.0941549
2 0.293836 0.461326 0.0432969 0.0425587
2 0.682914 0.37054 0.0583906 0.0887793
2 0.113414 0.836573 0.0746719 0.0765258
2 0.306625 0.493063 0.0495625 0.0496948
2 0.213852 0.877254 0.0578906 0.1023
2 0.749203 0.391303 0.0777812 0.107582
2 0.599039 0.418545 0.0446406 0.0832864
2 0.6475 0.388815 0.071375 0.115235
2 0.893383 0.587277 0.0399531 0.063615
2 0.206156 0.531878 0.0565937 0.0435211
2 0.15057 0.531326 0.0637969 0.0697887
2 0.0859453 0.567782 0.0700469 0.0781455
2 0.127055 0.586326 0.0521719 0.0472535
2 0.355211 0.571854 0.0487969 0.041784
2 0.195078 0.631995 0.0854062 0.0862911
2 0.75468 0.526279 0.0659219 0.0907277
2 0.263586 0.553768 0.0503906 0.0690376
2 0.306773 0.577042 0.0522344 0.0593897
2 0.627313 0.48534 0.0888437 0.120305
2 0.391781 0.7298 0.073625 0.114812
2 0.883437 0.506843 0.0628125 0.058662
2 0.255477 0.505974 0.0537656 0.0520423
2 0.232898 0.551033 0.0463906 0.0462441
2 0.286258 0.435317 0.0442031 0.0242958
2 0.205617 0.503509 0.0518906 0.0311033
2 0.779969 0.468803 0.0529063 0.0532394
2 0.737602 0.338768 0.0667969 0.0841549
2 0.840352 0.499707 0.0256094 0.01777
2 0.517664 0.305117 0.0258594 0.0476995
2 0.795836 0.532535 0.0266094 0.0479812
2 0.246156 0.467089 0.053375 0.0569484
2 0.790945 0.593732 0.0381406 0.0855869
2 0.0827344 0.664343 0.0675 0.0785446
2 0.850523 0.616995 0.0582344 0.0998122
2 0.976484 0.577265 0.0470313 0.0800704
2 0.265414 0.706913 0.0468281 0.0674413
