0 0.562484 0.123427 0.0167187 0.0674375
0 0.625055 0.355052 0.0305781 0.147437
0 0.625422 0.24799 0.03 0.114437
0 0.608008 0.213573 0.0134844 0.0714375
0 0.646055 0.376406 0.0339844 0.0962708
0 0.573266 0.357156 0.0228125 0.129854
0 0.591102 0.342469 0.0204844 0.161771
0 0.558844 0.302875 0.0148125 0.0338333
0 0.6405 0.373917 0.00846875 0.0464167
0 0.650438 0.288865 0.021625 0.0846042
0 0.541719 0.372969 0.0562187 0.134604
0 0.60693 0.346385 0.0245781 0.155479
0 0.575781 0.136427 0.0151875 0.0429792
0 0.575727 0.214062 0.0235156 0.127083
0 0.556805 0.357958 0.0347969 0.134083
0 0.640547 0.284635 0.01575 0.0768542
0 0.598945 0.231687 0.0289844 0.0946667
0 0.571352 0.278948 0.0126719 0.0402708
