0 0.752312 0.322361 0.172925 0.0752778
0 0.790204 0.440711 0.120082 0.046781
0 0.242369 0.473766 0.00964052 0.021585
0 0.964248 0.476691 0.0375817 0.0354412
0 0.598039 0.505882 0.0110458 0.0110458
0 0.247386 0.450874 0.00738562 0.0177941
0 0.605547 0.466062 0.0172386 0.0109477
0 0.833717 0.26098 0.179363 0.0690523
0 0.242361 0.504681 0.00547386 0.0179575
0 0.634632 0.46058 0.0124346 0.00952614
0 0.580319 0.508644 0.0143627 0.0130719
0 0.933725 0.561307 0.0665359 0.0215359
0 0.497328 0.526225 0.0201797 0.0115686
0 0.818848 0.230474 0.176356 0.0647712
0 0.583725 0.477018 0.0172549 0.0076634
0 0.746103 0.494493 0.16165 0.0693791
0 0.745801 0.544257 0.161732 0.116029
0 0.716487 0.540204 0.101536 0.039232
0 0.123317 0.468203 0.0130719 0.00872549
0 0.882639 0.472075 0.17348 0.0974183
0 0.2571 0.448775 0.0097549 0.0208824
0 0.547974 0.488799 0.0171569 0.00785948
0 0.905694 0.402369 0.056683 0.0202941
0 0.510711 0.496291 0.0214542 0.0128758
0 0.594126 0.468007 0.0135784 0.00918301
0 0.244077 0.423897 0.00462418 0.0148856
0 0.240694 0.453946 0.00651961 0.0228922
0 0.248587 0.504542 0.00589869 0.0212745
0 0.0648529 0.384232 0.0120588 0.00947712
0 0.968088 0.513922 0.0285621 0.0372549
0 0.250139 0.483366 0.00880719 0.0228431
0 0.637729 0.489273 0.00748366 0.0201471
0 0.734273 0.309616 0.137696 0.0397549
0 0.637418 0.466356 0.014281 0.00509804
0 0.605131 0.473562 0.0201961 0.00764706
0 0.552729 0.439722 0.0166993 0.015098
0 0.566675 0.480645 0.0194935 0.00897059
0 0.507067 0.484338 0.025866 0.0108333
0 0.879306 0.383235 0.185441 0.0861765
0 0.927386 0.269779 0.109444 0.14665
0 0.633701 0.451201 0.0149183 0.00929739
0 0.604853 0.489739 0.0161438 0.00820261
0 0.563178 0.514477 0.0196242 0.0113072
0 0.774404 0.215123 0.133644 0.0523366
0 0.241912 0.405025 0.00898693 0.0254085
0 0.545008 0.460474 0.0122386 0.00702614
0 0.0770833 0.376977 0.00517974 0.0115359
0 0.709444 0.442729 0.0899346 0.0573856
0 0.81357 0.399747 0.197435 0.0779575
0 0.700776 0.26344 0.0703431 0.0523039
0 0.578889 0.450891 0.0266667 0.0125654
0 0.484183 0.488431 0.0234641 0.013268
0 0.483162 0.448791 0.0186765 0.0145752
0 0.885335 0.341021 0.146225 0.0624673
0 0.598603 0.438676 0.0134477 0.00846405
0 0.515882 0.473971 0.0264052 0.00640523
0 0.608905 0.449485 0.0151634 0.00642157
0 0.527042 0.463636 0.0230392 0.0128268
0 0.735752 0.60344 0.140458 0.0748856
0 0.889248 0.421528 0.182843 0.0914216
0 0.777328 0.355842 0.223938 0.0695261
0 0.589232 0.455278 0.0103268 0.00859477
0 0.23585 0.439796 0.00666667 0.0184477
0 0.615923 0.493448 0.0076634 0.00764706
0 0.581307 0.466029 0.0147059 0.0117647
0 0.587484 0.488979 0.0153922 0.0071732
0 0.231904 0.451446 0.00821895 0.0158987
0 0.566266 0.471029 0.0205065 0.0112745
0 0.564698 0.500825 0.0229902 0.00985294
0 0.244722 0.406797 0.00973856 0.0217974
0 0.86835 0.295441 0.144444 0.0609804
0 0.540833 0.451667 0.00846405 0.0069281
0 0.491095 0.503513 0.0230065 0.0123529
0 0.262925 0.478848 0.00846405 0.0171732
0 0.514191 0.504657 0.0227941 0.0118954
0 0.492402 0.475825 0.0248693 0.0125654
0 0.623725 0.474011 0.0121895 0.00658497
0 0.633946 0.480408 0.0111928 0.00823529
0 0.691283 0.280441 0.0515523 0.0417974
0 0.470123 0.468897 0.0110294 0.0141013
0 0.614592 0.446087 0.0137582 0.010866
0 0.220049 0.407949 0.00666667 0.0184477
0 0.233693 0.506536 0.0030719 0.0135948
0 0.863546 0.520613 0.0779412 0.0256373
0 0.583309 0.49768 0.0136765 0.0139542
0 0.504485 0.448056 0.0154739 0.0137908
0 0.260474 0.500237 0.00444444 0.0124673
