2 0.506031 0.409396 0.0692813 0.091625
2 0.171187 0.516323 0.0831563 0.119896
2 0.700031 0.376542 0.0995313 0.100125
2 0.389625 0.533302 0.107438 0.117604
2 0.646008 0.252094 0.0749531 0.0640625
2 0.441398 0.608177 0.144797 0.187562
2 0.654625 0.579781 0.159938 0.146354
2 0.45432 0.261156 0.115234 0.0933125
2 0.498633 0.339521 0.0607656 0.0665417
2 0.440781 0.385156 0.0840313 0.109312
2 0.191344 0.573 0.110813 0.131542
2 0.547391 0.313594 0.0770312 0.128979
2 0.744977 0.47426 0.124141 0.0903958
