1 0.4101 0.458739 0.05804 0.0493694
1 0.43571 0.794249 0.04666 0.0666967
1 0.51778 0.622973 0.06752 0.0897898
1 0.57489 0.943994 0.06894 0.101081
1 0.04279 0.556006 0.05446 0.0539339
1 0.41949 0.415315 0.0557 0.0534535
1 0.13133 0.358829 0.05134 0.0466066
1 0.19497 0.672988 0.0413 0.0638739
1 0.43624 0.747327 0.05048 0.0535135
1 0.58306 0.824039 0.073 0.0584685
1 0.12439 0.407012 0.05158 0.0578679
1 0.40464 0.743859 0.04648 0.0533634
1 0.43396 0.689099 0.05384 0.0738739
1 0.50283 0.967613 0.05282 0.0582282
1 0.48518 0.818273 0.01932 0.0666366
1 0.4747 0.697973 0.04016 0.0939039
1 0.58498 0.775045 0.07256 0.0699099
1 0.50486 0.732117 0.0446 0.0940841
1 0.42985 0.841937 0.06106 0.0835135
1 0.57958 0.865375 0.06068 0.0774775
1 0.52441 0.851096 0.06922 0.0594294
1 0.54568 0.737417 0.05236 0.0996396
1 0.09798 0.482252 0.04652 0.0610811
1 0.17753 0.611697 0.0429 0.0461562
1 0.54828 0.676922 0.03316 0.0556456
1 0.39803 0.793048 0.04938 0.0604505
1 0.53287 0.913934 0.0443 0.0823423
1 0.50496 0.651787 0.06444 0.0857357
1 0.37617 0.484655 0.04606 0.0642042
1 0.44271 0.654024 0.0527 0.0363964
1 0.08401 0.385646 0.05318 0.0684084
1 0.51656 0.809745 0.06272 0.0948649
1 0.02066 0.457027 0.03836 0.0761562
1 0.03629 0.412853 0.04122 0.0425826
