0 0.580711 0.848208 0.0353906 0.104625
0 0.521883 0.485385 0.0703594 0.120146
0 0.675875 0.824448 0.0430625 0.118354
0 0.489359 0.664312 0.037875 0.1615
0 0.704219 0.802125 0.03925 0.146625
0 0.919039 0.303 0.0422969 0.0695
0 0.572336 0.607969 0.0172344 0.0353125
0 0.49143 0.249615 0.0521094 0.0423125
0 0.601523 0.150385 0.0404219 0.0606875
0 0.668258 0.191458 0.0173594 0.0715417
0 0.761992 0.319115 0.0659844 0.101271
0 0.577531 0.687802 0.039 0.135937
0 0.682102 0.873333 0.0255781 0.0635833
0 0.442398 0.765573 0.0469219 0.122187
0 0.513406 0.844208 0.0547813 0.107417
0 0.599938 0.815031 0.02925 0.145812
0 0.585227 0.575094 0.0304531 0.0568542
0 0.975234 0.32051 0.0495312 0.0261458
0 0.556945 0.512396 0.0536094 0.13475
0 0.406656 0.611115 0.0699375 0.0344375
0 0.535758 0.18526 0.0403906 0.0525625
0 0.779914 0.254229 0.0170469 0.0467917
0 0.804555 0.414229 0.0255781 0.085375
0 0.681711 0.178469 0.0282656 0.0656458
0 0.849633 0.325594 0.0364531 0.102521
0 0.914961 0.276187 0.0480156 0.0725
0 0.596828 0.219156 0.02 0.0253958
0 0.645758 0.86974 0.0217344 0.0846042
0 0.659219 0.165 0.017125 0.0577083
0 0.515125 0.486406 0.109813 0.164604
0 0.503164 0.167292 0.0190469 0.0930833
0 0.547195 0.111542 0.0211406 0.0405
0 0.792969 0.424365 0.0487812 0.0809792
0 0.624719 0.943094 0.124812 0.108521
0 0.659406 0.688146 0.064875 0.111375
0 0.714602 0.311667 0.0159531 0.03975
0 0.564063 0.133792 0.0195938 0.045
0 0.466516 0.851646 0.0325 0.129333
0 0.519844 0.169615 0.019625 0.0838542
0 0.819133 0.255688 0.00923437 0.0179583
0 0.873188 0.405073 0.019375 0.0421458
0 0.631695 0.756385 0.0406719 0.167104
0 0.493938 0.625052 0.0873125 0.155646
0 0.490562 0.158208 0.022125 0.0666667
0 0.761266 0.424177 0.0228125 0.0274375
0 0.552594 0.691333 0.0484687 0.186167
0 0.397062 0.899365 0.0502812 0.0842708
0 0.532727 0.205802 0.0377656 0.0350208
0 0.603539 0.104104 0.0292344 0.0317917
0 0.502469 0.875052 0.046 0.104479
0 0.611531 0.563 0.055 0.103833
0 0.479719 0.186688 0.0178125 0.0764167
0 0.374617 0.877844 0.0521406 0.0597708
0 0.900328 0.355323 0.0111562 0.0287708
0 0.491328 0.239354 0.0398125 0.0479583
0 0.550898 0.895115 0.0300469 0.0613542
0 0.750273 0.36926 0.0712344 0.0856875
0 0.59943 0.243844 0.0262656 0.0350208
0 0.560797 0.563896 0.0333437 0.0902083
0 0.735289 0.216458 0.0328906 0.06
0 0.865758 0.267323 0.0138906 0.0542292
0 0.307469 0.820656 0.0725 0.123104
0 0.648719 0.191354 0.0165625 0.0702917
0 0.624039 0.15724 0.0194219 0.0625625
0 0.449086 0.670896 0.0388906 0.139167
0 0.652781 0.25199 0.0257188 0.0480208
0 0.587672 0.186208 0.026125 0.05125
0 0.586297 0.214031 0.0257812 0.0341042
0 0.557125 0.193302 0.023875 0.0422292
0 0.429812 0.562854 0.141813 0.0982083
0 0.913969 0.374469 0.022625 0.0584792
0 0.885383 0.311583 0.0182656 0.0482083
0 0.642391 0.746792 0.0573125 0.168458
0 0.894023 0.266146 0.0259531 0.0615417
0 0.632727 0.241771 0.0152031 0.0238333
0 0.655203 0.121823 0.0226562 0.0356875
0 0.462539 0.188719 0.0167969 0.0580208
0 0.41425 0.534854 0.048875 0.075375
0 0.526563 0.523615 0.0384688 0.0716875
0 0.494445 0.941437 0.0428906 0.0481667
0 0.829125 0.313427 0.0340312 0.106896
0 0.6815 0.774948 0.0281875 0.0923125
0 0.487781 0.195365 0.025 0.0526458
0 0.853195 0.263969 0.0222344 0.0551875
0 0.368156 0.799625 0.0555312 0.061125
0 0.8155 0.233906 0.020375 0.0348542
0 0.547961 0.825802 0.0465156 0.115729
0 0.681625 0.225854 0.0215625 0.0462917
0 0.818484 0.307146 0.0195938 0.107792
0 0.393977 0.792833 0.0316094 0.0635
0 0.618141 0.200531 0.0245938 0.0693125
0 0.821914 0.242177 0.0194219 0.0438542
0 0.963742 0.282823 0.0406094 0.0253958
0 0.756719 0.345896 0.0623125 0.084625
0 0.878898 0.248062 0.0165469 0.0361667
0 0.499531 0.233365 0.0312187 0.0549792
0 0.632391 0.111156 0.0273125 0.0336042
0 0.759477 0.27124 0.0233906 0.0805625
0 0.751938 0.277208 0.0177813 0.064625
0 0.584 0.765021 0.0359375 0.134333
0 0.85332 0.408677 0.0209219 0.0310625
0 0.453031 0.942438 0.0996563 0.0590833
0 0.345875 0.843844 0.0862187 0.0732292
0 0.531047 0.115771 0.0163438 0.0284583
0 0.375617 0.562833 0.0438906 0.0973333
0 0.702367 0.197458 0.0149844 0.05775
0 0.538641 0.13551 0.0267188 0.0443542
0 0.563156 0.162698 0.025 0.0494792
0 0.469891 0.753208 0.0386875 0.110792
0 0.522273 0.813219 0.0116406 0.0534375
0 0.929602 0.272698 0.0247969 0.0243542
0 0.528766 0.236375 0.038625 0.041125
0 0.466305 0.784552 0.0382656 0.0941042
0 0.536562 0.880458 0.0227187 0.073875
0 0.873117 0.289146 0.0263594 0.0497917
0 0.628414 0.662146 0.0592031 0.113375
0 0.418648 0.792802 0.0303594 0.0995208
0 0.896813 0.40175 0.0252188 0.0434167
0 0.619672 0.820302 0.03625 0.136771
0 0.575484 0.181156 0.0201875 0.0463958
0 0.357828 0.756708 0.0834688 0.0966667
0 0.590992 0.137906 0.0350781 0.0471042
0 0.40593 0.84401 0.0334844 0.0717708
0 0.548266 0.802969 0.0391875 0.0866458
0 0.783648 0.317896 0.0322969 0.0832083
0 0.904891 0.447958 0.0439063 0.074375
0 0.607227 0.175698 0.0217656 0.0716875
0 0.379367 0.751406 0.0435781 0.0659375
0 0.534977 0.928292 0.0611719 0.117125
0 0.714883 0.354031 0.0182656 0.0525625
0 0.492914 0.921969 0.0299844 0.105312
0 0.967938 0.3015 0.0425 0.0315417
0 0.653523 0.226219 0.00973437 0.00997917
0 0.810492 0.30224 0.0120469 0.0632708
0 0.417312 0.700885 0.039 0.120229
0 0.510945 0.72301 0.0352031 0.123438
0 0.444156 0.934042 0.032625 0.111667
0 0.796461 0.240979 0.0181094 0.0314167
0 0.455789 0.516885 0.0104844 0.0173542
0 0.593391 0.680458 0.0470313 0.165583
0 0.690453 0.243594 0.0173125 0.0479792
0 0.947625 0.263896 0.0199063 0.040125
0 0.640398 0.164052 0.0215781 0.0598542
0 0.444031 0.547687 0.0348437 0.0500417
0 0.977289 0.34025 0.0444219 0.0230833
0 0.368445 0.904104 0.0396094 0.138958
0 0.480586 0.21476 0.0496094 0.0376875
0 0.595445 0.907844 0.0380781 0.0836042
