0 0.418258 0.174125 0.0544844 0.08325
0 0.0569141 0.373969 0.0480781 0.0674375
0 0.516875 0.310458 0.0251563 0.108708
0 0.718367 0.483385 0.0284531 0.0830625
0 0.426102 0.162635 0.0563906 0.0600625
0 0.501906 0.305 0.0213438 0.105917
0 0.533586 0.2005 0.0126406 0.0212083
0 0.465852 0.109531 0.0617031 0.0540208
0 0.719711 0.310396 0.0178594 0.0695
0 0.497523 0.679385 0.0507031 0.0528125
0 0.797906 0.280271 0.025125 0.0765833
0 0.481359 0.409 0.0719375 0.0911667
0 0.517359 0.617 0.110625 0.0742083
0 0.735234 0.476771 0.0253437 0.0912917
0 0.957727 0.465573 0.0257656 0.0176875
0 0.978539 0.501667 0.0169219 0.04075
0 0.615625 0.220604 0.0249375 0.06
0 0.583375 0.212823 0.01825 0.0640625
0 0.120438 0.539615 0.117469 0.221104
0 0.0774453 0.526823 0.102297 0.204437
0 0.40025 0.176917 0.0260937 0.0853333
0 0.384578 0.297094 0.0243125 0.0661458
0 0.503234 0.774469 0.12825 0.163396
0 0.2845 0.459198 0.0645938 0.0595625
0 0.45943 0.584062 0.0619219 0.0615417
0 0.595844 0.230563 0.0348125 0.105125
0 0.576578 0.220021 0.0404687 0.103083
0 0.805578 0.383771 0.0325 0.0884583
0 0.588484 0.45751 0.0657188 0.0990625
0 0.741344 0.164698 0.0200313 0.0857708
0 0.42168 0.882729 0.0525469 0.08075
0 0.12168 0.294802 0.121609 0.0829792
0 0.505625 0.826771 0.130125 0.140125
0 0.323422 0.424656 0.144813 0.106062
0 0.525094 0.386188 0.0253437 0.069
0 0.607211 0.360948 0.0257656 0.0669375
0 0.650227 0.410406 0.0459531 0.0772292
0 0.47143 0.184104 0.0303906 0.054375
0 0.457961 0.84326 0.0417344 0.145396
0 0.968125 0.490844 0.0249375 0.0481042
0 0.350312 0.14676 0.0465313 0.0620625
0 0.405555 0.713125 0.0761406 0.132833
0 0.665203 0.154219 0.0265937 0.0869375
0 0.671008 0.425948 0.0122031 0.0388125
0 0.461914 0.136563 0.0398594 0.0473333
0 0.769781 0.393 0.0223125 0.085375
0 0.37232 0.171531 0.0317344 0.0823542
0 0.331023 0.121573 0.0628281 0.0409792
0 0.157492 0.430906 0.0526406 0.0332292
0 0.625945 0.355813 0.0242344 0.0617917
0 0.868648 0.469969 0.0280469 0.0366458
0 0.0658281 0.360448 0.0466562 0.0513542
0 0.700805 0.170521 0.0313906 0.081625
0 0.0996328 0.338396 0.0944219 0.044625
0 0.478273 0.598313 0.0200781 0.0162917
0 0.41718 0.77576 0.0679219 0.186062
0 0.153977 0.371531 0.118078 0.0589792
0 0.8125 0.264635 0.033875 0.0870208
0 0.882961 0.479323 0.0150781 0.0466458
0 0.780695 0.280198 0.0187969 0.0671042
0 0.506984 0.724677 0.0710937 0.0743125
0 0.995773 0.504667 0.00845313 0.0487083
0 0.751617 0.479229 0.0207656 0.0666667
0 0.897141 0.48201 0.0146875 0.0375208
0 0.628016 0.226802 0.03925 0.0967708
0 0.784828 0.38701 0.025125 0.102104
0 0.645461 0.147187 0.0357656 0.0615417
0 0.551203 0.259688 0.0267812 0.0875
0 0.11482 0.322823 0.110391 0.0448542
0 0.745898 0.392562 0.0321094 0.08975
0 0.797844 0.549719 0.0364063 0.0213958
0 0.730945 0.310073 0.0280781 0.111021
0 0.377969 0.213594 0.0215312 0.0805208
0 0.71875 0.175333 0.03125 0.0833333
0 0.154352 0.388896 0.0785469 0.0255
0 0.466156 0.274594 0.0214375 0.0973542
0 0.769031 0.282677 0.0196563 0.0701042
0 0.622258 0.412 0.0607969 0.099875
0 0.6425 0.352438 0.0313437 0.0587083
0 0.553797 0.230802 0.03125 0.0736042
0 0.481336 0.296552 0.0369844 0.126812
0 0.425383 0.141406 0.0628906 0.0505208
0 0.417172 0.450427 0.0432813 0.0383125
0 0.0309297 0.366167 0.0260469 0.0459583
0 0.599656 0.462792 0.0619375 0.085375
0 0.45557 0.421313 0.0643281 0.11725
0 0.412234 0.182271 0.02175 0.0760833
0 0.540094 0.396 0.0268125 0.103583
0 0.534289 0.258427 0.0215781 0.0956875
0 0.596898 0.417094 0.0517031 0.114354
0 0.507477 0.389417 0.0192344 0.05
0 0.705695 0.337844 0.0161094 0.0748125
0 0.218797 0.429281 0.0716563 0.130271
0 0.399289 0.103438 0.0273906 0.0349167
0 0.866867 0.454448 0.0307031 0.0316875
