2 0.364625 0.4205 0.0578438 0.077125
2 0.306805 0.696135 0.0614219 0.0483125
2 0.743219 0.630021 0.0542188 0.0476667
2 0.31525 0.431406 0.0459062 0.0522292
2 0.391695 0.821 0.0382031 0.065125
2 0.523062 0.363719 0.0144375 0.0274375
2 0.562531 0.375156 0.0305 0.0287708
2 0.469516 0.813073 0.0501875 0.0707708
2 0.658836 0.426281 0.0594219 0.0905208
2 0.702102 0.708271 0.0304844 0.0955833
2 0.697922 0.521281 0.0234688 0.0471875
2 0.715891 0.5025 0.0449062 0.07975
2 0.276672 0.471604 0.0363438 0.030875
2 0.403453 0.781344 0.0472187 0.0558125
2 0.698727 0.698979 0.0739219 0.076375
2 0.265188 0.495656 0.0442188 0.0402708
2 0.654258 0.724344 0.0790781 0.0860208
2 0.40343 0.752292 0.0444219 0.0466667
2 0.726484 0.662958 0.0518125 0.0690833
2 0.672766 0.797187 0.0461875 0.0709583
2 0.293016 0.645208 0.0669063 0.0629167
2 0.619039 0.41326 0.0302031 0.0346042
2 0.419125 0.381219 0.046875 0.0224792
2 0.484312 0.387073 0.0293438 0.0258542
2 0.47643 0.367302 0.0272969 0.0243542
2 0.366352 0.820271 0.0374219 0.0474167
2 0.276078 0.51574 0.0424687 0.0600625
2 0.546859 0.382052 0.0176875 0.0230625
2 0.629672 0.815312 0.046625 0.0935833
2 0.303656 0.46525 0.023 0.0355833
2 0.50457 0.372229 0.0317344 0.0252083
2 0.594133 0.821073 0.0422969 0.0712708
2 0.358539 0.753625 0.0619531 0.0825833
2 0.729617 0.57776 0.0620781 0.0831458
2 0.675758 0.508333 0.0328906 0.0669167
2 0.275359 0.577448 0.0515938 0.0643958
2 0.550945 0.401667 0.0252031 0.024375
2 0.602047 0.391115 0.0411875 0.0311042
2 0.332719 0.713948 0.0275 0.0343542
2 0.515656 0.383458 0.0326875 0.0212917
2 0.651625 0.40724 0.0213438 0.0292292
2 0.458164 0.850917 0.0922031 0.0937917
2 0.541617 0.851031 0.0824531 0.0885208
2 0.453852 0.37276 0.0265781 0.0185208
2 0.31582 0.742323 0.0446406 0.0714375
