0 0.550859 0.274976 0.03075 0.0965882
0 0.644844 0.301106 0.0574375 0.0907765
0 0.590539 0.334388 0.0322344 0.0534353
0 0.561727 0.318824 0.0354844 0.0670588
0 0.369703 0.385094 0.02675 0.0351294
0 0.671594 0.341188 0.039625 0.0592706
0 0.629672 0.342906 0.04925 0.0497647
0 0.609711 0.301906 0.0394219 0.118259
0 0.326195 0.393 0.0168281 0.0166353
0 0.696555 0.3274 0.0385156 0.0600706
0 0.586484 0.272318 0.0352188 0.127035
0 0.342703 0.368341 0.026375 0.0463294
0 0.674656 0.2946 0.0404375 0.0782353
0 0.4035 0.388047 0.028875 0.04
0 0.387086 0.370094 0.0245469 0.0656471
0 0.329164 0.365141 0.0181094 0.0443059
0 0.345586 0.388435 0.0223281 0.0238353
