0 0.90904 0.758153 0.1438 0.0689189
0 0.32772 0.967207 0.07224 0.0655856
0 0.62209 0.577042 0.13654 0.0702402
0 0.81846 0.548964 0.08444 0.0558859
0 0.46207 0.768468 0.0791 0.168829
0 0.87463 0.970345 0.09206 0.0593093
0 0.30178 0.715285 0.1406 0.12012
0 0.32325 0.84503 0.16606 0.0916817
0 0.43956 0.617042 0.0958 0.0521021
0 0.2685 0.886982 0.08196 0.0995495
0 0.7647 0.774219 0.07332 0.119309
0 0.65439 0.883859 0.13614 0.0739039
0 0.95747 0.802117 0.08506 0.0957658
0 0.71144 0.61524 0.0674 0.0600901
0 0.13168 0.90539 0.14556 0.093003
0 0.41018 0.613619 0.12928 0.0670571
0 0.16408 0.663739 0.13 0.116967
0 0.69484 0.963964 0.18256 0.0720721
0 0.5818 0.746306 0.1104 0.12973
0 0.8947 0.582267 0.13016 0.0827327
0 0.21071 0.738198 0.05378 0.0715315
0 0.25111 0.725796 0.05538 0.0440841
0 0.63481 0.65018 0.05722 0.0563964
0 0.31838 0.628574 0.08864 0.0684985
0 0.78112 0.887042 0.08212 0.0761862
0 0.10535 0.89482 0.16186 0.115586
0 0.98455 0.917402 0.02934 0.0430931
0 0.59782 0.595736 0.13844 0.06
0 0.91765 0.972883 0.04522 0.0542342
0 0.28681 0.654745 0.08094 0.0882883
0 0.6093 0.705601 0.1384 0.0946847
0 0.12767 0.812072 0.11814 0.0705706
0 0.502 0.756336 0.04464 0.132192
0 0.58572 0.951847 0.06868 0.0854354
0 0.62675 0.928874 0.1087 0.0786486
0 0.53992 0.849745 0.051 0.124775
0 0.79045 0.559595 0.04806 0.0698799
0 0.72971 0.693318 0.06298 0.0722222
0 0.52332 0.955015 0.06752 0.0884685
0 0.40586 0.775781 0.0504 0.0957658
0 0.46475 0.86042 0.10558 0.141982
0 0.22085 0.903123 0.06758 0.10042
0 0.92115 0.742432 0.1577 0.0723724
0 0.87466 0.507628 0.06208 0.046967
0 0.82412 0.485646 0.076 0.0622823
0 0.59318 0.633213 0.08716 0.057958
0 0.15544 0.730946 0.0682 0.0465165
0 0.69851 0.699535 0.07642 0.111261
0 0.14243 0.824099 0.07106 0.0545045
0 0.46947 0.819294 0.0293 0.078048
0 0.76628 0.606817 0.05484 0.0606006
0 0.44876 0.725991 0.05532 0.123213
0 0.23216 0.661832 0.05012 0.10024
0 0.166 0.907898 0.1078 0.0968168
0 0.25093 0.802808 0.07238 0.0716817
0 0.8329 0.573574 0.06936 0.0628829
0 0.55077 0.744084 0.06946 0.095015
0 0.71998 0.561051 0.07812 0.0584384
0 0.67518 0.663363 0.06092 0.0529129
0 0.73412 0.777958 0.09832 0.0952553
0 0.19355 0.658273 0.07618 0.0841742
0 0.74885 0.558333 0.05438 0.0617117
0 0.87835 0.88988 0.06638 0.075015
0 0.26517 0.66476 0.04038 0.0922222
0 0.57798 0.836607 0.08612 0.121201
0 0.83719 0.539009 0.11422 0.0536336
0 0.206 0.987447 0.0502 0.0251051
0 0.77832 0.691532 0.0518 0.0698498
0 0.84668 0.681697 0.09388 0.0730631
0 0.35245 0.772402 0.03594 0.0547748
0 0.77576 0.843859 0.06776 0.0247147
0 0.14918 0.713754 0.0326 0.0377778
0 0.1948 0.816231 0.04808 0.0697598
0 0.95632 0.837192 0.08736 0.06003
0 0.97375 0.967282 0.0525 0.0654354
0 0.68511 0.532387 0.07346 0.0309009
0 0.42012 0.838619 0.0322 0.0647447
0 0.87361 0.780991 0.12478 0.121802
0 0.28376 0.778544 0.12188 0.0600901
0 0.09248 0.983964 0.14148 0.0305706
0 0.10672 0.773408 0.1392 0.0671171
0 0.07042 0.943123 0.04308 0.0201802
0 0.50873 0.652718 0.0399 0.0387688
0 0.25695 0.968769 0.07846 0.0624625
0 0.55095 0.64982 0.08038 0.0478078
0 0.69469 0.820871 0.07042 0.0613814
0 0.13954 0.987553 0.06704 0.0248949
0 0.67692 0.527778 0.12372 0.0460661
0 0.97863 0.859895 0.04274 0.0441141
0 0.47654 0.950781 0.08052 0.0864264
0 0.89421 0.619069 0.1201 0.0828228
0 0.96516 0.971862 0.0574 0.0562763
0 0.42288 0.711441 0.10768 0.168348
0 0.91528 0.687057 0.06572 0.0575375
0 0.82092 0.779655 0.06596 0.104715
0 0.06609 0.97536 0.13218 0.0492793
0 0.83311 0.953664 0.12394 0.0863664
0 0.41783 0.986366 0.1247 0.0272673
0 0.7377 0.528859 0.02736 0.01003
0 0.8288 0.852868 0.0756 0.0559459
0 0.07883 0.860886 0.05586 0.0501802
0 0.81931 0.902688 0.05426 0.0738438
0 0.69517 0.601441 0.0933 0.0723724
0 0.98208 0.942432 0.03584 0.0339339
0 0.94553 0.891787 0.07486 0.0735435
0 0.81624 0.610601 0.05496 0.0439039
0 0.31778 0.91006 0.15912 0.112613
