0 0.594313 0.458914 0.0189687 0.0827298
0 0.804445 0.438719 0.0330781 0.0579387
0 0.463953 0.444986 0.02175 0.036156
0 0.719461 0.481671 0.0187656 0.0274652
0 0.845172 0.464485 0.0390313 0.0217827
0 0.643078 0.491184 0.0183125 0.0229805
0 0.529234 0.446226 0.0270625 0.0625905
0 0.543375 0.452563 0.0214688 0.0671866
0 0.607039 0.458454 0.0171406 0.0810306
0 0.424539 0.484526 0.0182969 0.0197493
0 0.586148 0.457061 0.0235469 0.0786351
0 0.0614844 0.57376 0.0192187 0.044624
0 0.543203 0.765947 0.010375 0.0359053
0 0.0430313 0.592758 0.0163438 0.0558217
0 0.724898 0.443008 0.0197031 0.0555432
0 0.432016 0.419234 0.0266562 0.0343454
0 0.0668672 0.700042 0.0191406 0.0505571
0 0.723156 0.493969 0.0211875 0.0228134
0 0.577297 0.453203 0.0296875 0.0894708
0 0.0837656 0.802354 0.0172813 0.0410306
0 0.429633 0.452437 0.0164219 0.025376
0 0.495023 0.452855 0.0418281 0.0218663
0 0.0868828 0.696978 0.0121094 0.0471588
0 0.783672 0.444373 0.0170625 0.0513092
0 0.409992 0.425529 0.0180156 0.0126741
0 0.559797 0.757437 0.0174375 0.0281894
0 0.0900234 0.819164 0.00985938 0.0244568
0 0.712969 0.435543 0.02825 0.0528134
0 0.400203 0.478064 0.0244375 0.0273259
0 0.736453 0.442479 0.0200313 0.0566574
0 0.663437 0.468844 0.0162813 0.0233148
0 0.121906 0.529652 0.00978125 0.0453203
0 0.670766 0.493273 0.020125 0.0189136
0 0.0318984 0.573134 0.0231406 0.0484958
0 0.39468 0.441894 0.00760937 0.0106964
0 0.414117 0.466407 0.0275156 0.0373259
0 0.0610625 0.693816 0.0255 0.0427855
0 0.679164 0.477869 0.0171406 0.023649
0 0.0584062 0.585766 0.0106563 0.0454039
0 0.421195 0.435961 0.0122969 0.0251811
0 0.742109 0.49415 0.0239063 0.024624
0 0.0972969 0.701504 0.0115937 0.0285794
0 0.440656 0.47961 0.0184375 0.0212813
0 0.482641 0.468872 0.0243438 0.0350696
0 0.534758 0.455766 0.0220156 0.0777716
0 0.110625 0.532953 0.00634375 0.0356546
0 0.057625 0.818259 0.018625 0.042312
0 0.466859 0.464206 0.0210938 0.0269638
0 0.0755781 0.821616 0.010625 0.0467967
0 0.386172 0.468343 0.022625 0.042312
0 0.758563 0.458774 0.0158125 0.0240669
0 0.0603906 0.820989 0.0179063 0.0499443
0 0.0595234 0.683022 0.0246406 0.0446518
0 0.0771406 0.702493 0.0110937 0.0556267
0 0.0362891 0.588203 0.0182969 0.0440947
0 0.592367 0.402744 0.0105156 0.0120613
0 0.694312 0.47195 0.016625 0.0352646
0 0.417805 0.486727 0.0129844 0.0164624
0 0.0910391 0.68493 0.0190156 0.0420613
0 0.45007 0.437827 0.0210469 0.0352089
0 0.490695 0.484763 0.0160469 0.0264624
0 0.130484 0.641156 0.00446875 0.0356267
0 0.60107 0.417312 0.0267969 0.0551253
0 0.0644609 0.820822 0.0152656 0.053844
0 0.706266 0.47539 0.0228437 0.0281058
0 0.771734 0.442604 0.016 0.0564067
0 0.553602 0.771671 0.0129531 0.0333148
0 0.0531484 0.802688 0.0208906 0.042312
