0 0.809719 0.480461 0.0428125 0.0797031
0 0.670615 0.508219 0.115062 0.108156
0 0.0884688 0.519437 0.102937 0.108187
0 0.351542 0.200539 0.11975 0.0604219
0 0.219313 0.468211 0.042625 0.0585469
0 0.367281 0.520563 0.106521 0.106813
0 0.967187 0.519328 0.0643333 0.102344
0 0.89951 0.515891 0.0517708 0.113312
0 0.378198 0.201969 0.0868542 0.0541875
0 0.578604 0.515641 0.06975 0.124094
0 0.532344 0.196539 0.0648958 0.0777031
0 0.645344 0.471789 0.0352708 0.0638281
0 0.676708 0.183523 0.125708 0.0974531
0 0.129792 0.193234 0.03625 0.0407813
0 0.711594 0.197953 0.0656458 0.0810312
0 0.222875 0.514844 0.0864583 0.132031
0 0.469521 0.493734 0.0417917 0.0781875
0 0.800781 0.192547 0.0285625 0.0423437
0 0.60151 0.812047 0.0977708 0.205125
0 0.300396 0.774758 0.045375 0.0901094
0 0.593552 0.725102 0.0843958 0.0778594
0 0.967552 0.844164 0.0648958 0.128203
0 0.220302 0.876727 0.135729 0.182359
0 0.304938 0.908703 0.0515417 0.105906
0 0.123427 0.51825 0.0957292 0.111281
0 0.42075 0.518977 0.0830833 0.107172
0 0.0601042 0.865352 0.120208 0.210734
0 0.917698 0.210305 0.0940208 0.0615469
0 0.281729 0.194531 0.0635417 0.0695313
0 0.4925 0.509742 0.145125 0.133859
0 0.468083 0.806906 0.110042 0.205656
0 0.71449 0.770125 0.0487292 0.0704375
0 0.981375 0.531711 0.0365833 0.0730781
0 0.507271 0.817484 0.0635833 0.195781
0 0.0420729 0.487109 0.0520208 0.0806875
0 0.254958 0.869508 0.136958 0.169734
0 0.680958 0.798523 0.0745417 0.131203
0 0.259208 0.511602 0.0731667 0.120422
0 0.485865 0.480992 0.0426458 0.0579219
0 0.563062 0.814492 0.0550417 0.200766
0 0.208406 0.196641 0.0660208 0.0619687
0 0.296896 0.492703 0.03725 0.0912813
0 0.212906 0.761008 0.0733958 0.0848906
0 0.976625 0.899898 0.0425833 0.113672
0 0.862708 0.513773 0.0730833 0.115422
0 0.415354 0.203398 0.075375 0.0538906
0 0.75374 0.877727 0.0893125 0.197734
0 0.526646 0.517563 0.112125 0.135125
0 0.248823 0.19718 0.0627292 0.0612344
0 0.169729 0.509109 0.0731667 0.13
0 0.127781 0.802352 0.0624375 0.175859
0 0.120937 0.753078 0.0645833 0.0849688
0 0.956177 0.207375 0.0876458 0.0643438
0 0.542646 0.455898 0.05775 0.0652656
0 0.977417 0.757305 0.0451667 0.0627656
0 0.66476 0.491414 0.115562 0.0982031
0 0.983396 0.235641 0.0328333 0.024625
0 0.477365 0.214609 0.0622292 0.03725
0 0.845031 0.505109 0.0877708 0.116844
0 0.0548229 0.484367 0.0513958 0.0837969
0 0.377875 0.809 0.0728333 0.148
0 0.567083 0.192945 0.11925 0.0784844
0 0.358927 0.471359 0.0320625 0.0664375
0 0.33649 0.77857 0.0522292 0.0807031
0 0.772563 0.185102 0.029875 0.0642969
0 0.750052 0.198203 0.0659792 0.0810312
0 0.778229 0.735563 0.0314167 0.0150937
0 0.39051 0.455953 0.0594792 0.0380625
0 0.690229 0.855852 0.1335 0.181328
0 0.020375 0.217719 0.037125 0.043625
0 0.695698 0.189344 0.0753958 0.0766875
0 0.679958 0.450742 0.0145833 0.0207969
0 0.747875 0.509195 0.102083 0.131391
0 0.671271 0.75193 0.07 0.0607344
0 0.16676 0.196305 0.120021 0.0655469
0 0.805917 0.898016 0.0566667 0.129188
0 0.10225 0.454352 0.0169167 0.0247969
0 0.201885 0.480383 0.0384792 0.0840781
0 0.521427 0.18857 0.124146 0.0582344
0 0.916823 0.784875 0.0531458 0.12
0 0.170198 0.790836 0.0564375 0.133922
0 0.0664792 0.518 0.119458 0.107406
0 0.435219 0.463844 0.0143542 0.0271875
0 0.700135 0.870305 0.137437 0.194359
0 0.185354 0.862891 0.183875 0.172313
0 0.310229 0.506016 0.0864167 0.131875
0 0.351125 0.522805 0.0702083 0.101766
0 0.605635 0.467742 0.0475208 0.0933281
0 0.70425 0.512602 0.0990833 0.117391
0 0.791302 0.500977 0.0358958 0.120766
0 0.0928125 0.467859 0.0295417 0.045625
0 0.753302 0.446281 0.0273542 0.015125
0 0.366302 0.466203 0.0232292 0.0333437
0 0.972531 0.470102 0.0549375 0.0747344
0 0.0358542 0.762336 0.0717083 0.0479531
0 0.877656 0.861445 0.137937 0.196953
0 0.3895 0.768883 0.0649583 0.0949531
0 0.177354 0.462672 0.0201667 0.0364063
0 0.0333021 0.858852 0.0666042 0.194703
0 0.329552 0.439617 0.0311042 0.0289844
0 0.840229 0.865453 0.117083 0.171031
0 0.98576 0.918258 0.0284792 0.0605469
0 0.350396 0.878492 0.088125 0.194578
0 0.881521 0.747437 0.08 0.0635938
0 0.820833 0.203469 0.0803333 0.07
0 0.960115 0.77832 0.0437708 0.101797
0 0.792458 0.758336 0.0919583 0.0643594
0 0.923948 0.516742 0.0478958 0.114078
0 0.0656354 0.205164 0.131271 0.0614531
