0 0.833162 0.801016 0.0434192 0.0699375
0 0.737553 0.953477 0.0690164 0.0632969
0 0.7837 0.764672 0.0520375 0.054875
0 0.852553 0.152688 0.0603279 0.0529063
0 0.78103 0.975 0.0599063 0.05
0 0.937377 0.576094 0.077096 0.0720313
0 0.629473 0.492945 0.124988 0.214453
0 0.41637 0.700336 0.0761124 0.204641
0 0.788478 0.906711 0.0538173 0.0901094
0 0.916604 0.778539 0.0705386 0.103172
0 0.606253 0.250227 0.0823419 0.187141
0 0.540445 0.462742 0.077377 0.230328
0 0.955445 0.493914 0.0506557 0.0452656
0 0.798829 0.727328 0.0599063 0.0605938
0 0.829052 0.909008 0.0530913 0.0902656
0 0.80308 0.652828 0.0577752 0.0688438
0 0.684063 0.802977 0.048548 0.0535156
0 0.262763 0.64 0.106183 0.176781
0 0.71596 0.591 0.0684543 0.130688
0 0.764028 0.68543 0.0538642 0.0617344
0 0.649473 0.668562 0.0626464 0.124719
0 0.45685 0.438617 0.122553 0.186672
0 0.785691 0.803508 0.0544731 0.0716094
0 0.571604 0.885148 0.0858314 0.0846094
0 0.705515 0.445297 0.157822 0.186875
0 0.740281 0.902375 0.0552693 0.0589688
0 0.927752 0.231984 0.0620609 0.0668125
0 0.395831 0.814141 0.0561593 0.07125
0 0.653489 0.883563 0.0670258 0.080875
0 0.855796 0.97325 0.0505152 0.0509687
0 0.90055 0.486313 0.0809133 0.0675313
0 0.299496 0.698688 0.057541 0.118156
0 0.872529 0.793414 0.0426698 0.0854844
0 0.851148 0.845984 0.0376581 0.055375
0 0.590714 0.928148 0.0741686 0.0612656
0 0.929895 0.768391 0.0974005 0.09775
0 0.892963 0.581789 0.0568852 0.0857031
0 0.824918 0.967672 0.0620141 0.0646562
0 0.776803 0.524672 0.0537002 0.105531
0 0.929098 0.666313 0.0491569 0.0829063
0 0.643618 0.754336 0.0751991 0.0666719
0 0.66993 0.259633 0.07274 0.186453
0 0.812412 0.83925 0.0581733 0.051
0 0.582518 0.816164 0.0596019 0.0632969
0 0.888396 0.268891 0.0809133 0.0528438
0 0.733302 0.79232 0.0510539 0.0760156
0 0.645644 0.435047 0.165667 0.173063
0 0.889321 0.76493 0.0489461 0.0765781
0 0.400937 0.62325 0.106604 0.185438
0 0.707799 0.205383 0.120141 0.168547
0 0.38507 0.320359 0.162506 0.157562
0 0.602927 0.88368 0.0881967 0.0779844
0 0.480902 0.1635 0.209953 0.142281
0 0.889953 0.209203 0.0652927 0.071
0 0.58493 0.95775 0.0910304 0.0845
0 0.849848 0.661109 0.0651756 0.0698125
0 0.96192 0.671453 0.0372365 0.0693438
0 0.85171 0.599312 0.0518033 0.0719687
0 0.601382 0.637555 0.0696019 0.147484
0 0.686194 0.919156 0.0621311 0.065125
0 0.336838 0.506672 0.10726 0.105813
0 0.864496 0.521227 0.0453864 0.0492031
0 0.817553 0.679664 0.0562763 0.0666094
0 0.893817 0.633195 0.0486183 0.0569219
0 0.747166 0.738008 0.0569555 0.0689844
0 0.313478 0.633156 0.146019 0.185156
0 0.752588 0.6575 0.0527635 0.0583438
0 0.650644 0.587906 0.0647541 0.08425
0 0.685035 0.65675 0.0787822 0.118844
0 0.695831 0.759555 0.0552225 0.0954531
0 0.681194 0.452945 0.123747 0.192766
0 0.642295 0.785672 0.0634192 0.0779688
0 0.870176 0.479516 0.0797424 0.0554063
0 0.541417 0.174344 0.154356 0.158688
0 0.450351 0.32675 0.140656 0.165219
0 0.851007 0.909078 0.0783607 0.0963437
0 0.511604 0.651773 0.10897 0.225547
0 0.762576 0.866219 0.0554098 0.05825
0 0.544052 0.978469 0.0795785 0.0430625
0 0.818361 0.466453 0.0485246 0.0434688
0 0.606522 0.199211 0.101054 0.181891
0 0.546405 0.244313 0.0560422 0.1835
0 0.888583 0.704633 0.0264403 0.0272031
0 0.811803 0.251383 0.134333 0.155203
0 0.345035 0.444305 0.12356 0.167766
0 0.572459 0.739898 0.0412178 0.0948281
0 0.848513 0.708234 0.0411475 0.0457188
0 0.927155 0.832914 0.0310773 0.0332031
0 0.314742 0.765984 0.0526698 0.055125
0 0.829918 0.337422 0.065363 0.124188
0 0.919262 0.53332 0.0694379 0.0562656
0 0.508126 0.486437 0.0988759 0.202469
0 0.355468 0.711281 0.0900468 0.236875
0 0.319532 0.329094 0.0548478 0.115156
0 0.882916 0.426078 0.0777752 0.0392188
0 0.403876 0.485875 0.034918 0.104156
0 0.764368 0.825648 0.0487822 0.0395781
0 0.919239 0.456992 0.0567916 0.0387031
0 0.958689 0.537477 0.0381733 0.0489531
0 0.880012 0.663258 0.0637237 0.0696406
0 0.834883 0.431391 0.0213817 0.0305937
0 0.658126 0.980781 0.059719 0.0364688
0 0.892073 0.866406 0.0390398 0.0599063
0 0.312424 0.420828 0.0462998 0.0945625
0 0.80904 0.425297 0.0377986 0.0670313
0 0.959473 0.518297 0.0403044 0.01875
0 0.759473 0.961023 0.0544965 0.0434531
0 0.816897 0.544 0.0315925 0.043
0 0.647049 0.943328 0.0561124 0.0602188
0 0.984684 0.505758 0.0257611 0.0430156
0 0.598162 0.75768 0.0672834 0.0672656
0 0.963384 0.593453 0.0383841 0.0632812
0 0.550363 0.933523 0.0296253 0.0567344
0 0.939415 0.618734 0.0432787 0.0464687
0 0.797436 0.191625 0.199883 0.135313
0 0.514941 0.984164 0.0620609 0.0316719
0 0.585585 0.513031 0.0681733 0.207469
0 0.607248 0.712453 0.058103 0.0697812
0 0.737857 0.356609 0.112014 0.170125
0 0.819778 0.578852 0.0883607 0.0824219
0 0.864754 0.443008 0.0560187 0.0416094
0 0.707319 0.867453 0.0565105 0.0679063
0 0.83363 0.746719 0.047541 0.0619687
0 0.889532 0.79725 0.0470726 0.0807187
0 0.76637 0.320859 0.124309 0.163781
