0 0.453258 0.67021 0.110078 0.149407
0 0.7175 0.730198 0.0930625 0.26558
0 0.626344 0.725333 0.105531 0.232691
0 0.643352 0.743037 0.0837344 0.235111
0 0.551898 0.720728 0.128703 0.118099
0 0.457094 0.649272 0.0937813 0.124815
0 0.667875 0.741543 0.0923438 0.254395
0 0.317992 0.649654 0.156734 0.158815
0 0.527562 0.702025 0.146437 0.0807901
0 0.480109 0.609025 0.0404375 0.102049
0 0.445367 0.627815 0.0548594 0.128469
0 0.58707 0.737938 0.114422 0.15084
0 0.502453 0.69884 0.12725 0.161086
0 0.578766 0.654593 0.029875 0.0728889
0 0.364398 0.665284 0.122609 0.185284
