1 0.686698 0.161586 0.0807407 0.0551406
1 0.653781 0.240758 0.13108 0.0677344
1 0.763225 0.158766 0.0772531 0.0320625
1 0.810463 0.174234 0.0667284 0.044875
1 0.60571 0.457164 0.108272 0.0661719
1 0.520432 0.440133 0.0525309 0.0472656
1 0.262793 0.0952891 0.108179 0.0916094
1 0.734475 0.505055 0.13642 0.115484
1 0.653765 0.96743 0.207222 0.0630781
1 0.530463 0.758531 0.216111 0.0720937
1 0.89409 0.282922 0.0817593 0.04375
1 0.839846 0.210812 0.0855556 0.0266562
1 0.440201 0.540609 0.0966358 0.0329375
1 0.117978 0.143203 0.146574 0.055125
1 0.632315 0.36468 0.102099 0.0284844
1 0.599784 0.32943 0.0632099 0.0461094
1 0.872423 0.243867 0.118858 0.0506406
1 0.550401 0.277492 0.102716 0.0639219
1 0.195262 0.115937 0.0979321 0.0692187
1 0.397361 0.892789 0.185957 0.0617656
1 0.871466 0.198844 0.0773148 0.034625
1 0.0311111 0.128344 0.0388272 0.0144687
1 0.626188 0.338898 0.0823765 0.0371719
1 0.630648 0.544789 0.0681481 0.0665781
1 0.497824 0.492109 0.146327 0.0714687
1 0.927685 0.264484 0.0697531 0.0310312
1 0.923549 0.468977 0.111852 0.0582031
1 0.817824 0.744133 0.168673 0.0433906
1 0.931235 0.305125 0.0535802 0.025125
1 0.678889 0.834609 0.122469 0.089
1 0.752948 0.712148 0.15929 0.0372656
1 0.662438 0.737031 0.0873457 0.0482812
1 0.887901 0.350766 0.0391358 0.0225625
1 0.709722 0.334742 0.136481 0.0720469
1 0.883735 0.507305 0.16784 0.0806719
1 0.785926 0.356406 0.112716 0.0461562
1 0.79284 0.461844 0.123333 0.117438
1 0.53534 0.556664 0.0793827 0.0282031
1 0.629506 0.489875 0.066358 0.038875
1 0.54946 0.314055 0.0544753 0.0222344
1 0.599352 0.284219 0.0655556 0.0543438
1 0.160478 0.0695859 0.153302 0.107734
1 0.771991 0.295633 0.17429 0.0935469
0 0.840185 0.786281 0.197099 0.0600625
0 0.217037 0.500398 0.112654 0.212953
0 0.561559 0.44075 0.0814506 0.0479062
0 0.173086 0.514984 0.206914 0.25075
0 0.595787 0.523867 0.103426 0.0656719
0 0.452546 0.960531 0.241451 0.0595313
0 0.967546 0.853039 0.0614506 0.0204844
0 0.519969 0.782102 0.230988 0.0861406
0 0.654383 0.447055 0.0166667 0.0233281
0 0.404228 0.509656 0.059321 0.0416562
0 0.968735 0.8135 0.056358 0.0789062
0 0.432006 0.478133 0.102407 0.0414219
0 0.481111 0.453516 0.0966049 0.0589688
0 0.11534 0.501031 0.228457 0.197437
