2 0.344521 0.678766 0.0513318 0.0454062
2 0.741589 0.564617 0.0391121 0.0277031
2 0.203832 0.649539 0.0766822 0.0271719
2 0.794626 0.624539 0.0196262 0.0202031
2 0.549603 0.638078 0.0429439 0.0279375
2 0.825572 0.681672 0.0513785 0.0161563
2 0.641028 0.483984 0.0369626 0.0120625
2 0.854509 0.640133 0.0341121 0.0120469
2 0.811846 0.561125 0.0378505 0.021
2 0.819708 0.583203 0.0341355 0.0161563
2 0.250771 0.508828 0.0242056 0.014125
2 0.270736 0.542633 0.0291355 0.0165781
2 0.442477 0.496758 0.0494393 0.00992188
2 0.478586 0.698727 0.0662383 0.0428906
2 0.947897 0.581242 0.0814486 0.0380781
2 0.588271 0.646023 0.0383178 0.0327031
2 0.658248 0.524586 0.0264486 0.00714063
2 0.31965 0.624773 0.0397196 0.0338906
2 0.533131 0.698352 0.0536449 0.0391719
2 0.976425 0.671102 0.0392991 0.0268281
2 0.892044 0.618688 0.0853972 0.031375
2 0.206051 0.675125 0.0483178 0.0184687
2 0.856332 0.531023 0.0276168 0.0143594
2 0.308411 0.680445 0.0280374 0.0336406
2 0.690199 0.476539 0.0311449 0.0172656
2 0.972967 0.640969 0.0425234 0.0135625
2 0.371612 0.498336 0.0550467 0.0166719
2 0.830631 0.543438 0.042757 0.0220938
2 0.346297 0.651109 0.0509579 0.0205938
2 0.265421 0.583898 0.0229907 0.0122969
2 0.794766 0.589734 0.0242991 0.016
2 0.331075 0.501289 0.0331308 0.0115781
2 0.235199 0.599102 0.0421729 0.0253906
2 0.28868 0.62 0.0433411 0.0112812
2 0.779252 0.553766 0.056729 0.0187187
2 0.662079 0.466313 0.0258879 0.0143125
2 0.844825 0.588828 0.0210047 0.0130625
2 0.861694 0.666727 0.0514252 0.0178594
2 0.62757 0.4785 0.0369626 0.01525
2 0.692126 0.484547 0.0353271 0.00909375
2 0.149334 0.456398 0.0307243 0.0224531
2 0.257874 0.637945 0.0454206 0.0288281
2 0.296682 0.453695 0.0166355 0.00979688
2 0.349533 0.489828 0.0107009 0.0079375
