0 0.06375 0.454671 0.0535 0.0217371
0 0.757539 0.321913 0.0426406 0.0443897
0 0.509398 0.6027 0.0988594 0.0869484
0 0.623719 0.873345 0.0685937 0.0361737
0 0.548008 0.648286 0.0207656 0.0398122
0 0.957484 0.898897 0.069 0.0500939
0 0.250008 0.513638 0.0254844 0.0191549
0 0.628641 0.705857 0.0719687 0.0399765
0 0.632477 0.755387 0.0622344 0.0526056
0 0.270383 0.730153 0.0604844 0.0588028
0 0.953328 0.808439 0.077625 0.0318075
0 0.0915312 0.727289 0.0496875 0.0566432
0 0.427844 0.894613 0.0724687 0.0799765
0 0.952234 0.613932 0.088375 0.056784
0 0.521117 0.540094 0.0147656 0.0813615
0 0.828125 0.65473 0.0425625 0.088615
0 0.505242 0.529495 0.0187031 0.0821362
0 0.735391 0.334847 0.038875 0.0628873
0 0.939719 0.568685 0.0765312 0.076385
0 0.739992 0.94939 0.0480469 0.0487793
0 0.85543 0.567019 0.0454531 0.144648
0 0.852766 0.378779 0.0464062 0.0733803
0 0.231477 0.947876 0.0332656 0.0661737
0 0.387852 0.812817 0.0654844 0.0539437
0 0.965695 0.34581 0.0662656 0.0590376
0 0.393891 0.722042 0.0439063 0.0642254
0 0.215945 0.800329 0.0539219 0.0746479
0 0.116711 0.432136 0.0504844 0.0428169
0 0.6425 0.925282 0.0473438 0.0419249
0 0.114625 0.787617 0.0156875 0.0246244
0 0.853336 0.658063 0.0514844 0.0964554
0 0.469813 0.498521 0.0160625 0.0788732
0 0.600234 0.502148 0.0364063 0.0989906
0 0.610805 0.59716 0.0428906 0.0316432
0 0.82107 0.548192 0.0540156 0.117934
0 0.143297 0.902441 0.059875 0.0469484
0 0.0990703 0.866185 0.0488594 0.0285681
0 0.250211 0.469378 0.0245469 0.0225587
0 0.763078 0.798803 0.0459062 0.0315493
0 0.349867 0.607535 0.0392344 0.028216
0 0.452508 0.510012 0.0289219 0.0816667
0 0.85368 0.70169 0.0346094 0.0442254
0 0.405062 0.910657 0.0643125 0.0351643
0 0.675508 0.8023 0.0605781 0.0459155
0 0.545211 0.574143 0.0216094 0.0742958
0 0.903906 0.780481 0.0807812 0.0457981
0 0.121039 0.825962 0.0443594 0.0294836
0 0.208242 0.605035 0.0231719 0.0419014
0 0.224164 0.484495 0.0407656 0.0273474
0 0.789289 0.954577 0.0389531 0.0452582
0 0.623492 0.849167 0.0574844 0.024108
0 0.19032 0.626526 0.0177344 0.0553991
0 0.685211 0.839836 0.0711094 0.0530047
0 0.709734 0.815223 0.0588437 0.0697887
0 0.127672 0.962676 0.012625 0.0166667
0 0.509813 0.923181 0.0404375 0.104906
0 0.747711 0.897969 0.0455469 0.0534977
0 0.94607 0.843521 0.0923906 0.0406103
0 0.606945 0.909096 0.0547656 0.0411033
0 0.854688 0.329096 0.0328125 0.0324178
0 0.666328 0.482547 0.0407187 0.0933099
0 0.956094 0.55284 0.0878125 0.0875587
0 0.52407 0.941279 0.0246406 0.0489437
0 0.445695 0.653451 0.0562031 0.0461033
0 0.0688984 0.577782 0.0215781 0.0707746
0 0.920289 0.412336 0.0846406 0.0355164
0 0.702852 0.49081 0.0354531 0.0789906
0 0.0565781 0.558099 0.0456875 0.0716901
0 0.951211 0.86804 0.0722344 0.0389437
0 0.380594 0.543298 0.0405 0.0196479
0 0.212945 0.543286 0.0177656 0.0365258
0 0.922711 0.623474 0.0661094 0.0900939
0 0.672992 0.500634 0.0135781 0.0668545
0 0.92243 0.947664 0.0951094 0.0565493
0 0.6715 0.706901 0.0136562 0.0333803
0 0.826766 0.302465 0.029 0.0238498
0 0.255195 0.874413 0.0534531 0.0614085
0 0.880289 0.334437 0.0512031 0.0486385
0 0.415375 0.604589 0.038375 0.0402582
0 0.731828 0.732488 0.0255 0.0246948
0 0.358945 0.853392 0.0670469 0.0446714
0 0.443656 0.890822 0.0771563 0.0866197
0 0.253539 0.54108 0.0267656 0.0361502
0 0.567828 0.548333 0.042625 0.05
0 0.182687 0.429519 0.03225 0.0430751
0 0.569 0.80135 0.0393125 0.0336854
0 0.0390937 0.4852 0.0490312 0.0389437
0 0.444336 0.523756 0.0287344 0.0790141
0 0.0960156 0.943075 0.0325625 0.0661502
0 0.470047 0.696925 0.0595313 0.0530986
0 0.865578 0.481009 0.0349687 0.101831
0 0.269047 0.468662 0.0200625 0.00788732
0 0.191289 0.585986 0.0202344 0.0449765
0 0.209727 0.950751 0.0272969 0.0800469
0 0.136797 0.579894 0.0345937 0.031338
0 0.42232 0.708263 0.0720781 0.0996244
0 0.96675 0.295599 0.0665 0.0446244
0 0.508422 0.570998 0.0742188 0.0844836
0 0.162703 0.523392 0.0235938 0.0411033
0 0.509164 0.662171 0.0452969 0.0463146
0 0.227687 0.425692 0.0358438 0.0512441
0 0.335281 0.564061 0.0368437 0.0371831
0 0.484891 0.880211 0.0361563 0.0964319
0 0.74257 0.921068 0.0522344 0.0462207
0 0.166227 0.75277 0.0496406 0.0292488
0 0.401625 0.624894 0.0396562 0.0472066
0 0.110781 0.48757 0.0487812 0.0418075
0 0.83893 0.563768 0.0436719 0.0990845
0 0.620852 0.956784 0.0566406 0.0587324
0 0.380937 0.627324 0.046625 0.0269014
0 0.629609 0.781819 0.0576562 0.0633568
0 0.8545 0.766948 0.025125 0.06277
0 0.165203 0.546514 0.0328125 0.0261268
