0 0.158867 0.430969 0.165828 0.147729
0 0.264867 0.709865 0.147266 0.120604
0 0.632547 0.719646 0.0859062 0.233458
0 0.403109 0.491656 0.042625 0.176938
0 0.425352 0.582604 0.0267969 0.0257917
0 0.0538828 0.335104 0.0842969 0.011875
0 0.630977 0.816927 0.0280469 0.106146
0 0.471648 0.821365 0.0332969 0.247938
0 0.36193 0.674906 0.0107031 0.0477708
0 0.572477 0.448469 0.0615469 0.155271
0 0.0872266 0.295021 0.174453 0.07275
0 0.135977 0.415438 0.187516 0.132292
0 0.377055 0.807688 0.0630781 0.214875
0 0.336211 0.476031 0.0923281 0.181938
0 0.520148 0.491385 0.0431094 0.190021
0 0.471039 0.81449 0.0719219 0.182313
0 0.318391 0.760948 0.0845625 0.192938
0 0.304602 0.61599 0.0197656 0.0915208
0 0.604664 0.448406 0.0699844 0.180896
0 0.0855469 0.258479 0.1695 0.0485
0 0.310977 0.463135 0.0881719 0.177937
0 0.0935781 0.33026 0.186031 0.119688
0 0.49882 0.589906 0.0212031 0.00989583
0 0.184477 0.575615 0.171922 0.126979
0 0.538781 0.466667 0.0809688 0.186167
0 0.722086 0.634 0.0985781 0.133583
0 0.226211 0.408875 0.0602656 0.086
0 0.374008 0.562531 0.0201094 0.0495208
0 0.396906 0.466781 0.067625 0.183396
0 0.73175 0.52124 0.136719 0.0823125
0 0.162125 0.505375 0.173219 0.0990417
0 0.622766 0.40826 0.0882813 0.165646
0 0.30243 0.770083 0.0411719 0.0662083
0 0.585805 0.529094 0.0230156 0.0518542
0 0.426703 0.80825 0.0369688 0.211458
0 0.305328 0.57124 0.012125 0.0318958
0 0.561758 0.861031 0.0230781 0.134354
0 0.565914 0.844156 0.0834219 0.252396
0 0.450781 0.817625 0.0422187 0.238292
0 0.295742 0.719156 0.0867656 0.123104
0 0.291617 0.749104 0.110766 0.181792
0 0.546508 0.573146 0.0312344 0.0772917
0 0.538469 0.851125 0.0430938 0.249042
0 0.772055 0.480906 0.149266 0.0715625
0 0.574617 0.798125 0.0803906 0.186417
0 0.703914 0.702115 0.150859 0.217646
0 0.434453 0.477833 0.0384062 0.2
0 0.764008 0.510292 0.153984 0.0800417
0 0.36075 0.795802 0.0812812 0.207271
0 0.643398 0.5025 0.0365156 0.0600417
0 0.500406 0.848833 0.0383125 0.245375
0 0.571711 0.461281 0.0334844 0.154437
0 0.338875 0.567646 0.0261562 0.0489583
0 0.414906 0.566688 0.01825 0.0322917
0 0.500133 0.486719 0.0377031 0.201646
0 0.586789 0.439948 0.0476094 0.132812
0 0.16482 0.544865 0.163203 0.108896
0 0.76943 0.447813 0.162078 0.072
0 0.220289 0.459698 0.0753594 0.0350625
0 0.468891 0.520781 0.0385937 0.169146
0 0.359898 0.499594 0.0685469 0.205521
0 0.311742 0.65525 0.0502656 0.04425
0 0.521008 0.864917 0.0146719 0.149042
0 0.263961 0.469073 0.0364531 0.112604
0 0.670609 0.72549 0.0335625 0.140021
0 0.399906 0.812583 0.0419687 0.211417
0 0.282922 0.542698 0.0242188 0.0454375
0 0.643281 0.721135 0.040625 0.119646
0 0.744469 0.623844 0.143125 0.133729
0 0.211617 0.645792 0.148859 0.129
0 0.375711 0.70224 0.0407031 0.0516458
0 0.320531 0.575375 0.027 0.0409583
0 0.238289 0.671458 0.127047 0.163917
0 0.690562 0.721031 0.0488125 0.0944375
0 0.494055 0.69701 0.0525156 0.0346458
0 0.551859 0.690948 0.0297187 0.0343958
0 0.678648 0.719052 0.118797 0.233854
0 0.607133 0.827854 0.0419844 0.26875
0 0.220305 0.65951 0.135047 0.138729
0 0.215469 0.617458 0.134969 0.112292
0 0.721414 0.652885 0.109703 0.173062
0 0.19507 0.577635 0.154891 0.125854
0 0.647328 0.386313 0.0826563 0.143167
0 0.445891 0.574833 0.0093125 0.0406667
0 0.461297 0.477969 0.0414687 0.203354
0 0.532672 0.492948 0.0263437 0.160271
0 0.659852 0.612177 0.0597656 0.0753958
0 0.122508 0.390396 0.200734 0.111667
1 0.722102 0.0774375 0.0167344 0.0138333
1 0.845328 0.0125 0.0261562 0.025
1 0.694156 0.263135 0.0248438 0.0363958
1 0.83807 0.103125 0.0344219 0.0379583
1 0.817773 0.0211562 0.0238594 0.0392292
1 0.737008 0.259354 0.0196094 0.0279583
1 0.733008 0.0105833 0.0282344 0.0211667
1 0.670852 0.0559063 0.0230781 0.0358958
1 0.946531 0.392625 0.0188437 0.0208333
1 0.748984 0.12976 0.0185937 0.0277708
1 0.732672 0.0658229 0.0155312 0.0257708
1 0.985398 0.207937 0.0257656 0.0271667
1 0.668406 0.259156 0.0221562 0.0301875
1 0.834547 0.278729 0.0280313 0.026125
1 0.809203 0.297073 0.0353125 0.0413125
1 0.714641 0.271479 0.02475 0.0312083
1 0.939047 0.119125 0.028125 0.0292917
1 0.849117 0.215646 0.0465469 0.03025
1 0.718734 0.325135 0.0226875 0.0256458
1 0.895945 0.184615 0.0347969 0.0363958
1 0.910898 0.290969 0.0280156 0.0432292
1 0.897031 0.277208 0.0179687 0.0250417
1 0.89575 0.346281 0.0236563 0.0289792
1 0.654797 0.197458 0.0254375 0.039125
1 0.905945 0.137823 0.0330781 0.0387292
1 0.654102 0.11826 0.0238594 0.0425208
1 0.641086 0.175 0.0244219 0.0366667
1 0.789664 0.0563438 0.0294531 0.0476875
1 0.984508 0.297917 0.0277656 0.0383333
1 0.75068 0.359615 0.0205781 0.0238542
1 0.720539 0.160062 0.0208594 0.031375
1 0.807008 0.202177 0.0257656 0.0310208
1 0.803859 0.11774 0.0286563 0.0353958
1 0.966937 0.141625 0.0318125 0.0451667
1 0.969828 0.325646 0.0216875 0.0272083
1 0.905563 0.161417 0.0209688 0.01975
1 0.67532 0.0219271 0.0144219 0.0274375
1 0.805937 0.172219 0.0299687 0.0301458
1 0.84275 0.0340521 0.0267188 0.0356458
1 0.673266 0.118688 0.0198438 0.0308333
1 0.674406 0.236667 0.0263437 0.0328333
1 0.696523 0.0560312 0.0271094 0.0310208
1 0.703062 0.0765417 0.0198125 0.0284583
1 0.962961 0.350281 0.0240469 0.0274375
1 0.919859 0.230073 0.0233437 0.0326042
1 0.707328 0.200312 0.0237188 0.0336667
1 0.774219 0.243635 0.017125 0.0300208
1 0.706586 0.294385 0.0211719 0.0282292
1 0.816695 0.311167 0.0236094 0.0355833
1 0.778234 0.20801 0.022875 0.0288958
1 0.69118 0.209177 0.0195781 0.0291042
1 0.969313 0.189906 0.0260312 0.0323125
1 0.953734 0.332948 0.0180625 0.0243542
1 0.753602 0.289875 0.0317344 0.0320417
1 0.961812 0.38026 0.0211562 0.0246042
1 0.771125 0.277219 0.02025 0.0287292
1 0.849984 0.297177 0.0263437 0.0276875
1 0.650695 0.0552292 0.0154219 0.0309583
1 0.868273 0.171396 0.0345156 0.0517083
1 0.784672 0.295906 0.0195312 0.0243125
1 0.881031 0.230396 0.0364688 0.0519167
1 0.889516 0.39224 0.0288438 0.0274375
1 0.706711 0.0121771 0.0267344 0.0243542
1 0.930773 0.375948 0.0232656 0.0287292
1 0.948156 0.316021 0.024625 0.0279583
1 0.697109 0.121719 0.0325 0.0305208
1 0.793148 0.355896 0.0272969 0.0271667
1 0.851805 0.320417 0.0250156 0.0362083
1 0.9425 0.195052 0.0282813 0.0325625
1 0.881453 0.023125 0.0266875 0.0352917
1 0.973352 0.260771 0.0280781 0.034375
1 0.809305 0.0796667 0.0356719 0.0434583
1 0.638633 0.0741667 0.0237969 0.0355833
1 0.712617 0.0389375 0.0182344 0.02925
1 0.824656 0.368427 0.03275 0.0333958
1 0.76007 0.202771 0.0168594 0.0205
1 0.923453 0.402896 0.0318125 0.032625
1 0.917328 0.256385 0.0233437 0.0301458
1 0.994336 0.115354 0.0110781 0.033125
1 0.745234 0.0946146 0.0281563 0.0394792
1 0.789594 0.26949 0.0261562 0.0343542
1 0.701367 0.315792 0.0297344 0.0350833
1 0.816539 0.231031 0.0267344 0.0354792
1 0.738953 0.036875 0.0232812 0.03
1 0.922367 0.17949 0.0258281 0.0360625
1 0.843219 0.249521 0.0339375 0.0505
1 0.696031 0.230865 0.02525 0.0282708
1 0.938891 0.335948 0.0134687 0.0123125
1 0.881906 0.276917 0.022125 0.0317917
1 0.760633 0.337646 0.0255781 0.025125
1 0.778977 0.171177 0.0286406 0.0309375
1 0.787789 0.329719 0.0312656 0.0442292
1 0.725562 0.212708 0.01325 0.0185833
1 0.961828 0.276135 0.022 0.0360625
1 0.890523 0.300469 0.0189531 0.0294792
1 0.814406 0.134365 0.0176875 0.0205208
1 0.772219 0.073 0.0251875 0.0330833
1 0.642016 0.0107917 0.0173125 0.0215833
1 0.779328 0.380635 0.0312812 0.0346875
1 0.789695 0.0110208 0.0324844 0.0219583
1 0.668141 0.185854 0.0119063 0.0256667
1 0.743422 0.316396 0.0282813 0.03425
1 0.848789 0.0555417 0.0196094 0.0259167
1 0.862687 0.0448437 0.0244062 0.0362292
1 0.728352 0.187438 0.0272969 0.034375
1 0.679125 0.1455 0.0274063 0.0352083
1 0.868258 0.198219 0.0267344 0.0378125
1 0.788672 0.146302 0.033625 0.0355208
1 0.947383 0.249146 0.0272969 0.0292917
1 0.772102 0.312052 0.0217344 0.0369375
1 0.764039 0.0300417 0.0257969 0.0411667
1 0.76957 0.363948 0.0186719 0.0264375
1 0.877023 0.398115 0.0238594 0.0327292
1 0.853414 0.0814583 0.0309531 0.0369167
1 0.820359 0.391458 0.027125 0.03425
1 0.937555 0.141625 0.0243281 0.0295417
1 0.742211 0.202937 0.0242969 0.03125
1 0.904977 0.212615 0.0296094 0.0328125
1 0.851172 0.356615 0.03075 0.0396875
1 0.80157 0.0231458 0.0151406 0.02575
1 0.679922 0.181292 0.0255 0.03675
1 0.993602 0.26474 0.0127969 0.0356458
1 0.920758 0.151062 0.0112969 0.0185833
1 0.659773 0.0114375 0.0203906 0.022875
1 0.660797 0.0384896 0.0162813 0.0367708
1 0.79382 0.240313 0.0196094 0.0266667
1 0.874609 0.138729 0.02875 0.0272917
1 0.783766 0.102115 0.0261875 0.0354375
1 0.675 0.210781 0.0198438 0.0271042
1 0.902352 0.320542 0.0194219 0.02975
1 0.964344 0.231677 0.020875 0.0307292
1 0.762875 0.138229 0.0244062 0.0335833
1 0.756844 0.160625 0.0217812 0.03425
1 0.987773 0.226156 0.0207656 0.0210208
1 0.961727 0.109135 0.0231094 0.0350625
1 0.936 0.279365 0.0222188 0.0253958
1 0.886445 0.32751 0.0174531 0.0252292
1 0.924875 0.20501 0.0143437 0.0199375
1 0.898352 0.0226875 0.0169219 0.0433333
1 0.689859 0.0394375 0.0245938 0.029625
1 0.90875 0.368781 0.0295625 0.0396875
1 0.935914 0.105563 0.0138906 0.015875
1 0.757297 0.228208 0.0259688 0.0317917
1 0.751812 0.262823 0.0219375 0.0343542
1 0.9575 0.160948 0.0280313 0.0427292
1 0.687773 0.0985833 0.0230781 0.0269167
1 0.789281 0.222427 0.0232812 0.0282292
1 0.864805 0.113385 0.0221094 0.0292292
1 0.932992 0.168292 0.0233281 0.0279583
1 0.8105 0.157104 0.0241875 0.0227917
1 0.754789 0.180313 0.0203906 0.0220417
1 0.938398 0.358083 0.0230781 0.0233333
1 0.739695 0.157427 0.0195781 0.0353125
1 0.806734 0.04625 0.0234062 0.0328333
1 0.723039 0.0571354 0.0192031 0.0283125
1 0.823031 0.0348229 0.0111562 0.0141042
1 0.714938 0.240302 0.0225 0.0307708
1 0.888734 0.113844 0.0188437 0.0312708
1 0.830375 0.0760208 0.0098125 0.02025
1 0.919969 0.332542 0.0340312 0.0435833
1 0.826344 0.0545208 0.0272812 0.0314167
1 0.926305 0.264333 0.0105469 0.0155833
1 0.848453 0.407948 0.0375 0.0328125
1 0.716055 0.133198 0.0208281 0.0214375
1 0.721039 0.0911354 0.0207344 0.0251875
1 0.954328 0.371156 0.025 0.0253958
1 0.799297 0.381365 0.017 0.0258958
1 0.665133 0.0897396 0.0217344 0.0312708
1 0.899922 0.248229 0.025875 0.0322917
1 0.825625 0.348687 0.0159375 0.0155
1 0.983461 0.18351 0.0296094 0.0269375
1 0.734938 0.13376 0.0255937 0.0400208
1 0.988844 0.130937 0.016125 0.0241667
1 0.99325 0.145562 0.0126875 0.0279583
1 0.692313 0.0186354 0.0151562 0.0220625
1 0.949555 0.0955 0.0242344 0.0325833
1 0.761922 0.252229 0.0175 0.01975
1 0.812586 0.347979 0.0203281 0.026
1 0.730844 0.287052 0.021875 0.0283125
1 0.700969 0.16951 0.0205625 0.0418542
1 0.980687 0.317948 0.02175 0.0194792
1 0.983219 0.155281 0.0245938 0.0253958
1 0.823023 0.121813 0.0227969 0.0306667
1 0.83568 0.149469 0.0227344 0.0293958
1 0.855953 0.128719 0.0286563 0.0363958
1 0.9 0.0571875 0.0230625 0.04
1 0.857312 0.384146 0.0223125 0.0266667
1 0.871734 0.0113125 0.0201875 0.022625
1 0.911844 0.0768854 0.0265312 0.0371875
1 0.641305 0.102104 0.0194219 0.0261667
1 0.763016 0.0519479 0.0134687 0.0183542
1 0.722789 0.10975 0.0233906 0.0284583
1 0.941141 0.225896 0.025375 0.0369167
1 0.872906 0.30701 0.02875 0.0344375
1 0.973688 0.23026 0.0119375 0.0241042
1 0.816867 0.257792 0.0209531 0.0237083
1 0.748172 0.0604167 0.0188437 0.0208333
1 0.753484 0.0170417 0.0286563 0.03025
1 0.837992 0.379604 0.0119219 0.0169167
1 0.655539 0.153438 0.0259844 0.0402083
1 0.883617 0.086375 0.0365156 0.0441667
1 0.643156 0.0344583 0.016375 0.02975
1 0.781328 0.0401771 0.0260625 0.0384375
1 0.713422 0.0266146 0.0290312 0.0283542
1 0.916734 0.111844 0.035 0.0253958
1 0.878727 0.261083 0.0147969 0.014875
1 0.827195 0.204156 0.0167344 0.0205208
