2 0.314422 0.201157 0.0385 0.0570794
2 0.0481016 0.552769 0.0819844 0.127921
2 0.362711 0.0954322 0.0308906 0.0540888
2 0.557461 0.548995 0.0631719 0.12229
2 0.43007 0.311227 0.0818281 0.0900701
2 0.50443 0.251787 0.0268906 0.0646963
2 0.468492 0.393201 0.0374219 0.0915421
2 0.0201094 0.397068 0.0294063 0.0804907
2 0.198555 0.0713084 0.0528281 0.0453738
2 0.484625 0.244381 0.0278125 0.0367523
2 0.565438 0.379089 0.0342812 0.0566355
2 0.655039 0.736554 0.0691719 0.0722196
2 0.633945 0.639451 0.0675156 0.0704439
2 0.161594 0.549089 0.0410313 0.040514
2 0.249484 0.0980958 0.0252188 0.0209579
2 0.536133 0.336075 0.0370469 0.0739252
2 0.884227 0.806285 0.0652344 0.0730841
2 0.105633 0.625386 0.0998906 0.125631
2 0.871258 0.600012 0.106109 0.163341
2 0.96393 0.791822 0.0567969 0.104112
