0 0.904664 0.576719 0.184984 0.219688
0 0.0489609 0.323938 0.0979219 0.0635
0 0.0646016 0.112875 0.129203 0.103458
0 0.355734 0.644615 0.148969 0.272313
0 0.931844 0.455927 0.135531 0.0701875
0 0.695539 0.339573 0.0935469 0.171896
0 0.259016 0.296177 0.0504687 0.0958542
0 0.937016 0.147135 0.124531 0.0687708
0 0.915703 0.5335 0.167437 0.187458
0 0.812445 0.656844 0.140828 0.279729
0 0.896937 0.778677 0.0695625 0.153146
0 0.477508 0.891781 0.0837969 0.140896
0 0.66975 0.239167 0.117938 0.154125
0 0.325445 0.756604 0.125891 0.258667
0 0.0552266 0.18375 0.110453 0.160125
0 0.174625 0.500625 0.186625 0.20075
0 0.155633 0.700656 0.0967656 0.208229
0 0.0619453 0.0767188 0.123891 0.116396
0 0.465289 0.248344 0.0754844 0.178479
0 0.420633 0.67149 0.112734 0.287896
0 0.0436563 0.203958 0.0824063 0.0827083
0 0.242391 0.715646 0.176281 0.31475
0 0.961141 0.28776 0.0757188 0.0667708
0 0.604984 0.25551 0.092875 0.177187
0 0.493875 0.715625 0.0876563 0.320875
0 0.927328 0.0934375 0.143125 0.122
0 0.861344 0.63975 0.170812 0.266375
0 0.0858984 0.468635 0.171797 0.151063
0 0.64757 0.67925 0.0919531 0.323917
0 0.327461 0.171771 0.115766 0.167917
0 0.218688 0.52125 0.205844 0.225667
0 0.271266 0.584906 0.178125 0.266437
0 0.573023 0.659427 0.0802031 0.287646
0 0.938773 0.34676 0.119672 0.0693542
0 0.617289 0.368385 0.0684531 0.202563
0 0.089125 0.153229 0.0223438 0.0248333
0 0.822211 0.775 0.0840469 0.263833
0 0.37318 0.259958 0.132609 0.1925
0 0.447047 0.368771 0.0684687 0.165625
0 0.733258 0.738615 0.0937656 0.339229
0 0.0751563 0.298813 0.147125 0.148375
0 0.396922 0.821156 0.115375 0.235396
0 0.974797 0.729865 0.0501875 0.0992292
0 0.93543 0.207875 0.129141 0.148625
0 0.740367 0.674615 0.0928906 0.304104
0 0.686609 0.851187 0.0801562 0.175333
0 0.599336 0.827656 0.0721406 0.248479
0 0.535273 0.258719 0.0677031 0.160521
0 0.0843438 0.384573 0.161156 0.0826875
0 0.517945 0.330177 0.0879844 0.177479
0 0.920578 0.403906 0.15625 0.101562
0 0.0622422 0.0351042 0.123703 0.0693333
0 0.377812 0.185271 0.122406 0.118417
0 0.949453 0.243417 0.092375 0.11175
0 0.954133 0.280219 0.0881719 0.0968542
0 0.1275 0.703583 0.0930312 0.171208
