0 0.56525 0.745851 0.00384375 0.0105828
0 0.569539 0.720373 0.00882813 0.0205128
0 0.552945 0.733858 0.0159844 0.014289
0 0.61318 0.950338 0.0110156 0.0437995
0 0.59075 0.735513 0.00928125 0.0238462
0 0.576266 0.749918 0.0139375 0.0118182
0 0.55193 0.715862 0.0156406 0.0225408
0 0.607945 0.750944 0.0112031 0.0148951
0 0.556469 0.746154 0.0197813 0.0138928
0 0.626523 0.963648 0.0203906 0.0331702
0 0.681508 0.949569 0.0153594 0.0334033
0 0.589219 0.964732 0.0215312 0.0274592
0 0.693578 0.969231 0.0244375 0.0189744
0 0.547781 0.712273 0.010125 0.0248718
0 0.654266 0.974184 0.0230625 0.017366
0 0.564625 0.976667 0.0157188 0.0324476
0 0.550344 0.964476 0.0111875 0.0197669
0 0.661977 0.950991 0.0167969 0.0346154
0 0.679211 0.97542 0.00626562 0.0189977
0 0.595313 0.953427 0.0170625 0.0396737
0 0.539672 0.714207 0.007375 0.0275758
0 0.531125 0.738182 0.0139375 0.0138462
0 0.539766 0.992179 0.027375 0.0141026
0 0.544883 0.983333 0.0197969 0.0287179
