1 0.210461 0.613218 0.0823906 0.0598371
1 0.276891 0.519582 0.085625 0.0805499
1 0.324789 0.652974 0.112359 0.0579226
1 0.139695 0.590367 0.0678906 0.108228
1 0.0978594 0.543483 0.0399375 0.0795112
1 0.207953 0.560916 0.0794062 0.0833401
1 0.20275 0.649939 0.0466875 0.0502648
1 0.253969 0.654185 0.0602812 0.0554582
1 0.357305 0.570468 0.0438906 0.0413035
1 0.264375 0.585031 0.0366875 0.0929124
1 0.150164 0.540723 0.0637344 0.0670672
1 0.380336 0.610418 0.0374844 0.0437678
1 0.350758 0.622607 0.106953 0.0722607
1 0.27225 0.532637 0.0799688 0.0387576
1 0.189359 0.495418 0.080875 0.0626884
1 0.310609 0.582464 0.0601563 0.054053
1 0.0974766 0.597301 0.0265469 0.0360285
1 0.172328 0.644878 0.0366875 0.0298778
