0 0.658344 0.549047 0.045125 0.0499529
0 0.731023 0.656412 0.0400156 0.0384706
0 0.756141 0.725047 0.0453125 0.0294824
0 0.685414 0.782435 0.0110781 0.0448706
0 0.724711 0.554753 0.0330469 0.0476706
0 0.588234 0.693494 0.0300938 0.0377647
0 0.561344 0.522318 0.045125 0.0323059
0 0.712039 0.510518 0.0214531 0.105647
0 0.76443 0.6912 0.0285781 0.0285647
0 0.732492 0.426659 0.0237969 0.0793882
0 0.763383 0.452894 0.0410156 0.0562353
0 0.738859 0.473129 0.0449688 0.0518118
0 0.666734 0.678129 0.0424062 0.0372
0 0.699703 0.676247 0.023625 0.0470824
0 0.745539 0.629059 0.0481719 0.0315294
0 0.581094 0.626435 0.0434375 0.0388471
0 0.695859 0.625129 0.0228125 0.0559059
0 0.745109 0.596 0.0519063 0.0355765
0 0.699031 0.528894 0.0254063 0.0644706
0 0.578414 0.732435 0.0342344 0.0279294
0 0.653516 0.4458 0.0172813 0.0228471
0 0.612219 0.573918 0.0231562 0.0425647
0 0.603711 0.777047 0.0247031 0.0315529
0 0.619047 0.760694 0.0175313 0.0279294
0 0.736633 0.512259 0.0383594 0.0644235
0 0.671328 0.622306 0.0371875 0.036
0 0.626961 0.720388 0.0221406 0.0397412
0 0.722492 0.718341 0.0224844 0.0402588
0 0.61593 0.659871 0.0206094 0.0320706
0 0.758773 0.567212 0.0532656 0.0375765
0 0.578289 0.657035 0.0454219 0.0334118
0 0.61007 0.476835 0.0219844 0.0996471
0 0.681109 0.702212 0.0323437 0.0307765
0 0.67268 0.459482 0.0229844 0.0646118
0 0.638773 0.595741 0.0338906 0.0302588
0 0.706953 0.748541 0.0212188 0.0489412
0 0.732023 0.764729 0.0374844 0.0301647
0 0.715586 0.606953 0.0211406 0.0603059
0 0.629445 0.570353 0.0367344 0.0341176
0 0.593625 0.662682 0.0273438 0.0325647
0 0.756578 0.529894 0.044 0.0755529
0 0.591195 0.495953 0.0332031 0.0661647
0 0.710719 0.647388 0.0226875 0.0446118
0 0.575461 0.537259 0.0353594 0.0387529
0 0.702484 0.582965 0.02525 0.0370353
0 0.697609 0.473188 0.025625 0.0602118
0 0.570453 0.568071 0.0362813 0.0366588
0 0.607844 0.691894 0.0214375 0.0434118
0 0.650531 0.572976 0.0551562 0.0389412
0 0.647891 0.689365 0.0325312 0.0288
0 0.645219 0.784494 0.036625 0.0320471
0 0.656945 0.7672 0.0334219 0.0212235
0 0.651836 0.646059 0.0374531 0.0333882
0 0.588742 0.606082 0.0354219 0.0381882
0 0.562281 0.485 0.033375 0.0464235
0 0.681125 0.652812 0.0325625 0.0379059
0 0.598172 0.541024 0.0235 0.0338588
0 0.679539 0.553706 0.0374531 0.0401647
0 0.681813 0.738706 0.0355938 0.0440941
0 0.625258 0.540376 0.0383906 0.0345882
0 0.652055 0.751694 0.0272344 0.0241412
0 0.68468 0.511482 0.0201094 0.0635765
0 0.731023 0.683965 0.0271719 0.0416235
0 0.657734 0.722224 0.0321562 0.0254824
0 0.613359 0.800694 0.0184062 0.0516941
0 0.592289 0.579376 0.0228281 0.0550824
0 0.622969 0.512553 0.032625 0.0332
0 0.75132 0.679741 0.0321094 0.0416941
0 0.659695 0.614871 0.0490469 0.0292235
0 0.64007 0.677176 0.0335469 0.0235765
0 0.605297 0.714388 0.0388437 0.0370588
0 0.644195 0.491635 0.0346406 0.0590824
0 0.629305 0.788576 0.0231719 0.0436
0 0.616234 0.605435 0.0287813 0.0359059
0 0.729664 0.748624 0.0267969 0.0377647
0 0.656836 0.743635 0.0146406 0.0174353
0 0.665742 0.491412 0.0241719 0.0853647
0 0.643984 0.649871 0.0425625 0.0372
