1 0.72609 0.70988 0.07758 0.07432
1 0.91506 0.3944 0.06156 0.05648
1 0.92759 0.650867 0.03714 0.0350667
1 0.90158 0.339 0.06764 0.0616267
1 0.78831 0.456507 0.07574 0.0974933
1 0.82903 0.536507 0.07846 0.0826667
1 0.67398 0.361293 0.04996 0.0493067
1 0.7407 0.808507 0.0386 0.0392
1 0.95825 0.63188 0.03862 0.0545333
1 0.83341 0.6098 0.08686 0.0918133
1 0.83076 0.70808 0.07068 0.0919467
1 0.90363 0.540093 0.09022 0.09656
1 0.8848 0.481133 0.05144 0.0657867
1 0.92721 0.473973 0.05474 0.0796267
1 0.8899 0.284093 0.05108 0.0548533
1 0.7419 0.364213 0.03644 0.0452267
1 0.70268 0.800933 0.03524 0.05136
1 0.73516 0.3016 0.04652 0.07424
1 0.67599 0.50208 0.07082 0.108907
1 0.78821 0.72836 0.03358 0.0747467
1 0.7837 0.3708 0.03724 0.02976
1 0.7594 0.508173 0.0736 0.109573
1 0.84244 0.330133 0.0578 0.0676267
1 0.92165 0.774467 0.03682 0.0337333
1 0.73483 0.770493 0.0395 0.0430133
1 0.83367 0.292853 0.06342 0.0597333
1 0.8021 0.245573 0.05592 0.06112
1 0.77429 0.3186 0.06102 0.0900533
1 0.78156 0.805427 0.044 0.0393867
1 0.87163 0.739267 0.01966 0.0450933
1 0.68919 0.300813 0.05722 0.0804
1 0.72457 0.561853 0.06238 0.08952
1 0.87908 0.664773 0.06996 0.0756267
1 0.80857 0.281707 0.04306 0.0485867
1 0.75821 0.661053 0.08674 0.0626933
1 0.89653 0.620653 0.03346 0.04904
1 0.86489 0.269467 0.05034 0.04672
1 0.8809 0.71176 0.03816 0.0404267
1 0.69518 0.628787 0.05 0.08952
1 0.77104 0.40292 0.07168 0.0767733
1 0.84093 0.4396 0.03046 0.0336
1 0.95145 0.60668 0.03442 0.0598667
1 0.88139 0.424627 0.05422 0.0548533
1 0.7047 0.24204 0.03216 0.046
1 0.76308 0.744227 0.02988 0.0574133
1 0.82627 0.80296 0.04586 0.0326933
1 0.95274 0.7636 0.02568 0.0322667
1 0.69768 0.405747 0.06556 0.10712
1 0.92143 0.716387 0.04966 0.0831733
1 0.79675 0.354573 0.0373 0.0428
