0 0.500586 0.654195 0.0332031 0.0414483
0 0.933414 0.704483 0.0296719 0.0623448
0 0.913273 0.776701 0.0439531 0.0330805
0 0.575508 0.66954 0.0667969 0.0307586
0 0.489531 0.649034 0.0492812 0.0353103
0 0.723023 0.759782 0.0326094 0.0304138
0 0.729094 0.721483 0.0381563 0.0483448
0 0.648211 0.680506 0.0420156 0.0569195
0 0.849898 0.642563 0.0209219 0.0405287
0 0.760148 0.760897 0.0451719 0.0510345
0 0.720867 0.60731 0.0209219 0.072046
0 0.0731406 0.744264 0.0508125 0.0468276
0 0.534148 0.608644 0.0449844 0.0361379
0 0.880617 0.626207 0.0781094 0.0253793
0 0.527789 0.593264 0.0594531 0.027954
0 0.829055 0.735092 0.0478281 0.0487126
0 0.744336 0.618862 0.0271094 0.0606207
0 0.833945 0.679103 0.0312031 0.0505287
0 0.596172 0.685931 0.0436563 0.0577931
0 0.539852 0.660172 0.0259844 0.0452184
0 0.570156 0.570437 0.0510938 0.0351264
0 0.663711 0.65723 0.0552969 0.0341839
0 0.892891 0.795517 0.03475 0.0493793
0 0.685914 0.607563 0.0305156 0.0561379
0 0.829094 0.633287 0.0290938 0.0457011
0 0.528398 0.578471 0.0587656 0.0271954
0 0.871664 0.639736 0.0232031 0.0153793
0 0.668047 0.632276 0.046 0.0354023
0 0.762312 0.621966 0.0360625 0.0617241
0 0.924523 0.668253 0.0495156 0.0348506
0 0.0969297 0.779483 0.0599844 0.0753793
0 0.662813 0.739356 0.0289375 0.0212874
0 0.673867 0.692839 0.0303281 0.0455862
0 0.771047 0.721023 0.017625 0.0315172
0 0.814805 0.608138 0.0179531 0.0342989
0 0.882719 0.849379 0.0181562 0.0322299
0 0.0153906 0.772747 0.0307812 0.0669195
0 0.767789 0.783391 0.0320781 0.0287126
0 0.862937 0.793322 0.0275313 0.0485287
0 0.774703 0.632563 0.0258125 0.0422759
0 0.703711 0.74492 0.0235469 0.044092
0 0.740398 0.735851 0.0566719 0.0575402
0 0.613742 0.694184 0.0212969 0.0691034
0 0.544867 0.612138 0.0334531 0.0388966
0 0.790438 0.72208 0.0365313 0.0434253
0 0.90607 0.750874 0.0173906 0.0305287
0 0.765406 0.59692 0.0195312 0.0266667
0 0.813641 0.804448 0.0515 0.026092
0 0.705383 0.71869 0.0488281 0.0610575
0 0.88343 0.751586 0.0385469 0.0523218
0 0.482516 0.625563 0.0566562 0.0171954
0 0.701383 0.688149 0.0180469 0.0112414
0 0.636344 0.690759 0.0286563 0.0684138
0 0.0802188 0.770529 0.06175 0.0773333
0 0.914344 0.64677 0.0326562 0.0210805
0 0.915023 0.723333 0.0289531 0.0502529
0 0.735336 0.676609 0.0351406 0.0221379
0 0.753219 0.683437 0.0426562 0.0375862
0 0.813281 0.775563 0.03575 0.0341149
0 0.850258 0.682747 0.0357344 0.0477011
0 0.553633 0.617483 0.0237031 0.0482069
0 0.486008 0.615506 0.0578906 0.0264138
0 0.838352 0.788356 0.0364219 0.0357011
0 0.848867 0.761632 0.0349844 0.0416092
0 0.869789 0.665897 0.0269531 0.0284828
0 0.597133 0.711586 0.0155156 0.0210115
0 0.766258 0.691034 0.0395781 0.04
0 0.803906 0.753402 0.0566562 0.036046
0 0.694453 0.590828 0.019875 0.0338391
0 0.726648 0.691276 0.0214844 0.0112874
0 0.793898 0.631138 0.0141094 0.0381839
0 0.91625 0.827402 0.0245 0.0346667
0 0.812867 0.638851 0.0296406 0.0330115
0 0.810375 0.668299 0.0340312 0.0475402
0 0.83407 0.817862 0.0437344 0.0287356
0 0.865602 0.688724 0.0130781 0.0173563
0 0.519133 0.658253 0.0211406 0.0430805
0 0.601094 0.607793 0.0355938 0.0413793
0 0.824227 0.706655 0.0526719 0.0569425
0 0.703008 0.609494 0.0160781 0.0263908
0 0.701727 0.67246 0.0337969 0.029931
0 0.720828 0.662391 0.0361875 0.0188046
0 0.635055 0.623368 0.0290469 0.0456322
0 0.0203438 0.788333 0.0285938 0.0905057
0 0.579984 0.623598 0.0592812 0.0415402
0 0.652625 0.720034 0.0173125 0.0295402
0 0.919727 0.694678 0.0406094 0.0328046
0 0.856602 0.699115 0.0355781 0.0465517
0 0.682188 0.690138 0.0381875 0.0336092
0 0.482164 0.642172 0.0650781 0.0281149
0 0.784656 0.691092 0.0385313 0.0307816
0 0.888758 0.696575 0.0357344 0.0333333
0 0.616289 0.587103 0.0257969 0.0141149
0 0.581648 0.680943 0.0628906 0.0488736
0 0.943609 0.638356 0.023625 0.0654943
0 0.927328 0.755747 0.026 0.0428046
0 0.0103672 0.735874 0.0207344 0.0216782
0 0.864094 0.824747 0.0330625 0.0389655
0 0.649781 0.598609 0.0544063 0.0357011
