0 0.501906 0.801323 0.0151875 0.021007
0 0.467 0.742178 0.0104375 0.0212646
0 0.468703 0.775644 0.008375 0.0163934
0 0.424102 0.741663 0.00514063 0.00693208
0 0.423875 0.773618 0.00884375 0.0218501
0 0.479195 0.687237 0.0207344 0.0105855
0 0.448656 0.702951 0.01125 0.0115691
0 0.496914 0.77 0.00529688 0.0261358
0 0.423063 0.819473 0.0055 0.0186651
0 0.501773 0.745878 0.0143594 0.0189696
0 0.434758 0.817248 0.00495313 0.0289696
0 0.442805 0.704742 0.0104219 0.0166511
0 0.409586 0.702436 0.00823437 0.0212646
0 0.412805 0.656288 0.00735937 0.0176815
0 0.442383 0.667822 0.0158906 0.0135831
0 0.487336 0.772178 0.00614063 0.035644
0 0.471336 0.808466 0.0192344 0.0188993
0 0.452297 0.642096 0.0070625 0.0195082
0 0.480508 0.747869 0.00632812 0.0217799
0 0.486336 0.818349 0.00495313 0.025644
0 0.425656 0.707506 0.00975 0.0129508
0 0.402297 0.656019 0.0058125 0.024356
0 0.459805 0.639941 0.00714063 0.0199766
0 0.476953 0.66397 0.0071875 0.00845433
0 0.397555 0.66192 0.0111094 0.0177049
0 0.421531 0.667447 0.0189062 0.0246838
0 0.465563 0.633829 0.00484375 0.0168852
0 0.466875 0.680761 0.0136875 0.0101405
0 0.404258 0.684988 0.0134531 0.0171897
0 0.483844 0.749965 0.00640625 0.0201639
0 0.480367 0.818337 0.00751562 0.0269321
