1 0.334258 0.803802 0.0165469 0.0196875
1 0.235414 0.77326 0.0212344 0.0303542
1 0.148125 0.830125 0.0171875 0.0142917
1 0.257688 0.776417 0.0233125 0.0148333
1 0.215961 0.798927 0.0284844 0.0241458
1 0.30132 0.808292 0.0231719 0.0200417
1 0.241719 0.815552 0.0185312 0.0296875
1 0.221742 0.81975 0.0235469 0.031125
1 0.297469 0.824563 0.027625 0.031
1 0.284391 0.779188 0.0164063 0.0168333
1 0.166008 0.841958 0.0214844 0.0155833
1 0.245188 0.844187 0.0298438 0.0205833
1 0.195563 0.787219 0.0259375 0.0187708
1 0.181852 0.841958 0.0106094 0.0224583
1 0.154242 0.823948 0.0132031 0.0175208
1 0.341617 0.797521 0.0140156 0.0199167
