0 0.820292 0.590414 0.352375 0.216328
0 0.783552 0.757828 0.423187 0.330625
0 0.802198 0.695836 0.395604 0.292422
0 0.607385 0.730766 0.338021 0.399969
2 0.424031 0.129039 0.193396 0.115609
2 0.168865 0.103203 0.137771 0.123844
2 0.26775 0.0560312 0.124458 0.11
2 0.314448 0.116758 0.108771 0.0932969
2 0.492333 0.166711 0.133667 0.0969219
2 0.34626 0.198539 0.155562 0.108797
2 0.362896 0.285156 0.145667 0.106156
2 0.499698 0.246438 0.143021 0.140937
2 0.0732812 0.151703 0.146562 0.115
2 0.219865 0.16557 0.143104 0.126641
2 0.357344 0.0440234 0.196229 0.0717969
