2 0.64475 0.759638 0.0221875 0.0537681
2 0.783523 0.544545 0.0415469 0.0334369
2 0.844016 0.60853 0.042 0.0400828
2 0.606773 0.536304 0.0337344 0.0479296
2 0.595234 0.708437 0.043875 0.0566253
2 0.844328 0.67942 0.04775 0.0497308
2 0.708461 0.770735 0.0438906 0.0815528
2 0.693102 0.79146 0.0250781 0.034472
2 0.818641 0.640373 0.0369375 0.0330849
2 0.568727 0.701449 0.0392344 0.0418219
2 0.783391 0.756667 0.0757812 0.0718012
2 0.740258 0.765849 0.0593281 0.089089
2 0.611867 0.739669 0.0600156 0.0645963
2 0.667734 0.499938 0.0249375 0.0384679
2 0.739281 0.510621 0.0396562 0.0270393
2 0.581484 0.540311 0.0177813 0.0156522
2 0.759687 0.525714 0.0496562 0.0172257
2 0.711414 0.501708 0.0266719 0.0456522
2 0.810023 0.746242 0.0585781 0.0587371
2 0.821172 0.723592 0.0692187 0.0507867
2 0.547656 0.623282 0.0480938 0.041677
2 0.563891 0.663147 0.0465938 0.0382195
2 0.567172 0.570186 0.0379063 0.0425673
2 0.688211 0.502609 0.0193281 0.0223188
2 0.810508 0.601605 0.0489219 0.0289648
2 0.820945 0.619586 0.0315156 0.0356522
2 0.804078 0.574783 0.061 0.0356108
2 0.666203 0.760248 0.0375937 0.0713043
2 0.564203 0.597878 0.0450313 0.0543892
2 0.847438 0.644172 0.031125 0.0340994
