0 0.0816406 0.0620519 0.0328437 0.0405189
0 0.539273 0.236592 0.0156094 0.0561085
0 0.262883 0.225743 0.0127656 0.0371934
0 0.216422 0.257818 0.0096875 0.0289858
0 0.526375 0.237146 0.0165 0.0580189
0 0.202406 0.602465 0.010875 0.0175708
0 0.530305 0.601462 0.0151406 0.0361321
0 0.70632 0.605943 0.0122969 0.0490566
0 0.50225 0.597653 0.013375 0.0454953
0 0.802672 0.262583 0.0197813 0.0309198
0 0.0318437 0.593184 0.0147187 0.0279245
0 0.691406 0.52954 0.0238125 0.0630896
0 0.0884141 0.104351 0.0230156 0.0768632
0 0.423539 0.241557 0.0155156 0.0276415
0 0.396344 0.277358 0.0115937 0.0308019
0 0.367945 0.269281 0.00698437 0.0154009
0 0.765047 0.597854 0.04125 0.0333962
0 0.0319844 0.606297 0.0171875 0.0350943
0 0.555648 0.269328 0.0120469 0.0516745
0 0.542141 0.606887 0.0124688 0.0444811
0 0.0599531 0.146757 0.0142813 0.0516274
0 0.249906 0.242606 0.0148437 0.0546462
0 0.307969 0.585259 0.0180312 0.0192453
0 0.0249922 0.0971816 0.0178594 0.0763915
0 0.227164 0.248267 0.0217656 0.0494575
0 0.0291641 0.184328 0.0252344 0.0694575
0 0.290977 0.284929 0.0166719 0.0394811
0 0.812789 0.287358 0.0149219 0.0337264
0 0.0498125 0.589646 0.0225312 0.0524057
0 0.510398 0.574068 0.0128281 0.0324764
0 0.673977 0.6077 0.0200781 0.0461557
0 0.735133 0.598892 0.0151406 0.0228302
0 0.756062 0.619045 0.0293438 0.0421462
0 0.0436875 0.0339623 0.0204375 0.0548585
0 0.754172 0.30533 0.0164687 0.0273113
0 0.399828 0.199363 0.0156563 0.0253774
0 0.0454922 0.592535 0.0145469 0.0508726
0 0.223602 0.590943 0.0184219 0.0251415
0 0.0379609 0.586533 0.0198906 0.0494811
0 0.008625 0.569068 0.0168437 0.0420519
0 0.687883 0.597005 0.0137969 0.0416038
0 0.0120391 0.0539741 0.0174531 0.0737028
0 0.0393828 0.18638 0.0303281 0.0848349
0 0.0585859 0.0355189 0.0197344 0.0582075
0 0.257891 0.607288 0.0101875 0.0143396
0 0.769797 0.623208 0.0343125 0.0463679
0 0.275984 0.259764 0.0170625 0.0443396
0 0.757937 0.297406 0.0129375 0.0241038
0 0.752672 0.374976 0.0105 0.025
0 0.113453 0.589481 0.0284063 0.0317925
0 0.761016 0.340849 0.0091875 0.0275472
0 0.0118828 0.153762 0.0231406 0.0626179
0 0.0241328 0.0280425 0.0160156 0.0559434
0 0.0704141 0.112512 0.0222344 0.0782783
0 0.549422 0.248196 0.0103125 0.0452123
0 0.131227 0.594788 0.0249844 0.0415094
0 0.377695 0.575814 0.0234531 0.0382311
0 0.395336 0.219269 0.0120781 0.0331132
0 0.122992 0.615825 0.0258594 0.0471698
0 0.714219 0.582075 0.0169063 0.0337264
0 0.283391 0.606156 0.0142813 0.0215566
0 0.393094 0.583821 0.0144375 0.0511792
0 0.676953 0.512948 0.0192187 0.0515566
0 0.673711 0.543149 0.0297969 0.0509198
0 0.0448984 0.124611 0.0175156 0.0620519
0 0.635773 0.601026 0.00817188 0.0133255
0 0.0725547 0.0772288 0.0234844 0.0533255
0 0.383125 0.233125 0.0137813 0.0354009
0 0.286195 0.234493 0.0146406 0.028467
0 0.176867 0.590719 0.0100781 0.0213443
0 0.421898 0.578974 0.0197344 0.0430896
0 0.132078 0.62 0.022125 0.0507547
0 0.310016 0.603715 0.0199063 0.0243632
0 0.610703 0.624906 0.0194062 0.0487264
0 0.0343594 0.0512146 0.014125 0.0843632
0 0.104047 0.121439 0.0145 0.0586792
0 0.761203 0.582288 0.0343125 0.0232075
0 0.77768 0.263962 0.0154844 0.0351887
0 0.0137422 0.207229 0.0212656 0.0543632
0 0.488797 0.595 0.0125938 0.0335849
0 0.00311719 0.0798231 0.00623438 0.0433726
0 0.382672 0.594446 0.012125 0.041816
0 0.667586 0.554929 0.0182031 0.0246226
0 0.726289 0.541321 0.0131094 0.0214151
0 0.776086 0.61809 0.0362031 0.0393396
0 0.795352 0.272783 0.0147031 0.034717
0 0.715219 0.635755 0.01575 0.0379717
0 0.417406 0.590837 0.0109687 0.0377123
0 0.0425 0.150825 0.0273438 0.0759906
0 0.171914 0.606804 0.0108906 0.0225708
