0 0.876563 0.386394 0.0150625 0.0466026
0 0.483844 0.428157 0.015 0.0251282
0 0.677469 0.444022 0.018 0.0438462
0 0.794859 0.393013 0.0258437 0.0555769
0 0.397547 0.425769 0.03825 0.0833333
0 0.633008 0.383686 0.0344219 0.0634936
0 0.646883 0.451683 0.0133281 0.0437179
0 0.539156 0.384175 0.0430938 0.0748237
0 0.8035 0.40734 0.01475 0.0238462
0 0.848383 0.392171 0.0264219 0.0552724
0 0.665414 0.445232 0.0186719 0.0419071
0 0.900719 0.460625 0.031125 0.0321474
0 0.364031 0.439295 0.0224375 0.0903846
0 0.686727 0.383462 0.0395156 0.0797436
0 0.531297 0.449014 0.0521875 0.0561058
0 0.86918 0.454776 0.0297656 0.0361538
0 0.542758 0.423974 0.0369219 0.0204167
0 0.521383 0.44891 0.0257656 0.0310256
0 0.391969 0.505 0.032 0.0392308
0 0.886203 0.465769 0.0319063 0.0387179
0 0.706227 0.365769 0.0410156 0.0653846
0 0.496812 0.452612 0.0277187 0.0479487
0 0.562711 0.365625 0.0364844 0.0674038
0 0.732734 0.437949 0.0235 0.0287179
0 0.909172 0.450962 0.0395937 0.0265385
0 0.644625 0.426554 0.0185 0.0266667
0 0.696187 0.462268 0.0165 0.0314904
0 0.540797 0.488349 0.0267188 0.028141
0 0.796234 0.44891 0.0307812 0.0366987
0 0.744172 0.37113 0.0304375 0.0306891
0 0.544203 0.463734 0.038375 0.0598077
0 0.633461 0.380897 0.0755156 0.0279487
0 0.658445 0.388205 0.0457656 0.0489744
0 0.774102 0.456627 0.0247969 0.0508494
0 0.654016 0.447524 0.0131562 0.0390545
0 0.708609 0.446538 0.02575 0.0489744
0 0.404547 0.457067 0.049125 0.0888141
0 0.563805 0.394383 0.0413281 0.0494391
0 0.733984 0.376154 0.0165 0.0246154
0 0.689086 0.412756 0.0306719 0.0276603
0 0.521922 0.481298 0.0291875 0.0276923
0 0.379266 0.426907 0.0250937 0.0866026
0 0.723359 0.443333 0.01925 0.0384615
0 0.71025 0.41262 0.0257812 0.0177404
0 0.431453 0.439407 0.03575 0.0817949
0 0.865633 0.383333 0.0232656 0.0512821
0 0.874125 0.464968 0.0260312 0.0438782
0 0.916594 0.439832 0.0473125 0.0300801
0 0.838562 0.381026 0.0255 0.0517949
0 0.381234 0.484103 0.034 0.0471795
0 0.807813 0.386563 0.0232187 0.0588301
0 0.9135 0.448413 0.0322812 0.0194231
0 0.517945 0.398718 0.0605156 0.0594872
0 0.724281 0.410096 0.0424375 0.0309295
0 0.739086 0.398806 0.0370781 0.0277724
0 0.478914 0.448478 0.0261094 0.0509295
0 0.529656 0.366554 0.0498437 0.0685256
0 0.570391 0.447732 0.029125 0.0576122
0 0.771992 0.383462 0.0375156 0.0582051
0 0.646344 0.366538 0.02 0.024359
0 0.463937 0.436274 0.031125 0.0765865
0 0.494992 0.480817 0.0173281 0.0311218
0 0.664305 0.464439 0.0125781 0.0176603
0 0.741852 0.436186 0.0235156 0.0225641
0 0.464734 0.465072 0.0196563 0.0478365
0 0.690125 0.431971 0.01225 0.0258974
