0 0.577789 0.433061 0.132516 0.0973364
0 0.392273 0.688563 0.0766406 0.136098
0 0.445523 0.591834 0.0832969 0.115864
0 0.484523 0.242944 0.169141 0.214159
0 0.498117 0.381332 0.191734 0.107196
0 0.527797 0.586297 0.126531 0.105958
0 0.58968 0.606414 0.105516 0.101565
0 0.260742 0.588727 0.0623281 0.221612
0 0.34225 0.611273 0.0762188 0.114603
0 0.608047 0.649533 0.099 0.0942991
0 0.365656 0.487967 0.0800312 0.170047
0 0.591844 0.734463 0.0628438 0.0596262
0 0.416234 0.774147 0.0735625 0.14465
0 0.447055 0.470164 0.122109 0.142617
0 0.494055 0.467593 0.185391 0.146355
0 0.535617 0.697231 0.107453 0.131285
0 0.207297 0.398738 0.168031 0.163224
0 0.484805 0.750771 0.0662656 0.0482243
0 0.496219 0.287944 0.195687 0.157944
0 0.558852 0.313423 0.0472031 0.031285
0 0.330164 0.739685 0.0798906 0.153154
0 0.283609 0.677675 0.0863125 0.211145
0 0.608289 0.522956 0.0712969 0.0706776
0 0.575531 0.337044 0.08 0.0775
0 0.268266 0.674568 0.0825 0.235864
0 0.626844 0.556157 0.0163125 0.0235748
0 0.573266 0.519942 0.0830625 0.0649299
0 0.456086 0.673843 0.0988594 0.126145
0 0.292375 0.51382 0.0892187 0.0998832
0 0.554664 0.210386 0.0178594 0.018715
