0 0.529508 0.281987 0.00417188 0.00652997
0 0.353648 0.257579 0.0188906 0.0146215
0 0.414258 0.278517 0.00979688 0.0231546
0 0.528852 0.279361 0.00210938 0.00506309
0 0.355227 0.309685 0.0102656 0.0192429
0 0.275336 0.29862 0.0239844 0.00903785
0 0.392234 0.295363 0.0223125 0.0081388
0 0.399289 0.288186 0.0125469 0.0120505
0 0.301961 0.271491 0.0147031 0.0124132
0 0.568859 0.271396 0.0050625 0.00843849
0 0.401703 0.308793 0.0095625 0.012571
0 0.41832 0.245268 0.00501563 0.00842271
0 0.565859 0.279787 0.00721875 0.00421136
0 0.509141 0.263226 0.0029375 0.00339117
0 0.472469 0.279085 0.00646875 0.0225237
0 0.469758 0.301033 0.0100156 0.00654574
0 0.461898 0.291128 0.00979688 0.0139274
0 0.481445 0.266207 0.00454688 0.00764984
0 0.380773 0.279456 0.0166406 0.0141167
0 0.328187 0.256057 0.00775 0.00719243
0 0.41957 0.266948 0.0162656 0.0117823
0 0.463687 0.254416 0.0135625 0.00567823
0 0.303492 0.309795 0.00467188 0.0174132
0 0.431914 0.27653 0.0188594 0.00788644
0 0.378578 0.263226 0.020875 0.0159148
