0 0.348645 0.858141 0.0128972 0.0133125
0 0.798949 0.844031 0.0496729 0.0125938
0 0.470748 0.797977 0.0711682 0.0174531
0 0.391355 0.819797 0.0125701 0.0234375
0 0.748329 0.784148 0.0454907 0.0251406
0 0.577827 0.9145 0.0179907 0.0199375
0 0.717535 0.821805 0.0484346 0.00926562
0 0.704568 0.897789 0.0296963 0.0102656
0 0.894708 0.589211 0.0250701 0.00801563
0 0.5125 0.852461 0.0308411 0.0421719
0 0.67965 0.778602 0.0236916 0.0188594
0 0.782862 0.698797 0.0441822 0.0230625
0 0.64778 0.718813 0.0400935 0.0165937
0 0.381145 0.827273 0.0165421 0.0258906
0 0.441589 0.84432 0.00654206 0.0227344
0 0.647138 0.784109 0.0224065 0.0312187
0 0.901437 0.756523 0.0123598 0.0149219
0 0.775152 0.698945 0.0351168 0.0223594
0 0.639766 0.850578 0.0620561 0.0255937
0 0.785397 0.77243 0.0452804 0.0166719
0 0.597068 0.755992 0.0555841 0.00695313
0 0.839241 0.804438 0.0609579 0.0106875
0 0.805724 0.747766 0.0493458 0.0180625
0 0.382956 0.752641 0.0559579 0.0300938
0 0.324498 0.851234 0.0243692 0.02175
0 0.837255 0.719711 0.0391822 0.00970312
0 0.255409 0.808555 0.0246028 0.0245781
0 0.408283 0.751141 0.0606308 0.0165937
0 0.501086 0.856898 0.0183411 0.0314219
0 0.715304 0.827008 0.0549065 0.0129531
0 0.766098 0.786367 0.0581776 0.0207969
0 0.865701 0.594 0.015514 0.018125
0 0.546227 0.736227 0.058528 0.0163281
0 0.842512 0.755664 0.0410981 0.00839063
0 0.614299 0.746 0.0127103 0.0145313
0 0.713119 0.750672 0.028014 0.02425
0 0.712547 0.832992 0.0557009 0.0209531
0 0.343715 0.646875 0.0172897 0.0099375
0 0.737091 0.747227 0.0499766 0.0180781
0 0.41896 0.798734 0.0560981 0.0340625
0 0.881752 0.736281 0.0491589 0.0187187
0 0.595537 0.795609 0.0489252 0.00590625
0 0.543166 0.742578 0.0594626 0.0152187
0 0.76354 0.716375 0.0369393 0.0146563
0 0.568738 0.774297 0.0370093 0.0272188
0 0.734416 0.870352 0.0492991 0.0336094
0 0.563049 0.916969 0.0198832 0.0190625
0 0.666998 0.710172 0.0384346 0.0065
0 0.301951 0.839102 0.0125467 0.0330781
0 0.573236 0.807344 0.0585748 0.0172813
0 0.826752 0.597914 0.00957944 0.0141094
0 0.79243 0.829875 0.0551869 0.0207813
0 0.554322 0.826516 0.0514486 0.0354063
0 0.732745 0.734289 0.0347897 0.0168281
0 0.494357 0.854359 0.0189953 0.0424375
0 0.318014 0.830063 0.0213551 0.0268437
0 0.786086 0.739109 0.0267056 0.0110312
0 0.652044 0.846477 0.0714252 0.0247344
0 0.594591 0.770227 0.0500701 0.0124219
0 0.880152 0.746547 0.0679206 0.017125
0 0.475374 0.844375 0.0260748 0.0283438
0 0.817629 0.824836 0.0540421 0.0114219
0 0.321051 0.812961 0.0142991 0.0212031
0 0.763458 0.861125 0.0701869 0.0159688
0 0.785479 0.754102 0.0357243 0.0104844
0 0.818843 0.853836 0.028528 0.00842187
0 0.602792 0.854414 0.0391822 0.0410156
0 0.790748 0.734734 0.0442523 0.01225
0 0.56986 0.903375 0.0168224 0.0138437
0 0.43729 0.882766 0.021028 0.0298438
0 0.78979 0.851266 0.0227103 0.0090625
0 0.288785 0.847445 0.018785 0.0344844
0 0.852523 0.762789 0.0584579 0.00817188
0 0.59521 0.789781 0.056729 0.0104688
0 0.385187 0.840398 0.0256075 0.0296094
0 0.453598 0.804352 0.0489252 0.0277969
0 0.927173 0.740578 0.0149065 0.0258125
0 0.667488 0.934227 0.0344159 0.0201094
0 0.855117 0.718016 0.051215 0.0141875
0 0.226741 0.8065 0.0198364 0.0231875
0 0.759533 0.823625 0.0361682 0.0322188
0 0.199416 0.793672 0.0330841 0.0123438
0 0.565736 0.816484 0.0596495 0.0182812
0 0.309229 0.847938 0.0271028 0.0304375
0 0.48007 0.777281 0.0526168 0.0274063
0 0.824136 0.743461 0.0373832 0.0116719
0 0.827944 0.739648 0.0227103 0.0265156
0 0.484007 0.8865 0.0291822 0.0145937
0 0.758832 0.846875 0.020514 0.0088125
0 0.58646 0.77225 0.049229 0.0234688
0 0.844965 0.72482 0.0428271 0.0213906
0 0.277745 0.80132 0.0255841 0.0198906
0 0.495152 0.742453 0.014229 0.0107188
0 0.826028 0.725906 0.0314953 0.0116875
0 0.852652 0.778477 0.0368925 0.0229844
0 0.648446 0.845266 0.0685748 0.0192187
0 0.279907 0.817703 0.0130841 0.0141563
0 0.218107 0.786234 0.0318692 0.009
0 0.525748 0.768344 0.0725701 0.012
0 0.659346 0.795289 0.0148131 0.0114531
0 0.77125 0.745375 0.0251636 0.0138125
0 0.762301 0.839414 0.0367056 0.0248594
0 0.562407 0.822406 0.0541589 0.0228125
0 0.431659 0.847969 0.0198598 0.0260625
0 0.374042 0.8375 0.0154673 0.02375
0 0.70514 0.864273 0.0266822 0.0287656
0 0.716928 0.797594 0.0482009 0.0420312
0 0.640946 0.938336 0.0317991 0.0187344
0 0.60146 0.764563 0.051986 0.009625
0 0.928879 0.754812 0.0458879 0.0122813
0 0.28132 0.836859 0.0301636 0.0199688
0 0.411834 0.875898 0.0222196 0.0100156
0 0.4809 0.720195 0.0593692 0.0121719
0 0.365012 0.675531 0.040257 0.01075
0 0.626542 0.73832 0.0247196 0.0105156
0 0.518984 0.84832 0.0364252 0.0395156
0 0.421682 0.763469 0.0293458 0.0109375
0 0.592161 0.850695 0.0458178 0.0378594
0 0.834883 0.810586 0.0575701 0.0180156
0 0.291262 0.798641 0.0215421 0.0187187
0 0.594591 0.912867 0.0208645 0.0198281
0 0.795 0.756062 0.0378505 0.0115312
0 0.336449 0.833344 0.0118692 0.009625
0 0.280117 0.707898 0.0270093 0.00973437
0 0.518166 0.886164 0.0723131 0.0190156
0 0.837325 0.796062 0.0606308 0.0141563
0 0.204661 0.798117 0.0342757 0.0145469
0 0.471951 0.788359 0.0628738 0.01925
0 0.420724 0.732391 0.0414486 0.0150625
0 0.673446 0.784352 0.0199766 0.0277031
0 0.661963 0.922578 0.0266822 0.0155
0 0.754685 0.696781 0.0244159 0.0233125
0 0.339369 0.665734 0.0370561 0.0122813
0 0.633925 0.925531 0.0430841 0.016875
0 0.673843 0.731969 0.0254439 0.0196875
0 0.649626 0.83925 0.0565421 0.0163125
0 0.512173 0.774359 0.0521495 0.0168437
0 0.468598 0.887664 0.0112617 0.0177344
0 0.512617 0.890297 0.0655607 0.0244062
0 0.726449 0.796852 0.045514 0.0384844
0 0.458154 0.842344 0.0318692 0.0324375
0 0.725829 0.749133 0.0330607 0.0207031
0 0.671963 0.712273 0.0521495 0.00851563
0 0.682804 0.774203 0.025 0.0120313
0 0.833633 0.602656 0.0096028 0.0104688
0 0.632348 0.746492 0.0215654 0.0119531
0 0.670222 0.741688 0.0185748 0.00971875
0 0.405047 0.758406 0.025 0.0318437
0 0.62479 0.851281 0.0598598 0.0444688
0 0.605327 0.744188 0.0231308 0.0229062
0 0.329147 0.651141 0.0262383 0.011
0 0.818505 0.817211 0.0494393 0.0192656
0 0.684381 0.729688 0.0182944 0.0135937
0 0.668949 0.755336 0.046729 0.0152969
0 0.717103 0.885852 0.0387383 0.0159531
0 0.746437 0.867062 0.0488084 0.025125
0 0.390678 0.746063 0.0035514 0.0065625
0 0.798049 0.761977 0.0511449 0.0108594
0 0.544521 0.732594 0.0533879 0.0117188
0 0.497827 0.777438 0.0470093 0.0219375
0 0.660082 0.806805 0.0609112 0.0174531
