2 0.304977 0.432185 0.0262344 0.0467056
2 0.195523 0.436787 0.0188594 0.0313318
2 0.233359 0.339136 0.0307187 0.0241589
2 0.206711 0.377185 0.0235469 0.033715
2 0.250727 0.34243 0.0212344 0.0468224
2 0.31357 0.376215 0.0372969 0.0343925
2 0.191922 0.405829 0.0365625 0.033715
2 0.292422 0.403364 0.0564375 0.032243
2 0.300555 0.311086 0.0483281 0.0249299
2 0.285664 0.333657 0.0231406 0.0197897
2 0.260344 0.343925 0.0100625 0.0146262
2 0.232477 0.419848 0.0141094 0.0283411
2 0.219297 0.411893 0.0180937 0.0321028
2 0.178797 0.46715 0.0357813 0.0406075
2 0.290055 0.280783 0.0458281 0.0425935
2 0.183695 0.428867 0.0263906 0.0271262
2 0.228891 0.365526 0.0248125 0.0406308
2 0.280187 0.360923 0.0151562 0.023014
2 0.17607 0.395748 0.0126094 0.0269159
2 0.256461 0.382348 0.0328281 0.0366589
2 0.248289 0.427278 0.0329219 0.0557243
2 0.272227 0.477278 0.0189844 0.0281542
2 0.222711 0.478773 0.0353906 0.0537617
2 0.188516 0.368143 0.0577187 0.0461449
2 0.22375 0.396402 0.0393125 0.0390187
2 0.191945 0.385374 0.0194844 0.0236916
2 0.279062 0.441787 0.0285 0.033715
2 0.214688 0.319638 0.0352188 0.0343224
2 0.264906 0.445023 0.025 0.0414486
