2 0.547758 0.593571 0.0369844 0.0395082
2 0.401883 0.458068 0.0372656 0.045644
2 0.599828 0.577998 0.028375 0.0574473
2 0.37875 0.404356 0.0381875 0.0369087
2 0.528266 0.628934 0.0621563 0.0334192
2 0.475078 0.591768 0.0355938 0.0681733
2 0.626797 0.584391 0.0100625 0.0105621
2 0.63325 0.544988 0.01975 0.0107728
2 0.35493 0.456171 0.0401094 0.0457845
2 0.612719 0.562576 0.0199063 0.0436534
2 0.522234 0.605468 0.021875 0.0234426
2 0.571187 0.602096 0.0377813 0.0640984
2 0.499469 0.608993 0.0321875 0.0251522
2 0.432938 0.421733 0.042125 0.0470726
2 0.425813 0.385082 0.018875 0.0500703
2 0.557937 0.562178 0.038125 0.0161593
2 0.484891 0.553091 0.0228125 0.0273536
2 0.649062 0.58493 0.0261562 0.0369321
2 0.509133 0.580211 0.0441094 0.0311944
