0 0.504461 0.899825 0.0321094 0.0709579
0 0.479281 0.931612 0.02375 0.0398131
0 0.453211 0.933867 0.0460469 0.0329206
0 0.503922 0.695175 0.0698125 0.0543692
0 0.390117 0.838563 0.0802969 0.0535748
0 0.636633 0.797745 0.0307969 0.101332
0 0.619719 0.875981 0.0873125 0.0700935
0 0.465547 0.785152 0.0560312 0.0446495
0 0.393 0.93035 0.0609688 0.0495327
0 0.408227 0.875841 0.0975469 0.0501869
0 0.394563 0.7875 0.0546875 0.0710748
0 0.530992 0.773984 0.0376406 0.10778
0 0.371937 0.79347 0.0318437 0.0544159
0 0.481578 0.784217 0.0629375 0.0538551
0 0.52243 0.705818 0.0828594 0.0856075
0 0.461156 0.905129 0.036875 0.0371262
0 0.424781 0.950701 0.0432188 0.03
0 0.528383 0.650164 0.0708906 0.0499065
0 0.464531 0.83979 0.03825 0.0958879
0 0.546078 0.927453 0.0407187 0.0799533
0 0.560891 0.943551 0.0712187 0.0673364
0 0.621828 0.766787 0.0141563 0.0439953
0 0.599992 0.924603 0.0420781 0.0334112
0 0.48943 0.879579 0.0186719 0.0728037
0 0.408805 0.83715 0.0579844 0.0474299
0 0.512969 0.85743 0.0290938 0.0716822
0 0.566883 0.867231 0.0773594 0.0795093
0 0.422531 0.96604 0.0392813 0.029743
0 0.518555 0.746495 0.0653281 0.0792523
0 0.588055 0.78347 0.0398281 0.0981542
0 0.40032 0.766028 0.0577969 0.0453738
0 0.545562 0.917769 0.0680625 0.0389019
0 0.607008 0.779696 0.0184844 0.0240654
0 0.431844 0.8009 0.036125 0.0415654
0 0.578305 0.950771 0.0459531 0.0255607
0 0.517484 0.830713 0.0747188 0.0449299
0 0.411898 0.755234 0.0788906 0.048972
0 0.554352 0.768119 0.0338281 0.1025
0 0.610359 0.838715 0.0385937 0.06
0 0.394664 0.902512 0.0736719 0.0667991
0 0.47375 0.976203 0.0361875 0.029743
0 0.464039 0.746928 0.0542031 0.0348832
0 0.5535 0.860374 0.0696875 0.0835981
