0 0.125 0.06095 0.06632 0.04386
0 0.213213 0.66569 0.11384 0.04742
0 0.453413 0.93675 0.08576 0.1265
0 0.974187 0.418 0.0492267 0.02872
0 0.6508 0.13065 0.03616 0.05854
0 0.3942 0.28103 0.03032 0.02434
0 0.358467 0.38218 0.174693 0.05204
0 0.587413 0.19526 0.120693 0.0418
0 0.673813 0.80752 0.180373 0.14012
0 0.0996267 0.49412 0.08576 0.04424
0 0.88708 0.18767 0.101093 0.0719
0 0.694067 0.33099 0.0921333 0.03054
0 0.464613 0.25749 0.121707 0.04026
0 0.710627 0.53603 0.12984 0.08766
0 0.59256 0.09826 0.0410133 0.0564
0 0.701347 0.6132 0.163067 0.10128
0 0.38476 0.35595 0.163067 0.07186
0 0.575333 0.36176 0.184747 0.09612
0 0.22032 0.56962 0.18736 0.11924
0 0.286147 0.07851 0.0871733 0.0477
0 0.49788 0.20458 0.0752267 0.06332
0 0.33664 0.12295 0.133013 0.04282
0 0.831653 0.15288 0.0613333 0.08464
0 0.983027 0.96072 0.0334133 0.07776
0 0.530627 0.72896 0.195013 0.0978
0 0.331707 0.94946 0.22 0.10108
0 0.46308 0.07313 0.0451467 0.0477
0 0.0424533 0.41038 0.0591467 0.05
0 0.1658 0.38026 0.202 0.0518
0 0.1094 0.53762 0.0953867 0.0536
0 0.767453 0.43944 0.0934667 0.07044
0 0.244653 0.15869 0.119653 0.04282
0 0.550427 0.65899 0.180107 0.0587
0 0.4092 0.20936 0.112 0.03788
0 0.810387 0.36661 0.11304 0.04822
0 0.71212 0.3897 0.03336 0.07636
0 0.1348 0.19704 0.120427 0.04324
0 0.139693 0.44077 0.192027 0.04506
0 0.19844 0.15145 0.05496 0.02206
0 0.137613 0.30815 0.180507 0.0477
0 0.708093 0.14513 0.0950667 0.06822
0 0.680653 0.49269 0.174 0.05666
0 0.4666 0.50569 0.1356 0.07018
0 0.764093 0.09084 0.0305333 0.03964
0 0.4288 0.41578 0.18336 0.05564
0 0.497 0.71477 0.191173 0.0835
0 0.251507 0.47308 0.24584 0.07976
0 0.795133 0.63597 0.10632 0.11846
0 0.5158 0.31554 0.138427 0.05208
0 0.107667 0.13026 0.110427 0.04
0 0.701253 0.22384 0.0560533 0.02616
0 0.269613 0.0861 0.0874933 0.03184
0 0.643013 0.43492 0.157493 0.04896
0 0.986827 0.19109 0.0258133 0.06094
0 0.934293 0.93309 0.0919467 0.13382
0 0.913787 0.18833 0.0709867 0.0715
0 0.493987 0.5409 0.13368 0.04796
0 0.18012 0.25896 0.129893 0.0326
0 0.29728 0.55664 0.228427 0.11716
0 0.16936 0.56282 0.09104 0.05428
0 0.639787 0.24296 0.13104 0.07308
0 0.46732 0.63628 0.226 0.10076
0 0.86624 0.18076 0.11888 0.05648
0 0.31972 0.05242 0.0219467 0.01732
0 0.259293 0.0426 0.03128 0.01852
0 0.984933 0.11423 0.00922667 0.02538
0 0.122133 0.15966 0.111467 0.04692
0 0.636627 0.52595 0.168453 0.04874
0 0.189947 0.28482 0.13312 0.06488
0 0.0912267 0.11304 0.105707 0.03164
0 0.928787 0.52647 0.105467 0.0873
0 0.21724 0.13615 0.0998133 0.0359
0 0.463627 0.60058 0.235947 0.08008
0 0.486493 0.17659 0.06632 0.03822
0 0.859187 0.9394 0.166373 0.1198
0 0.20936 0.19196 0.0432 0.02328
0 0.178613 0.45985 0.0817067 0.03642
0 0.33436 0.25338 0.135067 0.05488
0 0.60128 0.25907 0.138187 0.04338
0 0.87896 0.52867 0.102507 0.09034
0 0.513813 0.08333 0.0557333 0.0805
0 0.133627 0.15909 0.09872 0.05798
0 0.54912 0.14391 0.0850133 0.06726
0 0.291613 0.20268 0.139867 0.05952
0 0.84936 0.81478 0.137173 0.18504
0 0.956947 0.50795 0.0861067 0.0619
0 0.478093 0.1382 0.11144 0.02872
0 0.762107 0.54846 0.0755733 0.07692
0 0.405733 0.1786 0.13232 0.04192
0 0.822453 0.43949 0.0611733 0.06206
0 0.958667 0.77135 0.0808533 0.18638
0 0.763987 0.13483 0.0704267 0.03974
0 0.26216 0.60208 0.230613 0.11712
0 0.184587 0.88936 0.225973 0.0736
0 0.876733 0.15461 0.0745333 0.0559
0 0.136347 0.8396 0.171307 0.06836
0 0.77996 0.68252 0.126747 0.12012
0 0.604747 0.27236 0.0817067 0.01796
0 0.525907 0.14438 0.0788533 0.05152
0 0.406667 0.12359 0.0493867 0.02778
0 0.616293 0.25424 0.136107 0.05144
0 0.268347 0.50348 0.250453 0.08368
0 0.04276 0.38763 0.0409333 0.0379
0 0.0272933 0.13089 0.04728 0.02874
0 0.949053 0.8012 0.0683467 0.12832
0 0.485293 0.14441 0.10392 0.02306
0 0.392627 0.31871 0.14392 0.06974
0 0.185707 0.06065 0.0420267 0.05826
0 0.718013 0.18012 0.0895733 0.04436
0 0.813293 0.52223 0.0820533 0.07306
0 0.327493 0.59603 0.211627 0.11718
0 0.26828 0.81017 0.290587 0.08206
0 0.915187 0.58565 0.1388 0.11846
0 0.85748 0.9834 0.0449333 0.0332
0 0.517773 0.5243 0.0857333 0.03224
0 0.481013 0.65837 0.20592 0.08598
0 0.7002 0.17474 0.0908533 0.04516
0 0.243667 0.16923 0.100987 0.03694
0 0.165587 0.06568 0.0561333 0.06304
0 0.66556 0.30709 0.143067 0.02754
0 0.677773 0.08894 0.0379467 0.029
0 0.72068 0.61608 0.03864 0.0218
0 0.632907 0.55488 0.0864 0.05204
0 0.368707 0.89186 0.228773 0.10648
0 0.591587 0.36897 0.1012 0.03078
0 0.44208 0.11044 0.0742933 0.0314
0 0.83632 0.4126 0.0703467 0.0322
0 0.329093 0.72156 0.17104 0.15064
0 0.54212 0.08114 0.0324533 0.06296
0 0.696267 0.11312 0.0364267 0.04272
0 0.852253 0.5626 0.143707 0.08
0 0.280267 0.31979 0.0817067 0.04718
0 0.115387 0.46318 0.0827733 0.02712
0 0.522907 0.2271 0.05232 0.03204
0 0.11508 0.08526 0.1092 0.05176
0 0.445267 0.2891 0.0430667 0.03512
0 0.756493 0.18163 0.03928 0.04418
0 0.1256 0.18492 0.136427 0.04768
0 0.787867 0.33131 0.136907 0.04758
0 0.366213 0.14513 0.120907 0.0333
0 0.0497733 0.34556 0.0469067 0.03264
0 0.781333 0.81128 0.12992 0.15076
0 0.699107 0.085 0.0153867 0.02384
0 0.870307 0.1233 0.03896 0.03512
0 0.711907 0.14138 0.0662667 0.03192
0 0.959027 0.47127 0.0815733 0.03066
0 0.955653 0.41739 0.0886933 0.05962
0 0.976587 0.90099 0.044 0.07274
0 0.0642533 0.15954 0.0687733 0.01732
0 0.497067 0.08321 0.0516267 0.0659
0 0.689813 0.20963 0.0985067 0.05582
0 0.09912 0.24269 0.1248 0.03206
0 0.0912133 0.2496 0.0440267 0.0186
0 0.186453 0.4038 0.196213 0.04844
0 0.439427 0.76202 0.0589067 0.05684
0 0.0902533 0.23617 0.13944 0.0411
0 0.98416 0.5502 0.03168 0.05972
0 0.978773 0.13434 0.0233067 0.05024
0 0.218773 0.43487 0.164427 0.03334
0 0.416067 0.42875 0.144827 0.04598
0 0.365493 0.31757 0.149813 0.0351
0 0.842533 0.38577 0.0964267 0.04282
0 0.77716 0.35737 0.120453 0.04146
0 0.770507 0.46449 0.0784 0.06058
0 0.558773 0.47108 0.0402667 0.03184
0 0.942747 0.6484 0.0749867 0.0866
0 0.118907 0.58267 0.0374933 0.04374
0 0.655333 0.46374 0.189387 0.05336
0 0.5484 0.17115 0.0333333 0.01562
0 0.0531467 0.21436 0.07248 0.03744
0 0.21256 0.23386 0.03568 0.03916
0 0.110773 0.10898 0.116747 0.05464
0 0.252853 0.31527 0.0251733 0.01422
0 0.92428 0.10992 0.03624 0.0264
0 0.871053 0.69179 0.06904 0.07086
0 0.318253 0.27181 0.125467 0.04414
0 0.289067 0.22941 0.13264 0.06434
0 0.91724 0.10487 0.026 0.01742
0 0.515693 0.77616 0.20376 0.11436
0 0.784427 0.16515 0.0209067 0.01994
0 0.746187 0.12753 0.0208 0.03614
0 0.20604 0.0537 0.0421067 0.05428
0 0.29028 0.35306 0.0713333 0.03752
0 0.756133 0.08475 0.0267733 0.02662
0 0.79132 0.30505 0.13016 0.04078
0 0.20904 0.20658 0.0263467 0.02872
0 0.883947 0.43416 0.0557333 0.03256
0 0.24088 0.09383 0.100693 0.02166
0 0.287693 0.04159 0.0273333 0.01078
0 0.53736 0.91793 0.127253 0.1375
0 0.96312 0.59633 0.0737067 0.10454
0 0.257067 0.1141 0.07216 0.02256
0 0.781027 0.18446 0.04232 0.05036
0 0.522693 0.35072 0.07808 0.05884
0 0.43852 0.24851 0.100933 0.02986
0 0.51724 0.57128 0.143227 0.0636
0 0.0338133 0.34269 0.0448 0.04334
0 0.727133 0.66846 0.120613 0.14444
0 0.157107 0.3217 0.175173 0.0414
0 0.47248 0.38565 0.0246933 0.02646
0 0.34412 0.09435 0.02568 0.01502
0 0.331187 0.42567 0.05976 0.03734
0 0.611947 0.28231 0.0690667 0.0205
0 0.2786 0.38577 0.0177867 0.01358
0 0.06288 0.42513 0.0810133 0.04974
0 0.58356 0.50257 0.09848 0.0477
0 0.04732 0.08864 0.0577867 0.02588
0 0.587667 0.07346 0.0174133 0.01308
0 0.5348 0.20095 0.0884267 0.05014
0 0.17228 0.77449 0.21928 0.0633
0 0.23752 0.04803 0.0382933 0.02598
0 0.95344 0.12722 0.0206933 0.04136
0 0.0915467 0.26809 0.0579733 0.0231
0 0.297027 0.07279 0.0824267 0.05954
0 0.911253 0.66201 0.02352 0.06122
0 0.59616 0.20912 0.11056 0.03272
0 0.25016 0.10084 0.0861333 0.02172
0 0.589107 0.61705 0.0217333 0.0281
0 0.792347 0.13784 0.0385067 0.05588
0 0.15988 0.36094 0.210267 0.05448
0 0.624427 0.13354 0.0655467 0.06212
0 0.789373 0.39296 0.113893 0.04496
0 0.348693 0.41152 0.0984533 0.04044
0 0.63544 0.08539 0.0410133 0.03334
0 0.285493 0.185 0.1416 0.0498
0 0.731253 0.28893 0.05472 0.02226
0 0.19852 0.73231 0.21912 0.07642
0 0.231493 0.1268 0.0852267 0.026
0 0.589133 0.09719 0.0225867 0.04238
0 0.91548 0.77737 0.11912 0.2243
0 0.62032 0.42782 0.160693 0.06488
0 0.0292133 0.32513 0.0403467 0.03334
0 0.60204 0.39395 0.1996 0.09442
0 0.54272 0.23674 0.0706133 0.02592
0 0.0364667 0.14247 0.0452 0.02826
0 0.520653 0.28667 0.15624 0.06154
0 0.986573 0.72004 0.02504 0.09852
0 0.74868 0.92989 0.17512 0.13694
0 0.559733 0.08218 0.0541867 0.0836
0 0.53224 0.96298 0.0972267 0.07316
0 0.241773 0.06459 0.0201333 0.01398
0 0.609427 0.12712 0.0730933 0.04024
0 0.943107 0.1839 0.0431733 0.07708
0 0.71656 0.965 0.126827 0.06896
0 0.29564 0.31958 0.0366133 0.02512
0 0.28444 0.73915 0.2316 0.10778
0 0.140493 0.21795 0.122053 0.04666
0 0.88552 0.15487 0.08 0.05794
0 0.966813 0.44359 0.0646133 0.03642
0 0.864933 0.64923 0.0865067 0.12614
0 0.121533 0.29687 0.175867 0.04786
0 0.353253 0.16477 0.0649067 0.01478
0 0.42708 0.69855 0.07224 0.03586
0 0.465987 0.46851 0.16376 0.08358
0 0.0538533 0.19812 0.05128 0.01872
0 0.7132 0.11972 0.0312 0.051
0 0.230507 0.93181 0.189387 0.09846
0 0.437213 0.44468 0.160827 0.06744
0 0.880947 0.12571 0.0371467 0.05094
0 0.625613 0.09538 0.0277067 0.05128
0 0.81176 0.14461 0.0376 0.08102
0 0.670427 0.09594 0.0188267 0.03128
0 0.428973 0.21588 0.0614667 0.01412
0 0.67456 0.07557 0.0441067 0.02334
0 0.64688 0.97718 0.0374933 0.04564
0 0.866413 0.46782 0.0356533 0.04
0 0.41248 0.13916 0.0394133 0.0238
0 0.714813 0.08568 0.03144 0.0412
0 0.622973 0.93001 0.0904267 0.13986
0 0.415613 0.23013 0.102213 0.02486
0 0.31124 0.85024 0.26552 0.09348
0 0.916413 0.46658 0.0552267 0.0384
0 0.80348 0.09762 0.0286667 0.0238
0 0.330653 0.63864 0.0600267 0.03204
0 0.773013 0.11713 0.01824 0.03558
0 0.73632 0.83031 0.0791467 0.08222
0 0.167693 0.35328 0.205147 0.07416
0 0.158867 0.07508 0.0646133 0.06064
0 0.990213 0.11582 0.0184533 0.03308
0 0.345373 0.65129 0.04568 0.02994
