0 0.502344 0.681927 0.0180625 0.0479375
0 0.380625 0.630625 0.0232187 0.0372917
0 0.609555 0.497417 0.0114844 0.0192083
0 0.414273 0.601885 0.0230469 0.0468125
0 0.386094 0.677563 0.0436563 0.035625
0 0.532188 0.490073 0.0234375 0.0349792
0 0.392047 0.710688 0.0109687 0.0224167
0 0.466055 0.864292 0.0192344 0.0366667
0 0.547578 0.445646 0.0213438 0.0179583
0 0.537758 0.616177 0.0174531 0.0271042
0 0.506914 0.521219 0.0141094 0.0438125
0 0.574531 0.623313 0.0108438 0.0199167
0 0.323414 0.661354 0.0247031 0.0475417
0 0.375844 0.55976 0.0137813 0.0378125
0 0.485625 0.579083 0.0162188 0.0437917
0 0.481125 0.539021 0.014125 0.0419167
0 0.450852 0.729104 0.0178906 0.0530833
0 0.501563 0.55399 0.0225312 0.0381875
0 0.403211 0.649229 0.0255781 0.0605
0 0.324391 0.606938 0.0218438 0.0675417
0 0.461227 0.632458 0.0264219 0.0623333
0 0.616156 0.442531 0.0133437 0.0218958
0 0.605813 0.476792 0.0125 0.0279583
0 0.520203 0.581219 0.0119375 0.0331458
0 0.556508 0.832052 0.0208281 0.0287708
0 0.456445 0.526667 0.0134531 0.05025
0 0.438242 0.556844 0.0157656 0.0428125
0 0.445797 0.847719 0.0267812 0.0363958
0 0.519953 0.560135 0.0300625 0.0270625
0 0.589781 0.587219 0.01275 0.0172292
0 0.415086 0.873719 0.0207656 0.0274375
0 0.639219 0.39 0.0167187 0.0369167
0 0.381031 0.72626 0.0227187 0.0289792
0 0.468656 0.708844 0.0211562 0.0525625
0 0.497727 0.61275 0.0164844 0.0580417
0 0.548883 0.672479 0.0255781 0.0279167
0 0.579469 0.584562 0.0198438 0.03075
0 0.470281 0.751021 0.0223125 0.0420417
0 0.482594 0.619573 0.0235625 0.0599375
0 0.51343 0.491167 0.0128281 0.0227083
0 0.524555 0.85375 0.0284219 0.0305417
0 0.561148 0.544885 0.0203281 0.0229792
0 0.440352 0.622417 0.0189531 0.0636667
0 0.559352 0.86024 0.0253281 0.0359375
0 0.518219 0.826552 0.0271875 0.0447292
0 0.528828 0.58 0.014625 0.025625
0 0.522984 0.414521 0.016875 0.0394583
0 0.528617 0.45676 0.0188906 0.0388542
0 0.541914 0.533969 0.0205781 0.0294792
0 0.50982 0.748146 0.0213281 0.058875
0 0.589125 0.539396 0.0160313 0.0429583
0 0.604883 0.55474 0.0230781 0.0253958
0 0.614492 0.654813 0.0198281 0.0164167
0 0.532484 0.667438 0.0132812 0.0195
0 0.606828 0.594281 0.0190937 0.0161875
0 0.616477 0.67075 0.0193281 0.017625
0 0.460039 0.831583 0.0193906 0.0325417
0 0.566328 0.570688 0.0153125 0.0190417
0 0.585313 0.633844 0.0136562 0.0174375
0 0.581266 0.461281 0.0088125 0.0276875
0 0.616367 0.575229 0.0257969 0.0195
0 0.551359 0.711542 0.0140313 0.01975
0 0.528055 0.764115 0.0166094 0.0446458
0 0.526828 0.598896 0.0140313 0.024375
0 0.484891 0.806792 0.0186562 0.0315417
0 0.496172 0.832458 0.0230312 0.0326667
0 0.326883 0.694646 0.0292031 0.04725
0 0.456219 0.773958 0.025375 0.03975
0 0.464359 0.660385 0.0267188 0.0407708
0 0.467164 0.809031 0.0192656 0.0336458
0 0.59432 0.675885 0.0146406 0.0175208
0 0.626313 0.639333 0.0138437 0.0179583
0 0.589141 0.437104 0.0186562 0.02025
0 0.428969 0.797594 0.017125 0.0404792
0 0.486508 0.659458 0.0327344 0.0370417
0 0.303133 0.70351 0.0406094 0.0372708
0 0.551031 0.798937 0.0255625 0.05525
0 0.623156 0.62051 0.02 0.0189792
0 0.586281 0.663406 0.0204688 0.0181042
0 0.4545 0.582562 0.0213438 0.0671667
0 0.630039 0.689354 0.0182656 0.014625
0 0.646672 0.409615 0.0261562 0.0115208
0 0.551828 0.681073 0.0309687 0.0189792
0 0.504477 0.652156 0.0194219 0.0323125
0 0.494695 0.529667 0.0178594 0.055875
0 0.265516 0.629719 0.0394062 0.0298542
0 0.518359 0.877479 0.0244062 0.02975
0 0.425578 0.673104 0.0328437 0.0429583
0 0.37232 0.703073 0.0222969 0.0356458
0 0.487359 0.694469 0.0187187 0.0531042
0 0.613859 0.686396 0.0166875 0.0163333
0 0.589516 0.616583 0.02 0.01975
0 0.59907 0.491854 0.00945312 0.02125
0 0.501539 0.876854 0.0227031 0.0284583
0 0.396234 0.611156 0.0238438 0.0463958
0 0.593078 0.599354 0.01375 0.0172917
0 0.555469 0.48949 0.0111562 0.0287292
0 0.387102 0.586667 0.0105781 0.0174167
0 0.42782 0.73624 0.0325156 0.0589792
0 0.536422 0.597865 0.022875 0.0274375
0 0.241055 0.681073 0.0482656 0.0246042
0 0.358352 0.665635 0.0153906 0.0589792
0 0.499367 0.442385 0.0153906 0.0604792
0 0.4395 0.656781 0.0224375 0.0532708
0 0.600367 0.519229 0.0328906 0.0189583
0 0.525687 0.792687 0.0234375 0.0429583
0 0.281148 0.682281 0.0388594 0.0595625
0 0.555516 0.888844 0.0315312 0.0279375
0 0.520523 0.643208 0.0125781 0.02025
0 0.489547 0.445 0.0151875 0.0561667
0 0.4195 0.843594 0.0275 0.0323125
0 0.391664 0.743865 0.0139531 0.0437292
0 0.50725 0.899833 0.0238125 0.0294167
0 0.512523 0.447813 0.0190156 0.0494583
0 0.350656 0.701792 0.0234688 0.044625
0 0.588117 0.420208 0.0130156 0.0305
0 0.374594 0.641073 0.0404062 0.0286458
0 0.540813 0.906729 0.0195312 0.027875
0 0.599219 0.432437 0.0075 0.014625
0 0.587578 0.50974 0.0111562 0.0153958
