0 0.487641 0.660073 0.0135625 0.0456042
0 0.478367 0.668854 0.0147969 0.0327917
0 0.511242 0.677792 0.0149219 0.0367083
0 0.838352 0.84526 0.0661406 0.0571875
0 0.503516 0.661125 0.012625 0.04475
0 0.549742 0.686146 0.00789063 0.0384583
0 0.539688 0.662604 0.010875 0.03775
0 0.85568 0.871208 0.0519219 0.0766667
0 0.467969 0.664083 0.0103438 0.0339583
0 0.539984 0.682052 0.0151875 0.0256458
0 0.524672 0.681927 0.0146875 0.0342708
0 0.842281 0.856333 0.0573125 0.0679583
0 0.518969 0.668479 0.0115312 0.0530417
