2 0.781867 0.303156 0.0181719 0.0110625
2 0.480469 0.179792 0.0484687 0.026625
2 0.526914 0.178302 0.0452656 0.0310625
2 0.954445 0.27301 0.0255469 0.0318125
2 0.92268 0.332562 0.0359531 0.0266667
2 0.798109 0.132052 0.025 0.0220625
2 0.955148 0.241542 0.0246094 0.0298333
2 0.479797 0.242698 0.0486562 0.0274375
2 0.980734 0.252167 0.0222188 0.0135833
2 0.824039 0.226594 0.0290469 0.0228125
2 0.478914 0.273906 0.0482969 0.0278125
2 0.894086 0.270635 0.0311406 0.0253125
2 0.526469 0.242875 0.0450938 0.0296667
2 0.923531 0.303125 0.0351875 0.0287083
2 0.526609 0.305625 0.0434063 0.0307917
2 0.436617 0.176417 0.0444219 0.0317917
2 0.437977 0.333969 0.0421094 0.0274375
2 0.958539 0.184052 0.0304531 0.0256458
2 0.418195 0.330177 0.0246406 0.0199792
2 0.438516 0.303646 0.0443438 0.030375
2 0.981797 0.28175 0.0198438 0.0152083
2 0.924945 0.241281 0.0372031 0.0312708
2 0.814336 0.296927 0.0101406 0.0233958
2 0.526563 0.33451 0.0439375 0.0257708
2 0.892555 0.302479 0.0322031 0.0275417
2 0.526758 0.210417 0.0444219 0.030875
2 0.797156 0.338719 0.025375 0.0148542
2 0.932125 0.209302 0.0294063 0.0230625
2 0.822875 0.133594 0.027875 0.0246042
2 0.872906 0.250573 0.02375 0.0143125
2 0.784727 0.20851 0.0153594 0.0102292
2 0.823703 0.203708 0.0293125 0.022875
2 0.98525 0.133698 0.0234062 0.0231042
2 0.985172 0.210906 0.0220625 0.0250625
2 0.436391 0.207594 0.043625 0.0311875
2 0.953844 0.30399 0.0267188 0.0300208
2 0.847602 0.157156 0.0210781 0.0238958
2 0.958219 0.209635 0.0307812 0.0262708
2 0.480234 0.294104 0.035 0.0112917
2 0.814023 0.320125 0.0121094 0.0238333
2 0.822203 0.156667 0.0285625 0.023125
2 0.924547 0.273708 0.0351875 0.0282083
2 0.797734 0.179385 0.0253125 0.0212292
2 0.985109 0.18424 0.0228437 0.0273542
2 0.821797 0.18001 0.0284063 0.0234375
2 0.95875 0.157698 0.0305 0.0241875
2 0.802227 0.188417 0.0156094 0.00575
2 0.782055 0.256583 0.0181719 0.0105417
2 0.411992 0.297885 0.0317344 0.0201042
2 0.931586 0.157604 0.0297969 0.024625
2 0.436 0.272094 0.04325 0.0314792
2 0.814688 0.338635 0.0125 0.0156458
2 0.409172 0.234885 0.0355 0.0205208
2 0.781586 0.334667 0.0177031 0.00666667
2 0.871047 0.339615 0.0242188 0.0110208
2 0.992242 0.243781 0.0155156 0.0251458
2 0.525844 0.273865 0.045 0.0308125
2 0.898805 0.284021 0.0165156 0.00725
2 0.8465 0.181281 0.0215312 0.0226042
2 0.815164 0.273417 0.0111094 0.0219583
2 0.802867 0.258073 0.0140469 0.0074375
2 0.816078 0.250792 0.014875 0.0211667
2 0.480766 0.33651 0.0457188 0.0225625
2 0.982273 0.231875 0.0262656 0.00858333
2 0.782156 0.163802 0.0207188 0.0123125
2 0.993164 0.271187 0.0136719 0.0230833
2 0.411766 0.169406 0.038625 0.0224792
2 0.984477 0.158885 0.0232656 0.0248542
2 0.847484 0.13474 0.0213438 0.0228125
2 0.848898 0.225781 0.0210469 0.0198125
2 0.979375 0.293177 0.0180625 0.0071875
2 0.409812 0.201083 0.0359063 0.020375
2 0.804906 0.211865 0.0130938 0.00560417
2 0.781906 0.139167 0.0186562 0.0109167
2 0.8625 0.328927 0.0079375 0.0181875
2 0.8835 0.214531 0.0236563 0.0223125
2 0.823063 0.333333 0.007875 0.0159167
2 0.873313 0.261354 0.0237188 0.007375
2 0.977727 0.311792 0.0178906 0.0128333
2 0.797961 0.155833 0.0263594 0.0223333
2 0.959266 0.133385 0.0317812 0.0241042
2 0.847992 0.203885 0.0205781 0.0225625
2 0.799383 0.224677 0.0242031 0.0195625
2 0.771328 0.200385 0.00903125 0.0130625
2 0.932047 0.182812 0.02525 0.02025
2 0.797242 0.294292 0.0227969 0.0195833
2 0.409789 0.266146 0.0359531 0.02
2 0.798563 0.201344 0.0239688 0.0204375
2 0.959219 0.226948 0.0242188 0.00789583
2 0.894156 0.330792 0.03475 0.0247917
2 0.480617 0.307083 0.0478281 0.0259167
2 0.952883 0.332354 0.0259531 0.0266667
2 0.397766 0.247323 0.0104688 0.0151875
2 0.821922 0.292229 0.007125 0.015625
2 0.798633 0.272448 0.0248281 0.0205208
2 0.798211 0.248333 0.0252031 0.0222917
2 0.861336 0.128969 0.00557812 0.0076875
2 0.989953 0.331927 0.0194375 0.0257292
2 0.906625 0.165896 0.00384375 0.0117917
2 0.893688 0.241156 0.0311563 0.0294792
2 0.931836 0.133135 0.0264844 0.0238125
2 0.435656 0.240896 0.045375 0.0310417
2 0.989656 0.303406 0.0206875 0.0267708
2 0.823156 0.24726 0.00696875 0.0123125
2 0.493539 0.268771 0.0122969 0.015875
2 0.479727 0.211125 0.0499219 0.0276667
2 0.783977 0.231667 0.0182656 0.0120417
2 0.836039 0.274198 0.0192031 0.0178542
