2 0.288883 0.59049 0.0144531 0.0217708
2 0.958406 0.59201 0.0390625 0.0253542
2 0.49907 0.894906 0.0845156 0.0300208
2 0.311352 0.610365 0.0163281 0.0150208
2 0.263656 0.59849 0.0267188 0.0272708
2 0.491023 0.971219 0.0468281 0.0515625
2 0.559688 0.964219 0.0914688 0.0715625
2 0.882187 0.583469 0.0122813 0.0081875
2 0.543383 0.859875 0.0650156 0.050375
2 0.277273 0.618031 0.0122656 0.0143542
2 0.303602 0.904385 0.0509844 0.0444375
2 0.279375 0.863906 0.0665313 0.0402292
2 0.501703 0.203792 0.0163438 0.0130833
2 0.993617 0.616719 0.0125156 0.0113958
2 0.921461 0.615417 0.0208281 0.0149167
2 0.243836 0.634302 0.0491719 0.0217708
2 0.811727 0.406906 0.00764062 0.0060625
2 0.544203 0.190542 0.0186562 0.0182083
2 0.859437 0.592521 0.0120938 0.008625
2 0.301672 0.576292 0.0210625 0.0185
2 0.841797 0.586771 0.0185937 0.014875
2 0.637234 0.914708 0.025625 0.0394167
2 0.254992 0.585406 0.0342969 0.0330625
2 0.38957 0.963104 0.108797 0.0737917
2 0.989547 0.598562 0.0200313 0.0112917
2 0.609883 0.865365 0.0473281 0.0382292
2 0.854617 0.399219 0.0190781 0.0169375
2 0.915773 0.588427 0.0136406 0.0103958
2 0.833719 0.406552 0.0309375 0.0363958
2 0.755781 0.527937 0.00640625 0.00841667
2 0.279633 0.574438 0.0140469 0.0140417
2 0.805789 0.527521 0.0157656 0.0155833
2 0.583203 0.517219 0.0068125 0.0146042
2 0.910516 0.611344 0.0104375 0.0101875
2 0.214711 0.887021 0.0342969 0.0979583
2 0.781609 0.521146 0.024625 0.0105833
2 0.945234 0.629521 0.00615625 0.0085
