2 0.467203 0.539385 0.03475 0.0720418
2 0.319398 0.285023 0.0467344 0.07
2 0.375953 0.214281 0.0415 0.0730626
2 0.629133 0.842749 0.0314531 0.0484687
2 0.625164 0.477297 0.0449219 0.0802552
2 0.420719 0.313434 0.032125 0.0454756
2 0.687352 0.253225 0.0688594 0.110905
2 0.592203 0.579571 0.057625 0.101369
2 0.405164 0.737401 0.0416094 0.0695592
2 0.452289 0.781752 0.0430156 0.0768677
2 0.737906 0.752877 0.060125 0.0794896
2 0.717242 0.809408 0.0261094 0.0506032
2 0.269977 0.703515 0.0283281 0.0586775
2 0.507477 0.924745 0.0333594 0.0489791
2 0.723891 0.842923 0.0386875 0.0459397
2 0.558398 0.811624 0.0381094 0.123805
2 0.475859 0.171415 0.0440625 0.0474246
2 0.641492 0.928422 0.0341094 0.0514617
2 0.763687 0.534258 0.069875 0.0555684
2 0.597742 0.840974 0.0375469 0.0521114
2 0.766484 0.566798 0.0713125 0.0864965
2 0.407281 0.225278 0.0249062 0.0996984
