0 0.843679 0.366703 0.18 0.0941875
0 0.633762 0.233133 0.0882311 0.0747031
0 0.720153 0.213602 0.0799292 0.0918906
0 0.542948 0.222352 0.0770755 0.125797
0 0.348585 0.214727 0.10467 0.131391
0 0.649741 0.29275 0.177453 0.116813
0 0.618892 0.539305 0.170425 0.0855156
0 0.72204 0.382992 0.231014 0.0929219
0 0.685189 0.195008 0.115377 0.0882031
0 0.707005 0.425266 0.217406 0.0438438
0 0.583325 0.56882 0.174764 0.128016
0 0.20263 0.267109 0.0367689 0.0528125
0 0.831226 0.301414 0.13533 0.0902031
0 0.0789858 0.415266 0.0204717 0.034375
0 0.313007 0.233633 0.0572877 0.0973906
0 0.137783 0.511727 0.0937736 0.0479844
0 0.736521 0.350211 0.0805896 0.0192344
0 0.591993 0.241445 0.0771934 0.0991094
0 0.274658 0.238555 0.104882 0.102797
0 0.70895 0.463664 0.251533 0.0500156
0 0.771073 0.250398 0.145259 0.0893906
0 0.856545 0.417328 0.110118 0.0705
0 0.0940094 0.43907 0.0306604 0.0361406
0 0.809175 0.474102 0.0686321 0.0443906
0 0.581167 0.181477 0.104552 0.0822344
0 0.447535 0.212648 0.0629953 0.119547
0 0.816073 0.274813 0.0803538 0.0534063
0 0.746403 0.323891 0.0667217 0.0429375
0 0.405755 0.21393 0.0515094 0.120422
0 0.234068 0.257945 0.0429481 0.0694219
0 0.208196 0.534336 0.102854 0.0430156
0 0.168172 0.281734 0.081816 0.0451562
0 0.504988 0.214609 0.060967 0.108469
0 0.682736 0.494773 0.229245 0.0525469
0 0.699458 0.330703 0.179953 0.117625
0 0.662064 0.519508 0.233844 0.0785469
