0 0.961797 0.362049 0.0201563 0.108829
0 0.465687 0.695246 0.0320937 0.14815
0 0.517492 0.647166 0.0584219 0.111335
0 0.701859 0.496393 0.0297812 0.115129
0 0.699805 0.19452 0.0427031 0.0623888
0 0.523547 0.262108 0.0475 0.0755504
0 0.946555 0.217283 0.0154844 0.0766276
0 0.532891 0.745433 0.0319688 0.112319
0 0.22707 0.35493 0.0510781 0.0456909
0 0.708953 0.619087 0.03925 0.110773
0 0.146805 0.36329 0.0622344 0.104145
0 0.498773 0.349157 0.0303281 0.0657143
0 0.72918 0.565527 0.0679531 0.0579391
0 0.174133 0.0637588 0.0416719 0.0368384
0 0.425156 0.560422 0.031625 0.124356
0 0.0864297 0.164508 0.0299219 0.0344965
0 0.509133 0.785515 0.0212031 0.0618033
0 0.426883 0.438396 0.0349219 0.121803
0 0.55318 0.437916 0.0470156 0.0961593
0 0.964258 0.228536 0.0234531 0.105831
0 0.110773 0.47692 0.0425469 0.0503279
0 0.740953 0.610902 0.06175 0.0718735
0 0.54425 0.551159 0.02 0.0661593
0 0.105016 0.0687822 0.02525 0.0559251
0 0.734672 0.409157 0.0489375 0.0855738
0 0.0849531 0.0705972 0.02975 0.0338407
0 0.67543 0.619415 0.0271406 0.115878
0 0.55157 0.268208 0.0457344 0.068267
0 0.384008 0.372049 0.0386406 0.106159
0 0.61218 0.213443 0.0194219 0.0464637
0 0.0801719 0.375211 0.0346562 0.0771663
0 0.0673438 0.180129 0.0374375 0.0387119
0 0.892617 0.274063 0.0488281 0.0618501
0 0.635852 0.285059 0.0300781 0.0940984
0 0.616742 0.292611 0.0211719 0.094356
0 0.674625 0.420398 0.0274687 0.106979
0 0.735289 0.635574 0.0465781 0.107916
0 0.0885391 0.42897 0.0355469 0.0420609
0 0.736109 0.310187 0.0282187 0.0760656
0 0.170984 0.171593 0.0532813 0.0415925
0 0.465039 0.199543 0.0340156 0.0548712
0 0.466742 0.362178 0.0475156 0.0940984
0 0.686914 0.281862 0.0277344 0.0923419
0 0.230969 0.0332084 0.0429062 0.0361593
0 0.479117 0.307787 0.0321719 0.0806323
0 0.650969 0.651323 0.0264688 0.0961358
0 0.0699141 0.338197 0.0485469 0.067541
0 0.673922 0.183337 0.0454688 0.045644
0 0.421469 0.158993 0.0425625 0.0438407
0 0.747188 0.539614 0.0745625 0.0510304
0 0.441328 0.619567 0.0349062 0.125457
0 0.245008 0.41685 0.0531094 0.0696721
0 0.679094 0.332623 0.02925 0.0891803
0 0.154648 0.133583 0.0582969 0.0384543
0 0.210375 0.0596838 0.0433438 0.0335129
0 0.512906 0.697845 0.0296875 0.118689
0 0.461313 0.265515 0.0294063 0.0936066
0 0.637734 0.673407 0.0174687 0.0425995
0 0.128281 0.148466 0.0454688 0.0374473
0 0.456016 0.439625 0.0323125 0.117377
0 0.185586 0.254532 0.0627344 0.0423185
0 0.112563 0.37918 0.0392188 0.0851054
0 0.728305 0.349766 0.0363594 0.0477752
0 0.97543 0.432822 0.0342031 0.146862
0 0.494594 0.264122 0.0377188 0.0882904
0 0.210555 0.311077 0.0622344 0.0425761
0 0.562719 0.179356 0.04325 0.0520609
0 0.709203 0.267904 0.03075 0.0704215
0 0.251172 0.244485 0.0266562 0.0357611
0 0.543148 0.438595 0.0492344 0.0971897
0 0.145758 0.25952 0.0553906 0.0365105
0 0.15 0.475433 0.0521563 0.0583607
0 0.622641 0.429485 0.0242812 0.103091
0 0.741438 0.403044 0.0436875 0.089274
0 0.403703 0.588255 0.031625 0.142459
0 0.100164 0.585925 0.0416719 0.0957377
0 0.643813 0.402904 0.0410313 0.0941452
0 0.642641 0.549075 0.0344687 0.111218
0 0.237937 0.0940632 0.039375 0.03637
0 0.490672 0.439672 0.040875 0.107119
0 0.137961 0.40452 0.0331719 0.0887588
0 0.984781 0.243009 0.0288125 0.153607
0 0.0758047 0.24397 0.0205156 0.0402576
0 0.22175 0.276593 0.0620625 0.0402576
0 0.14418 0.181417 0.0410156 0.0397424
0 0.162828 0.0942623 0.048 0.0422014
0 0.239523 0.0692857 0.0400156 0.0327166
0 0.439727 0.227717 0.0339531 0.0681265
0 0.858203 0.285761 0.0251563 0.0564403
0 0.722461 0.682822 0.0288906 0.0615222
0 0.727047 0.180527 0.048375 0.0354801
0 0.520086 0.438958 0.0526094 0.106206
0 0.179688 0.134333 0.053625 0.0462763
0 0.609219 0.334169 0.02775 0.0617799
0 0.194344 0.382213 0.0598437 0.0515925
0 0.100023 0.526651 0.0379844 0.0623888
0 0.174727 0.566206 0.0540469 0.133162
0 0.0905 0.204087 0.0270312 0.0559485
0 0.461398 0.766452 0.0247969 0.0738407
0 0.624937 0.538817 0.0304687 0.106347
0 0.21432 0.447623 0.0434219 0.085644
0 0.491656 0.557459 0.0655 0.0953396
0 0.696305 0.651733 0.0331094 0.114239
0 0.649813 0.443208 0.0290625 0.10281
0 0.445883 0.490386 0.0311094 0.0884543
0 0.412016 0.3674 0.0305937 0.101967
0 0.187625 0.341721 0.0610938 0.0533724
0 0.743977 0.464649 0.0446094 0.0910304
0 0.248836 0.366464 0.0627969 0.0476815
0 0.536508 0.179297 0.0355469 0.0451991
0 0.428445 0.190585 0.0428594 0.0622951
0 0.197711 0.181335 0.0617969 0.0452459
0 0.229789 0.130269 0.0547344 0.0355738
0 0.487734 0.663782 0.0370937 0.123958
0 0.214109 0.0926464 0.0546875 0.0434192
0 0.43793 0.702611 0.0326719 0.142693
0 0.63393 0.34137 0.0253281 0.0688759
0 0.175758 0.293326 0.0674531 0.0453396
0 0.73175 0.491956 0.0290938 0.0525761
0 0.624859 0.600164 0.0135312 0.0277752
0 0.958695 0.331522 0.0210156 0.0698829
0 0.856344 0.317998 0.0391562 0.0793677
0 0.619984 0.181382 0.0392813 0.0589227
0 0.901531 0.298806 0.0458125 0.0584543
0 0.716195 0.510855 0.0107656 0.0407728
0 0.102531 0.24219 0.0370937 0.0479859
0 0.523133 0.210094 0.0389219 0.0587822
0 0.76093 0.647436 0.0302656 0.0522951
0 0.556594 0.747119 0.0299687 0.0748946
0 0.661477 0.349438 0.0227656 0.0503513
0 0.130594 0.0849297 0.03375 0.0492037
0 0.231906 0.452916 0.046875 0.0996019
0 0.908273 0.239555 0.0478594 0.0202342
0 0.513133 0.308138 0.0420156 0.0626932
0 0.541945 0.314215 0.0350469 0.0518033
0 0.249906 0.123466 0.0396562 0.0325527
0 0.210055 0.163689 0.0888906 0.0359016
0 0.210805 0.138548 0.0517969 0.046089
0 0.767117 0.418326 0.0317969 0.0494848
0 0.131531 0.290656 0.050875 0.0435597
0 0.495812 0.197365 0.0287187 0.0520609
0 0.0820078 0.28356 0.0391406 0.0528337
0 0.148727 0.0511593 0.0327969 0.0444262
0 0.649945 0.217178 0.0293906 0.0522951
0 0.646227 0.611756 0.0449844 0.0931616
0 0.514023 0.495984 0.0384219 0.0723888
0 0.515992 0.367354 0.0316094 0.0579391
0 0.139359 0.574871 0.0578438 0.0767213
0 0.149562 0.61103 0.0709375 0.0692272
0 0.222242 0.183302 0.0473281 0.0408899
0 0.561336 0.351054 0.0193906 0.0614988
0 0.835391 0.306803 0.037875 0.0674707
0 0.398023 0.414028 0.0255781 0.0925995
0 0.561836 0.684637 0.0415469 0.126417
0 0.655398 0.309052 0.0267969 0.0883138
0 0.40793 0.480258 0.0249531 0.0774239
0 0.911781 0.274356 0.0388125 0.0564403
0 0.38075 0.261534 0.02325 0.0620375
0 0.547203 0.67192 0.0385 0.122951
0 0.794914 0.291581 0.0155469 0.0287354
0 0.765453 0.588981 0.0439375 0.0733255
0 0.4075 0.232131 0.032625 0.0574707
0 0.746445 0.311194 0.0307969 0.0740515
0 0.0953672 0.102693 0.0358906 0.0330679
0 0.707195 0.347904 0.0335781 0.061897
0 0.90018 0.323525 0.0337344 0.0387588
0 0.518742 0.542717 0.0457344 0.0852459
0 0.148938 0.332096 0.0516875 0.0567916
0 0.388875 0.444356 0.0203438 0.0687119
0 0.232422 0.211569 0.0524687 0.0324122
0 0.137891 0.529028 0.0476562 0.0785246
0 0.510273 0.16459 0.0227656 0.042904
0 0.250203 0.0559836 0.0359375 0.0281265
0 0.714555 0.314251 0.0352656 0.0691101
0 0.244312 0.440386 0.0605625 0.0770726
0 0.878531 0.284789 0.03675 0.0525761
0 0.682164 0.225656 0.0358906 0.0536066
0 0.114641 0.0261007 0.0190937 0.0322014
0 0.669867 0.476019 0.0247031 0.0873068
0 0.225961 0.232471 0.0631719 0.0606792
0 0.493273 0.755129 0.0299219 0.100515
0 0.557063 0.216358 0.0349687 0.0487354
0 0.630922 0.222564 0.0287187 0.0584778
0 0.66282 0.262752 0.0251406 0.0792272
0 0.191586 0.0967096 0.0420469 0.0446136
0 0.816492 0.326581 0.0223906 0.064356
0 0.0657969 0.221639 0.03125 0.0474473
0 0.918586 0.250316 0.0220469 0.0119204
0 0.687945 0.463689 0.0227031 0.11192
0 0.51993 0.146183 0.0441094 0.0544262
0 0.105773 0.319356 0.0378906 0.0539813
0 0.544109 0.503899 0.0323125 0.0525761
0 0.720461 0.246792 0.0275156 0.0540984
0 0.810055 0.281066 0.0227969 0.0361358
0 0.164758 0.217588 0.0571406 0.0375644
0 0.575437 0.224508 0.024625 0.0397892
0 0.404703 0.661721 0.0295625 0.0987119
0 0.857609 0.301593 0.027 0.0492272
0 0.492773 0.158478 0.0200469 0.0383138
0 0.391797 0.211206 0.0339687 0.0638173
0 0.445906 0.304789 0.032625 0.0803513
0 0.612578 0.417658 0.0365313 0.0924122
0 0.0967266 0.132506 0.0266406 0.0420141
0 0.994203 0.312564 0.0115937 0.0885012
0 0.702508 0.405176 0.0342969 0.0944262
0 0.42868 0.268817 0.0371406 0.060445
0 0.721594 0.211265 0.0314688 0.066089
0 0.237594 0.316674 0.06 0.0415457
0 0.46175 0.579508 0.0444688 0.122061
0 0.681766 0.689742 0.0294063 0.0594848
0 0.635797 0.185258 0.03025 0.0505152
0 0.910242 0.377963 0.0132031 0.0730679
0 0.603094 0.276803 0.0376875 0.0873302
0 0.397844 0.281464 0.0360625 0.0705152
0 0.20143 0.22945 0.0667344 0.0569789
0 0.554992 0.392494 0.0194844 0.0412881
0 0.115977 0.201101 0.0439531 0.0765808
0 0.785977 0.576077 0.0249844 0.0433489
0 0.989078 0.42911 0.0218438 0.133583
