0 0.716569 0.698984 0.10897 0.114562
0 0.308138 0.384922 0.0815691 0.0485938
0 0.328653 0.604625 0.120304 0.0875
0 0.266534 0.524453 0.0674005 0.0838125
0 0.414052 0.348242 0.0573302 0.0435781
0 0.633349 0.519859 0.118407 0.0948438
0 0.12548 0.372672 0.187775 0.0394062
0 0.820843 0.508094 0.0730211 0.0594688
0 0.260468 0.361625 0.0696956 0.0495625
0 0.461335 0.318094 0.105574 0.0258437
0 0.394087 0.65725 0.061897 0.0557813
0 0.96678 0.783578 0.0648946 0.121719
0 0.672963 0.690711 0.12541 0.103984
0 0.453525 0.515273 0.05 0.0677656
0 0.490351 0.382687 0.07274 0.0315625
0 0.828232 0.478344 0.0865808 0.0703125
0 0.192728 0.616906 0.089719 0.110844
0 0.890597 0.585578 0.0695785 0.138219
0 0.943232 0.687406 0.106042 0.107125
0 0.497717 0.354742 0.0363232 0.0252656
0 0.197459 0.866937 0.0777752 0.132562
0 0.328911 0.8425 0.0625995 0.118313
0 0.682974 0.52132 0.0947541 0.0997031
0 0.240609 0.872133 0.0792974 0.125047
0 0.186546 0.428602 0.0560422 0.0863906
0 0.125176 0.394164 0.183466 0.0647031
0 0.421604 0.576313 0.141148 0.0781875
0 0.396077 0.518352 0.0818033 0.0627656
0 0.637014 0.579641 0.0678923 0.0639375
0 0.0144379 0.828281 0.0288759 0.0258437
0 0.356159 0.651641 0.0930679 0.0700937
0 0.943759 0.795578 0.0656909 0.131562
0 0.428829 0.851227 0.111522 0.125203
0 0.468162 0.358633 0.0744965 0.0346719
0 0.529028 0.445867 0.0467681 0.0296094
0 0.899485 0.502062 0.0909133 0.0690937
0 0.212365 0.45543 0.0583607 0.0933594
0 0.79226 0.701016 0.0769789 0.117062
0 0.526136 0.504773 0.0377049 0.0434844
0 0.07274 0.609953 0.0619672 0.0606563
0 0.170117 0.481484 0.0542389 0.0718437
0 0.368489 0.401031 0.0809133 0.0657812
0 0.759801 0.494281 0.0678923 0.07625
0 0.444883 0.388219 0.12377 0.0370625
0 0.970468 0.876766 0.0393911 0.0438125
0 0.517951 0.51475 0.0329508 0.0397813
0 0.256897 0.917086 0.0271897 0.0378594
0 0.0998712 0.466969 0.0457845 0.0604688
0 0.745094 0.577383 0.0561827 0.128797
0 0.252998 0.625898 0.0659953 0.117203
0 0.919251 0.480906 0.123513 0.0705313
0 0.518173 0.541641 0.0393443 0.0350937
0 0.619578 0.475562 0.162108 0.080625
0 0.273993 0.818297 0.0858782 0.0680937
0 0.62397 0.454367 0.191405 0.0642031
0 0.427049 0.517312 0.0597658 0.0735
0 0.904274 0.735359 0.0654098 0.10425
0 0.114883 0.510773 0.0879859 0.0845469
0 0.163653 0.83832 0.16459 0.105734
0 0.124859 0.419438 0.143958 0.0845
0 0.355012 0.896242 0.0591101 0.115984
0 0.497073 0.7195 0.0490867 0.0833125
0 0.750948 0.747969 0.0741686 0.117969
0 0.584473 0.522992 0.111569 0.0882344
0 0.536967 0.64757 0.0798829 0.0938594
0 0.953302 0.642336 0.06637 0.0394531
0 0.600644 0.638687 0.067096 0.070125
0 0.462389 0.480648 0.0779859 0.0698906
0 0.324731 0.477109 0.0612178 0.0825313
0 0.101393 0.635922 0.070281 0.0492812
0 0.831487 0.74232 0.0718267 0.140109
0 0.34966 0.355914 0.0461124 0.0395469
0 0.121733 0.563406 0.154192 0.0653438
0 0.369625 0.343391 0.0420141 0.0440625
0 0.869192 0.697664 0.0781967 0.117078
0 0.103115 0.731047 0.0887588 0.116531
0 0.511686 0.662398 0.0759719 0.0836719
0 0.0801756 0.705852 0.0559016 0.0669531
0 0.249403 0.408875 0.0767916 0.0580625
0 0.895351 0.913477 0.0260187 0.112766
0 0.494133 0.815227 0.121522 0.0972969
0 0.986464 0.848617 0.0270726 0.0587344
0 0.0733372 0.501445 0.0766979 0.0497344
0 0.294707 0.641742 0.051007 0.0932031
0 0.362576 0.584164 0.128993 0.0798594
0 0.115585 0.836672 0.101803 0.100656
0 0.880234 0.447539 0.0564403 0.0167344
0 0.330422 0.522633 0.0643091 0.0736094
0 0.321768 0.427891 0.100211 0.064375
0 0.449672 0.663328 0.0923653 0.0676875
0 0.780703 0.906211 0.0278689 0.155891
0 0.461604 0.465656 0.104754 0.0802188
0 0.0617681 0.544102 0.0436768 0.0507969
0 0.1363 0.640367 0.0639344 0.103828
0 0.968056 0.524289 0.0525059 0.0207969
0 0.393115 0.366766 0.0452459 0.0305625
0 0.436663 0.456711 0.068548 0.0634531
0 0.605363 0.692453 0.0669789 0.055625
0 0.437447 0.909688 0.0468384 0.0670625
0 0.473021 0.749539 0.0217799 0.0278281
0 0.517623 0.707008 0.0438173 0.0588281
0 0.326991 0.339406 0.0418033 0.037625
0 0.597319 0.582664 0.0478454 0.0487344
0 0.462763 0.429406 0.114567 0.04975
0 0.451499 0.836117 0.161499 0.112203
0 0.744333 0.446984 0.125293 0.0589375
0 0.677471 0.595883 0.0351288 0.0619219
0 0.14541 0.440617 0.0735831 0.100922
0 0.0796956 0.677969 0.0544731 0.0556875
0 0.341042 0.662062 0.049719 0.0493125
0 0.250925 0.497461 0.0626464 0.0860156
0 0.989145 0.640789 0.0217096 0.0397656
0 0.215925 0.645086 0.059719 0.0912344
0 0.392482 0.492672 0.0904918 0.0732187
0 0.487143 0.577406 0.0758314 0.0500938
0 0.418068 0.61982 0.128454 0.0554844
0 0.163208 0.669742 0.0551756 0.0442656
0 0.819614 0.642523 0.0670023 0.0364219
0 0.393993 0.454523 0.0677049 0.0586094
0 0.504953 0.466258 0.0585246 0.0377031
0 0.389859 0.850945 0.081171 0.124453
0 0.440047 0.328805 0.106323 0.0303906
0 0.4724 0.411695 0.053185 0.0204219
0 0.865738 0.821047 0.0922717 0.1205
0 0.160621 0.590258 0.149719 0.0922344
0 0.940386 0.853109 0.0742623 0.088
0 0.290703 0.878461 0.0610304 0.144172
0 0.481347 0.610656 0.0388525 0.0469062
0 0.399602 0.920453 0.0585948 0.0741563
0 0.691405 0.756836 0.0874473 0.0817656
0 0.265995 0.455539 0.0698361 0.0687969
0 0.656218 0.634336 0.103255 0.0803594
0 0.619532 0.711648 0.0644496 0.0984219
