0 0.296553 0.647477 0.0349412 0.102078
0 0.562882 0.460852 0.155224 0.0457656
0 0.232529 0.541031 0.100918 0.0639687
0 0.231224 0.503422 0.0915294 0.0688438
0 0.141 0.576961 0.0957412 0.0522344
0 0.330824 0.468445 0.0997176 0.0557344
0 0.318388 0.56143 0.0930118 0.0819531
0 0.561247 0.486437 0.132376 0.0484687
0 0.586012 0.530672 0.130047 0.0588125
0 0.1088 0.492797 0.0630588 0.0551562
0 0.549271 0.630953 0.0691294 0.101156
0 0.474259 0.459172 0.114071 0.0502187
0 0.607035 0.674555 0.0782118 0.0696406
0 0.169482 0.619281 0.0723765 0.0761875
0 0.339729 0.634102 0.0575765 0.0559531
0 0.197694 0.655109 0.0427294 0.0627188
0 0.685388 0.618758 0.118871 0.0539219
0 0.494247 0.582844 0.0753176 0.0979063
0 0.3718 0.613148 0.0828471 0.0894844
0 0.250435 0.5885 0.0691529 0.0955938
0 0.305212 0.520578 0.0714118 0.08025
0 0.606847 0.583695 0.122682 0.0702969
0 0.218647 0.629289 0.0528706 0.0754844
0 0.465506 0.523094 0.0974588 0.047125
0 0.492141 0.640742 0.0501176 0.0725156
0 0.138282 0.534422 0.0390118 0.0419687
0 0.707835 0.608023 0.112141 0.0595469
0 0.537259 0.508969 0.0768235 0.0285313
0 0.173659 0.483992 0.0743765 0.0619531
0 0.247329 0.464781 0.0742824 0.046125
0 0.447318 0.61993 0.0783059 0.106016
0 0.247859 0.670188 0.0427765 0.0457188
0 0.3722 0.506695 0.0788941 0.0422344
0 0.335071 0.599281 0.0998353 0.0788125
0 0.483024 0.49693 0.1564 0.0437656
0 0.624647 0.644664 0.0943765 0.102891
0 0.541012 0.673234 0.0671529 0.0643125
0 0.678624 0.658187 0.0577176 0.0410937
0 0.320776 0.664891 0.028 0.033625
0 0.266659 0.613563 0.0626353 0.10775
0 0.379235 0.453141 0.0787059 0.0928438
0 0.3248 0.429117 0.0491294 0.0394844
0 0.171459 0.519945 0.0723765 0.0734219
0 0.261529 0.662289 0.0468235 0.0496094
0 0.0759529 0.534469 0.101694 0.0432188
0 0.428376 0.440672 0.0722824 0.0722812
0 0.430353 0.605211 0.0776 0.0678281
