2 0.619406 0.469812 0.027 0.033375
2 0.589453 0.391156 0.0230937 0.0323125
2 0.721984 0.521396 0.0292812 0.0384583
2 0.569586 0.488406 0.0275156 0.0356458
2 0.152969 0.745365 0.0442813 0.0522708
2 0.604977 0.450906 0.0300156 0.0274375
2 0.0126094 0.539875 0.0252188 0.017
2 0.524883 0.414896 0.0213594 0.0322917
2 0.643945 0.38626 0.0236719 0.0325625
2 0.568984 0.440146 0.0292812 0.0350417
2 0.590508 0.421292 0.0315469 0.0333333
2 0.657211 0.475917 0.0322344 0.0328333
2 0.684187 0.529958 0.0246562 0.0401667
2 0.0905625 0.527052 0.0373125 0.0424792
2 0.494133 0.40425 0.0113594 0.00666667
2 0.736344 0.549833 0.02075 0.0375417
2 0.699758 0.562115 0.0329219 0.0384792
2 0.567789 0.39875 0.0278281 0.0327917
2 0.73857 0.587906 0.0307656 0.0417708
2 0.108734 0.586865 0.0352188 0.0351458
2 0.568328 0.521062 0.0232187 0.0323333
2 0.0691719 0.588531 0.0305937 0.0374375
2 0.0519766 0.555927 0.0329219 0.0401875
2 0.0839922 0.627646 0.0427344 0.0377083
2 0.483273 0.376177 0.0246406 0.0168958
2 0.5945 0.475198 0.0340312 0.0335625
2 0.542117 0.405115 0.0295156 0.0379792
2 0.636734 0.479438 0.02675 0.0279583
2 0.646875 0.368479 0.0172813 0.0230417
2 0.634117 0.424729 0.0144844 0.025125
2 0.126492 0.711927 0.0100156 0.00922917
2 0.721117 0.556469 0.0271406 0.0348958
2 0.588133 0.435635 0.0232969 0.0266875
2 0.0791953 0.610427 0.0399844 0.0363125
2 0.109969 0.784062 0.0264062 0.0364583
2 0.0714375 0.559802 0.0342812 0.0396875
2 0.702789 0.526573 0.0317656 0.0366875
2 0.702984 0.492854 0.035125 0.038625
2 0.542789 0.437031 0.0213594 0.0224375
2 0.541469 0.486354 0.0207813 0.0225417
2 0.700703 0.596635 0.0285313 0.0356875
2 0.560867 0.426656 0.0256719 0.0295625
2 0.0879609 0.658865 0.0404844 0.0491875
2 0.0103047 0.809104 0.0206094 0.0311667
2 0.0258828 0.56601 0.0457969 0.0415625
2 0.634555 0.457687 0.0264219 0.0292083
2 0.510125 0.368927 0.0204688 0.0158125
2 0.647547 0.439 0.0259688 0.0210833
2 0.585133 0.538562 0.0225156 0.0328333
2 0.585719 0.504031 0.0254063 0.0320625
2 0.688789 0.569719 0.0107656 0.0283958
2 0.555688 0.471385 0.0224062 0.0348958
2 0.540312 0.366583 0.0250312 0.0232917
2 0.611133 0.494531 0.0317344 0.0318542
2 0.153719 0.677167 0.0230937 0.0323333
2 0.677016 0.473187 0.0301563 0.0372917
2 0.526641 0.383042 0.0307812 0.034375
2 0.622867 0.441573 0.0319844 0.0264792
2 0.661961 0.384563 0.0152969 0.028625
2 0.116266 0.616469 0.0494687 0.0520625
2 0.503078 0.387854 0.0257812 0.0295
2 0.52232 0.434656 0.0241719 0.0209375
2 0.0343516 0.619979 0.0321406 0.0408333
2 0.115648 0.728333 0.0319844 0.0463333
2 0.580898 0.458656 0.0276406 0.0296458
2 0.576484 0.37599 0.024625 0.0253958
2 0.562922 0.36326 0.0198438 0.0195208
2 0.548484 0.458979 0.0230937 0.0328333
2 0.64007 0.413031 0.0186719 0.0285208
2 0.719344 0.591354 0.0315937 0.0377917
2 0.0549766 0.619177 0.0139219 0.0291458
2 0.553602 0.38075 0.0284844 0.0312917
2 0.0306797 0.588948 0.0463906 0.0350208
2 0.660203 0.410083 0.0245938 0.0327917
2 0.108625 0.563802 0.0340625 0.0315625
2 0.125484 0.662156 0.0412813 0.0477292
2 0.596305 0.369177 0.0182656 0.0193125
2 0.655875 0.448979 0.0286875 0.025125
2 0.533766 0.472844 0.012125 0.0302708
2 0.0155391 0.654 0.0310781 0.0395
2 0.104617 0.69125 0.0342969 0.0289583
2 0.679406 0.499635 0.0239688 0.0275208
0 0.983156 0.285323 0.0336875 0.0492708
0 0.952586 0.299344 0.0302656 0.0482708
0 0.986273 0.330323 0.0138906 0.0301042
0 0.973305 0.291271 0.0379219 0.0349167
0 0.99057 0.279458 0.0188594 0.0359167
0 0.967141 0.297937 0.0398437 0.044125
0 0.978203 0.330771 0.0215625 0.0317917
