0 0.540414 0.3924 0.0344844 0.0671529
0 0.561109 0.332894 0.0389688 0.0962353
0 0.375297 0.408776 0.0450938 0.112518
0 0.343242 0.4138 0.0283281 0.0526353
0 0.356273 0.357071 0.0297656 0.0660471
0 0.425109 0.349706 0.038625 0.0749412
0 0.435508 0.399106 0.0430781 0.119812
0 0.517391 0.404341 0.0474375 0.0697176
0 0.402594 0.417624 0.0439688 0.0888471
0 0.603055 0.315741 0.0256406 0.0854118
0 0.535672 0.325294 0.043 0.0736941
0 0.454977 0.320188 0.0326094 0.0383529
0 0.567117 0.376918 0.0221406 0.0404706
0 0.480281 0.336706 0.040875 0.0647059
0 0.490422 0.411776 0.0460313 0.0718353
0 0.401109 0.354941 0.0173437 0.0500706
0 0.577594 0.3212 0.038625 0.0740235
0 0.513609 0.337776 0.0245938 0.0869412
0 0.494602 0.346071 0.0231094 0.0739765
0 0.587625 0.364188 0.0235 0.0382118
0 0.384695 0.3484 0.0419219 0.0413647
0 0.46468 0.4036 0.0475781 0.0982118
