2 0.357078 0.680344 0.042625 0.0346042
2 0.175344 0.367208 0.0474375 0.043375
2 0.288836 0.378719 0.0278906 0.0353958
2 0.155961 0.45199 0.0284844 0.0278958
2 0.504711 0.828354 0.0447969 0.046875
2 0.52375 0.745583 0.0413437 0.0512917
2 0.419727 0.73774 0.0505781 0.0646042
2 0.394672 0.680021 0.0437188 0.0671667
2 0.378766 0.761698 0.0448438 0.0654792
2 0.457391 0.76674 0.0421875 0.0502708
2 0.479398 0.689104 0.0426719 0.0600833
2 0.43307 0.667083 0.0467031 0.059375
2 0.374359 0.71825 0.0425937 0.046
2 0.456344 0.852563 0.0535312 0.0635417
2 0.31718 0.734083 0.0357969 0.0540417
2 0.114891 0.456021 0.0192187 0.0115417
2 0.417242 0.791729 0.0369219 0.0479583
2 0.3425 0.745812 0.0380625 0.0477917
2 0.303812 0.791302 0.0454688 0.0608542
2 0.504781 0.774542 0.057625 0.0652917
2 0.467031 0.812615 0.0341875 0.0521458
2 0.409531 0.860563 0.041375 0.06125
2 0.467305 0.693646 0.0394219 0.0420417
2 0.431547 0.810562 0.0401562 0.0589583
