0 0.386947 0.47562 0.146747 0.10112
0 0.365827 0.17758 0.0902133 0.0746
0 0.611213 0.47353 0.0630667 0.04022
0 0.537133 0.11719 0.0663733 0.13758
0 0.646133 0.284 0.173173 0.0628
0 0.662347 0.3466 0.0949867 0.02532
0 0.439893 0.45957 0.0854933 0.11006
0 0.43732 0.17393 0.0782133 0.08206
0 0.72248 0.37075 0.163573 0.03542
0 0.641947 0.25647 0.113227 0.06658
0 0.511187 0.75966 0.0811467 0.16928
0 0.3636 0.43829 0.23104 0.0819
0 0.509173 0.4882 0.04096 0.05324
0 0.5586 0.54438 0.0473333 0.12036
0 0.435733 0.67958 0.168427 0.12404
0 0.608373 0.62627 0.0662933 0.06134
0 0.613667 0.34691 0.156667 0.06962
0 0.408107 0.67581 0.199573 0.12126
0 0.690827 0.55505 0.13936 0.03054
0 0.330053 0.102 0.0914667 0.14684
0 0.759027 0.50588 0.12392 0.0378
0 0.638267 0.76538 0.02416 0.06716
0 0.576613 0.10804 0.105707 0.1592
0 0.548653 0.17488 0.07848 0.09324
0 0.46904 0.70512 0.134667 0.16848
0 0.437787 0.53739 0.122613 0.10566
0 0.314107 0.19782 0.09904 0.05664
0 0.583293 0.35849 0.0845067 0.05194
0 0.441413 0.106 0.0648 0.1412
0 0.702933 0.8039 0.0463467 0.03788
0 0.646693 0.72581 0.134773 0.11506
0 0.3988 0.63497 0.1248 0.04458
0 0.680813 0.7207 0.159813 0.1056
0 0.564133 0.47942 0.0801067 0.0474
0 0.399773 0.07411 0.0377867 0.13058
0 0.374027 0.50887 0.0928 0.05314
0 0.49308 0.54174 0.0365067 0.09212
0 0.446093 0.47163 0.0956 0.04274
0 0.39124 0.17534 0.08296 0.07392
0 0.709533 0.28217 0.124293 0.05838
0 0.74064 0.7336 0.104693 0.06568
0 0.616133 0.60437 0.0768533 0.05382
0 0.548773 0.71275 0.0437867 0.0835
0 0.38904 0.63121 0.120373 0.03378
0 0.584 0.77751 0.0413867 0.16346
0 0.68772 0.52715 0.198907 0.06834
0 0.63068 0.5963 0.109147 0.07588
0 0.40796 0.53065 0.156773 0.08446
0 0.25496 0.16592 0.0412267 0.0848
0 0.528387 0.5459 0.0398667 0.12416
0 0.66904 0.58866 0.18016 0.06976
0 0.578027 0.3779 0.06864 0.02796
0 0.59324 0.54321 0.0790667 0.11046
0 0.678507 0.34678 0.169707 0.03464
0 0.664413 0.71611 0.155707 0.1115
0 0.624427 0.17065 0.141227 0.1061
0 0.534507 0.79185 0.0300267 0.10498
0 0.35592 0.0806 0.084 0.12812
0 0.29932 0.09387 0.0724 0.15518
0 0.48444 0.17933 0.06168 0.07698
0 0.695867 0.62255 0.148213 0.04442
0 0.693787 0.47133 0.192267 0.05766
0 0.61652 0.78558 0.0638667 0.10596
0 0.547653 0.80209 0.0166933 0.04978
0 0.390693 0.65433 0.22048 0.0887
0 0.609733 0.73227 0.08448 0.12562
0 0.66496 0.78113 0.0622933 0.08614
0 0.732413 0.37693 0.01624 0.00914
0 0.40876 0.63976 0.182587 0.0604
0 0.49016 0.1025 0.03712 0.12456
0 0.295787 0.20963 0.162773 0.05622
0 0.63876 0.54093 0.112773 0.0905
0 0.45108 0.69548 0.111813 0.09088
0 0.318933 0.41145 0.228 0.04098
0 0.46716 0.45273 0.0409867 0.08766
0 0.66008 0.32531 0.241813 0.0581
