0 0.713469 0.677054 0.0213125 0.0248592
0 0.791953 0.667934 0.0184375 0.0451643
0 0.529586 0.711549 0.0243906 0.0399531
0 0.629227 0.725059 0.0272656 0.0524178
0 0.556906 0.565798 0.025375 0.0352113
0 0.582711 0.567453 0.0319219 0.0215728
0 0.797289 0.629413 0.0197656 0.0458216
0 0.470148 0.5925 0.0207656 0.0351878
0 0.601547 0.60743 0.0190937 0.0420423
0 0.649422 0.73365 0.0217812 0.041338
0 0.789438 0.636796 0.0185937 0.0335915
0 0.692523 0.62723 0.0180781 0.0348826
0 0.761555 0.710434 0.0271094 0.0284742
0 0.645539 0.609789 0.0180781 0.0323005
0 0.629461 0.652688 0.0245469 0.0546244
0 0.787547 0.703462 0.0221562 0.029507
0 0.870813 0.657488 0.0272812 0.0360094
0 0.771133 0.673674 0.0274844 0.0515728
0 0.840062 0.715176 0.0385313 0.0364085
0 0.7315 0.661878 0.0214062 0.0246948
0 0.751992 0.649542 0.0201094 0.0518075
0 0.543148 0.614261 0.0285781 0.0254695
0 0.689344 0.655634 0.0194375 0.0271831
0 0.667992 0.721279 0.0211406 0.035892
0 0.876227 0.636291 0.0302031 0.0131455
0 0.826992 0.628462 0.0204531 0.0379577
0 0.565898 0.590563 0.0204531 0.0281221
0 0.609375 0.720951 0.0270937 0.0435915
0 0.852328 0.644249 0.0110937 0.0169484
0 0.502906 0.607664 0.0281563 0.0423239
0 0.730953 0.640681 0.0222812 0.0233333
0 0.731406 0.686056 0.0189375 0.0261502
0 0.605133 0.653721 0.0276719 0.0581925
0 0.847164 0.686596 0.0270781 0.034507
0 0.751742 0.6277 0.0207969 0.0456338
0 0.623617 0.599977 0.0247031 0.0537089
0 0.727227 0.626138 0.0236406 0.0352817
0 0.594477 0.674883 0.0323906 0.0533333
0 0.491359 0.651408 0.0371563 0.0380282
0 0.831766 0.684378 0.0268125 0.0428404
0 0.550156 0.660646 0.02875 0.040493
0 0.599141 0.557394 0.0195938 0.0174178
0 0.880016 0.683239 0.038125 0.0392019
0 0.656852 0.644965 0.0392031 0.0764085
0 0.595914 0.577465 0.0147031 0.0229108
0 0.569195 0.6627 0.0238594 0.0371831
0 0.579141 0.554789 0.0228437 0.0315493
0 0.464273 0.632629 0.0172969 0.0298592
0 0.458242 0.656244 0.0194531 0.0435211
0 0.482055 0.621103 0.0236094 0.0279812
0 0.691625 0.68473 0.0274687 0.0344836
0 0.76182 0.629613 0.0138281 0.0470657
0 0.585094 0.622876 0.0185625 0.0596479
0 0.750367 0.67804 0.0183906 0.0424648
0 0.540352 0.688592 0.0238594 0.0392488
0 0.623539 0.563462 0.0295781 0.0243427
0 0.556109 0.610258 0.013125 0.0143662
0 0.581086 0.691315 0.0389844 0.038169
0 0.610117 0.541362 0.0173281 0.0301408
0 0.537188 0.558075 0.0134687 0.0207512
0 0.493859 0.569589 0.0145 0.0244836
0 0.71457 0.611385 0.0196094 0.0309859
0 0.772883 0.644871 0.0221719 0.0492254
0 0.84493 0.6248 0.0171094 0.0235446
0 0.523375 0.656608 0.0295625 0.0273474
0 0.511781 0.652958 0.0179063 0.0228169
0 0.642633 0.586033 0.0317031 0.03
0 0.545492 0.56534 0.0143906 0.0368779
0 0.835961 0.653838 0.0240781 0.0317136
0 0.516383 0.680599 0.0334219 0.0343427
0 0.598648 0.591796 0.0272656 0.024108
0 0.811602 0.614566 0.0162031 0.0225587
0 0.520625 0.601455 0.01875 0.05
0 0.854969 0.607218 0.01 0.0357042
0 0.668406 0.667007 0.0370625 0.0266901
0 0.679547 0.625646 0.0100625 0.0118075
0 0.545367 0.723838 0.0196094 0.0425587
0 0.502242 0.56385 0.0177344 0.0276995
0 0.809367 0.702183 0.0347656 0.0284507
0 0.556453 0.635 0.0223438 0.0366667
0 0.711992 0.652617 0.0254531 0.0298357
0 0.821227 0.609636 0.00989063 0.0146244
0 0.503812 0.633462 0.0242188 0.0397418
0 0.584656 0.732911 0.0386562 0.0504225
