0 0.923539 0.654918 0.0220781 0.0253037
0 0.173008 0.814836 0.00954687 0.0156075
0 0.544719 0.784171 0.0118125 0.0127804
0 0.580648 0.690456 0.0218594 0.0296963
0 0.738219 0.919369 0.0258437 0.0162617
0 0.353945 0.657103 0.0102969 0.00864486
0 0.467625 0.86986 0.024875 0.0391121
0 0.848094 0.727804 0.0369375 0.0337383
0 0.513344 0.72743 0.0104688 0.0277103
0 0.637773 0.865631 0.0203594 0.0224299
0 0.42318 0.65354 0.0132344 0.0206776
0 0.775703 0.687091 0.018 0.0176402
0 0.725766 0.831449 0.0376563 0.0241121
0 0.502016 0.628458 0.0274687 0.0253271
0 0.714531 0.635993 0.0120938 0.0145561
0 0.16843 0.774229 0.0326406 0.025
0 0.633172 0.896402 0.031875 0.0431308
0 0.451063 0.726075 0.0191562 0.0481776
0 0.187094 0.734112 0.0140625 0.0224299
0 0.338859 0.76 0.0230625 0.0264019
0 0.348602 0.799907 0.0231406 0.023785
0 0.769102 0.739591 0.0296094 0.0518458
0 0.256094 0.818972 0.0133125 0.0146729
0 0.184523 0.820853 0.0182031 0.0159112
0 0.829992 0.805397 0.0140469 0.0373364
0 0.0473672 0.715584 0.0220156 0.0252336
0 0.810063 0.782862 0.0324375 0.0324065
0 0.789195 0.674685 0.0328594 0.0253037
0 0.6285 0.665047 0.0291563 0.0243925
0 0.527102 0.864042 0.0174531 0.0247664
0 0.590742 0.911729 0.0161094 0.0228505
0 0.745008 0.719614 0.0221406 0.0719393
0 0.227812 0.878294 0.0203438 0.0261215
0 0.285273 0.653002 0.0230156 0.0326402
0 0.177023 0.674825 0.0339531 0.0239486
0 0.283188 0.683423 0.0124063 0.0113785
0 0.443656 0.875444 0.0233125 0.0383645
0 0.231375 0.833493 0.0215 0.0339486
0 0.426898 0.637103 0.0212656 0.0188785
0 0.371039 0.703002 0.0262656 0.0411916
0 0.465562 0.674451 0.027 0.0172196
0 0.20018 0.868645 0.0277656 0.0298598
0 0.570148 0.91396 0.0303906 0.0422664
0 0.691984 0.814755 0.0275938 0.0389486
0 0.930937 0.862407 0.0175625 0.0407477
0 0.547227 0.650374 0.0134844 0.0146262
0 0.744852 0.788201 0.0296094 0.0312617
0 0.592328 0.876752 0.0216562 0.033785
0 0.288992 0.637056 0.0165781 0.035
0 0.666672 0.631168 0.019625 0.0321028
0 0.242969 0.661986 0.030125 0.0263084
0 0.745523 0.677453 0.0171094 0.0247664
0 0.567055 0.800105 0.0346094 0.026285
0 0.416039 0.699089 0.0348594 0.0190187
0 0.708648 0.790164 0.0232969 0.0560748
0 0.0987578 0.743516 0.0272656 0.0259112
0 0.599047 0.655152 0.0179687 0.033014
0 0.05775 0.694404 0.0243125 0.019229
0 0.577016 0.722196 0.0231562 0.0435981
0 0.262078 0.876355 0.0324375 0.0416822
0 0.127516 0.69507 0.0260312 0.0203738
0 0.33825 0.847699 0.0200938 0.0223131
0 0.267086 0.851869 0.0157031 0.0293458
0 0.498437 0.652278 0.0254063 0.0287617
0 0.447148 0.66868 0.0157031 0.0175935
0 0.693219 0.664965 0.0318125 0.0293224
0 0.260414 0.665327 0.0226719 0.026729
0 0.227727 0.677161 0.0285156 0.0210047
0 0.296422 0.840736 0.019625 0.0271729
0 0.740547 0.77222 0.0253125 0.048271
0 0.95593 0.70632 0.0183906 0.0231542
0 0.603016 0.75 0.0184375 0.0215888
0 0.559164 0.727605 0.0308594 0.0496028
0 0.6925 0.844287 0.0245938 0.0466121
0 0.360992 0.843972 0.0268594 0.025
0 0.39518 0.780245 0.0171406 0.0283879
0 0.889555 0.695736 0.0312969 0.0334346
0 0.0139609 0.660222 0.0279219 0.0327804
0 0.922383 0.838692 0.0149531 0.0446729
0 0.253656 0.706636 0.03575 0.025
0 0.712969 0.737921 0.0170937 0.049486
0 0.320984 0.720678 0.0361563 0.0301869
0 0.649109 0.899696 0.030375 0.0376636
0 0.694563 0.778703 0.0163125 0.0549299
0 0.645617 0.670421 0.0251719 0.0290187
0 0.664352 0.910689 0.0300156 0.0425935
0 0.412531 0.872664 0.0146563 0.0285981
0 0.430188 0.859287 0.00490625 0.0142757
0 0.718633 0.908026 0.0218906 0.0240888
0 0.813555 0.816974 0.0271094 0.0339486
0 0.292492 0.713014 0.0550156 0.0276636
0 0.961063 0.733832 0.01275 0.02
0 0.531234 0.737196 0.0169375 0.0422897
0 0.94757 0.84035 0.0129844 0.0319159
0 0.110352 0.719346 0.0277656 0.0276636
0 0.463203 0.795584 0.0367813 0.0311682
0 0.392711 0.692243 0.0188906 0.0361682
0 0.3315 0.871624 0.032 0.0308178
0 0.309953 0.824229 0.0198438 0.0361215
0 0.864812 0.911414 0.0138437 0.0191355
0 0.867922 0.826659 0.0152187 0.0263551
0 0.153484 0.761285 0.0188437 0.0209813
0 0.26575 0.632862 0.0164375 0.0467991
0 0.890422 0.731776 0.0236875 0.0366355
0 0.734781 0.808867 0.0295625 0.0253505
0 0.531195 0.66368 0.0172969 0.0241822
0 0.185875 0.865946 0.03175 0.023715
0 0.550508 0.700748 0.0215469 0.038785
0 0.523297 0.82382 0.020875 0.0333411
0 0.229602 0.654579 0.0194219 0.0156075
0 0.674969 0.695561 0.0175937 0.0278505
0 0.819398 0.738902 0.0246094 0.0233178
0 0.402422 0.737033 0.0212812 0.0302336
0 0.929359 0.751916 0.0177187 0.0444393
0 0.81968 0.872442 0.0322344 0.0268458
0 0.303711 0.689544 0.0301406 0.021472
0 0.567625 0.761227 0.0328125 0.0308178
0 0.156789 0.677033 0.0235469 0.0141589
0 0.906359 0.858925 0.0272812 0.0264019
0 0.375125 0.674112 0.0221875 0.0216355
0 0.598398 0.703306 0.0194844 0.0382009
0 0.706969 0.884404 0.0215625 0.0327336
0 0.956141 0.762605 0.0169375 0.0462383
0 0.799828 0.662558 0.0225625 0.0379206
0 0.821578 0.677839 0.0226562 0.0203037
0 0.975352 0.811355 0.0320781 0.0316355
0 0.615055 0.89729 0.0334219 0.0386916
0 0.278898 0.772325 0.0179844 0.016986
0 0.912078 0.709883 0.01825 0.046028
0 0.0796797 0.684813 0.0184219 0.0145327
0 0.486094 0.62521 0.026625 0.0256075
0 0.428242 0.843388 0.0322969 0.0209813
0 0.347523 0.887371 0.0252031 0.0360981
0 0.516258 0.661542 0.0149219 0.0249533
0 0.585727 0.666893 0.0230469 0.033972
0 0.662344 0.823692 0.0338437 0.0563084
0 0.440227 0.912336 0.0113594 0.0234579
0 0.2085 0.784614 0.0347812 0.0221729
0 0.327516 0.769287 0.0330625 0.0324065
0 0.421359 0.736192 0.0175937 0.0289252
0 0.420289 0.761297 0.0153906 0.0265187
0 0.303211 0.720946 0.0293281 0.0209579
0 0.586883 0.764521 0.0346094 0.0277336
0 0.674289 0.797897 0.0179844 0.0300467
0 0.971008 0.751998 0.0186094 0.0191822
0 0.337656 0.738259 0.0321875 0.0277804
0 0.486805 0.743049 0.0370156 0.0493224
0 0.553656 0.921951 0.0191875 0.048014
0 0.888437 0.664451 0.0177813 0.0293692
0 0.143937 0.752009 0.0324375 0.0200467
0 0.277102 0.752465 0.0342969 0.0246963
0 0.438883 0.65972 0.0177656 0.0151402
0 0.675945 0.826974 0.0282656 0.0563785
0 0.202664 0.733563 0.0206094 0.0139019
0 0.067875 0.699369 0.0210625 0.0182243
0 0.872062 0.690818 0.0223125 0.0215888
0 0.706445 0.76743 0.0119844 0.0422897
0 0.501 0.829673 0.02 0.0326168
0 0.161086 0.730304 0.0233906 0.0230374
0 0.166031 0.705093 0.034875 0.023785
0 0.380305 0.8375 0.0221094 0.025
0 0.703656 0.649077 0.0233437 0.0308645
0 0.775586 0.84278 0.0179531 0.0170561
0 0.465133 0.818586 0.0281094 0.0277804
0 0.149734 0.78611 0.0212812 0.0222196
0 0.0391797 0.664509 0.0217656 0.0181776
0 0.717453 0.806145 0.0279063 0.0413084
0 0.343227 0.822956 0.0214531 0.0270794
0 0.190609 0.690888 0.0242188 0.0277103
0 0.91132 0.739486 0.0220156 0.0399065
0 0.910664 0.83889 0.0194219 0.0331542
0 0.7565 0.735269 0.0186875 0.0455374
0 0.97432 0.790736 0.0252031 0.0228271
0 0.854641 0.785269 0.040625 0.0578738
0 0.200195 0.751706 0.0293594 0.021729
0 0.51475 0.903937 0.0155312 0.0450701
0 0.396203 0.805245 0.021125 0.0226402
0 0.368414 0.891647 0.0347031 0.0344159
0 0.671531 0.661414 0.0276875 0.0339486
0 0.629789 0.688224 0.0327656 0.0242523
0 0.480039 0.789439 0.0258594 0.032757
0 0.0731797 0.67778 0.00907812 0.00925234
0 0.560063 0.85736 0.017 0.0275234
0 0.821727 0.693248 0.0336094 0.0268692
0 0.306211 0.745502 0.0483281 0.0256776
0 0.853461 0.862091 0.0221094 0.0253037
0 0.602828 0.805397 0.010125 0.0157477
0 0.482094 0.677266 0.0225312 0.0238785
0 0.456648 0.739965 0.0326406 0.0299299
0 0.436297 0.65278 0.025 0.0166822
0 0.565633 0.834883 0.0146719 0.0290187
0 0.536828 0.703178 0.0236875 0.0381308
0 0.895352 0.831577 0.0148281 0.0289019
0 0.376383 0.868668 0.0377969 0.0342523
0 0.670297 0.877839 0.0261875 0.0272664
0 0.844609 0.679404 0.0394062 0.0282009
0 0.175047 0.747757 0.0256875 0.0291121
0 0.487133 0.705783 0.0307344 0.0265187
0 0.931055 0.89611 0.0149531 0.0263785
0 0.441102 0.89722 0.0131719 0.0285981
0 0.516672 0.688423 0.031625 0.0299299
0 0.88832 0.758481 0.0297656 0.0267757
0 0.330516 0.671297 0.04525 0.0401168
0 0.807719 0.893248 0.0123125 0.0271028
0 0.212773 0.738738 0.0238281 0.0240187
0 0.935172 0.802909 0.0184062 0.0165187
0 0.94032 0.690129 0.0352969 0.0210047
0 0.485266 0.923925 0.020875 0.0194393
0 0.227484 0.808061 0.0319688 0.0309346
0 0.364695 0.799521 0.0210156 0.0289953
0 0.517492 0.640397 0.0210156 0.0307944
0 0.191047 0.844439 0.0245938 0.0271495
0 0.546188 0.888575 0.0135937 0.0371495
0 0.376547 0.823271 0.02325 0.0272897
0 0.747914 0.637453 0.0330781 0.0333645
0 0.376391 0.711121 0.0207188 0.0308411
0 0.754633 0.813995 0.0210156 0.0469159
0 0.474523 0.691519 0.0386406 0.0280841
0 0.10243 0.685666 0.0289531 0.0223131
0 0.627195 0.770304 0.0194219 0.0361682
0 0.775172 0.699544 0.0204375 0.0194626
0 0.549742 0.765888 0.0254219 0.0258879
0 0.430734 0.823995 0.0186875 0.0259813
0 0.147695 0.70139 0.0101719 0.0129673
0 0.531195 0.901343 0.0217344 0.0488551
0 0.368414 0.63021 0.0297656 0.0178972
0 0.61243 0.723773 0.0247969 0.0401168
0 0.838547 0.858645 0.0168437 0.0248598
0 0.502289 0.924591 0.0218594 0.0403505
0 0.656648 0.743832 0.0169531 0.0240654
