2 0.806742 0.734521 0.0526406 0.063
2 0.729039 0.343146 0.0570469 0.04575
2 0.694312 0.608844 0.0515312 0.0710208
2 0.66082 0.481844 0.0460156 0.0351042
2 0.770281 0.483823 0.0490312 0.0547292
2 0.672641 0.451333 0.0484687 0.0574167
2 0.583258 0.629229 0.0153906 0.0522917
2 0.566187 0.623594 0.0188437 0.0358958
2 0.65068 0.635208 0.0591406 0.08975
2 0.628523 0.695833 0.0382031 0.0324167
2 0.634469 0.567104 0.0530312 0.0639167
2 0.778508 0.57551 0.0490469 0.0623125
2 0.71468 0.443281 0.0367031 0.0446458
