0 0.89382 0.733369 0.0185469 0.0153286
0 0.915984 0.717864 0.0242188 0.0171831
0 0.942359 0.751373 0.0410313 0.0327934
0 0.929047 0.787911 0.0153437 0.0289671
0 0.982187 0.734401 0.0280313 0.0314789
0 0.956492 0.777113 0.0137344 0.0357277
0 0.919242 0.791984 0.0126719 0.02223
0 0.906938 0.751854 0.0139063 0.0158685
0 0.890937 0.792054 0.0204688 0.0215258
0 0.957625 0.804472 0.0175937 0.0343427
0 0.924156 0.748333 0.0387188 0.0284507
0 0.906336 0.773826 0.0209844 0.0148826
0 0.894828 0.775692 0.0353125 0.0230751
0 0.9285 0.734131 0.0408437 0.0200939
0 0.980227 0.761749 0.0233594 0.00870892
0 0.956773 0.726127 0.0190469 0.021784
0 0.902273 0.800786 0.0220469 0.019554
0 0.950398 0.756854 0.0389219 0.0230986
0 0.905969 0.730164 0.0227187 0.0162441
0 0.979172 0.741209 0.0296875 0.0253756
0 0.994336 0.811854 0.0113281 0.0137559
0 0.984039 0.716408 0.0214844 0.0220657
0 0.9775 0.804214 0.0115937 0.0164085
