0 0.516729 0.0508984 0.1005 0.100766
0 0.68651 0.0944531 0.145979 0.188906
0 0.7475 0.0903672 0.176375 0.178734
0 0.596833 0.105594 0.123583 0.20625
1 0.83924 0.23482 0.0512708 0.0335781
1 0.859031 0.271797 0.0919792 0.0466562
1 0.691594 0.347945 0.0960625 0.0343594
1 0.950396 0.402156 0.0439583 0.0221875
1 0.746219 0.371922 0.117271 0.0361563
1 0.783677 0.425125 0.101688 0.0360313
1 0.690135 0.263008 0.0578125 0.0570156
1 0.918094 0.319102 0.0601875 0.0269219
1 0.701344 0.313719 0.0588125 0.0412813
1 0.759719 0.413211 0.0929792 0.0530781
1 0.922625 0.423078 0.0899167 0.0425625
1 0.681417 0.250734 0.0638333 0.0428437
1 0.867479 0.448664 0.0597083 0.0409844
1 0.800906 0.299633 0.0487292 0.0548281
1 0.848302 0.418797 0.0367708 0.0509375
1 0.975719 0.366695 0.0405625 0.0399531
1 0.815646 0.400914 0.0325 0.0272969
1 0.970271 0.337891 0.0583333 0.0390625
1 0.916667 0.286023 0.0519167 0.0297344
1 0.878948 0.244484 0.0523125 0.0540937
1 0.936406 0.358 0.0512708 0.0507812
1 0.837146 0.30632 0.041375 0.0589844
1 0.73449 0.301359 0.0714375 0.0472813
1 0.749615 0.285016 0.0418958 0.042
1 0.789958 0.442141 0.105292 0.0323125
1 0.896583 0.345562 0.0882083 0.0684687
1 0.900052 0.410766 0.0690625 0.0374375
1 0.816792 0.461578 0.0525417 0.012
1 0.743281 0.253977 0.0561042 0.0385156
1 0.824906 0.353031 0.0821042 0.0372188
1 0.759771 0.340672 0.0583333 0.0356563
1 0.883833 0.465641 0.0554167 0.00934375
1 0.81099 0.24832 0.0279792 0.0393906
1 0.778021 0.242867 0.0537083 0.0307656
1 0.674698 0.368 0.0293958 0.0235938
1 0.896042 0.384359 0.0598333 0.0312812
1 0.899156 0.454664 0.0459792 0.0273281
1 0.908385 0.299531 0.0393958 0.0270937
1 0.807677 0.327906 0.0646042 0.0185625
1 0.67574 0.327062 0.0276875 0.0171875
1 0.848198 0.389555 0.0401458 0.0431719
1 0.873823 0.314234 0.0379375 0.0325625
1 0.822365 0.282055 0.0328125 0.0271719
1 0.942125 0.301477 0.0513333 0.0493281
1 0.773552 0.354953 0.0317292 0.00984375
1 0.65751 0.382727 0.0281042 0.0232656
1 0.834802 0.368547 0.0606042 0.0305
1 0.920917 0.455898 0.0235833 0.0241094
1 0.697229 0.419797 0.0420417 0.0276875
1 0.714802 0.390039 0.0869792 0.0253906
1 0.759198 0.319539 0.0591458 0.0271719
1 0.657948 0.320586 0.0141875 0.0257031
1 0.914573 0.392539 0.0348125 0.0164531
1 0.804115 0.385055 0.0385625 0.0162656
