1 0.26576 0.516846 0.0578268 0.0598366
1 0.331732 0.517132 0.0722549 0.0712908
1 0.243145 0.463505 0.0671405 0.0948529
1 0.419714 0.468374 0.0641667 0.0621732
1 0.355408 0.369281 0.0697386 0.0656536
1 0.301258 0.349951 0.0659804 0.0425817
1 0.430449 0.523203 0.0614216 0.0718301
1 0.382843 0.522443 0.0467974 0.0552778
1 0.289518 0.392582 0.067598 0.0556536
1 0.29857 0.480131 0.0487092 0.0448693
1 0.355188 0.473979 0.073219 0.0611601
1 0.302353 0.435817 0.0734641 0.055098
1 0.418342 0.397876 0.0674346 0.0889542
1 0.454984 0.363186 0.0568954 0.0590196
1 0.450433 0.444011 0.0436111 0.0554085
1 0.275801 0.368015 0.0273203 0.028317
1 0.355899 0.424853 0.0685948 0.0503268
1 0.299665 0.522149 0.0281536 0.0478595
