2 0.323141 0.48922 0.0299687 0.0370213
2 0.327484 0.521785 0.0327188 0.0582742
2 0.207719 0.30182 0.021875 0.0274232
2 0.423859 0.552967 0.039 0.0492908
2 0.310367 0.36422 0.0239219 0.0281087
2 0.317 0.346135 0.0161875 0.0307565
2 0.365063 0.38026 0.0206875 0.0266667
2 0.341094 0.378522 0.0161563 0.0339243
2 0.300109 0.47013 0.016625 0.0305201
2 0.319953 0.432199 0.0159063 0.0240662
2 0.218422 0.330863 0.0259062 0.0328369
2 0.460734 0.552281 0.0272812 0.0283924
2 0.339141 0.449787 0.0296875 0.0451537
2 0.430188 0.570343 0.026625 0.0260757
2 0.386109 0.43169 0.0219375 0.0383688
2 0.258539 0.361206 0.0144219 0.0187234
2 0.237187 0.275626 0.0195625 0.0286052
2 0.359039 0.478853 0.0199531 0.0295272
2 0.423906 0.479468 0.0279687 0.0306619
2 0.299156 0.396052 0.0206875 0.031253
2 0.363086 0.437045 0.0257344 0.0439243
2 0.350141 0.405083 0.0310312 0.0446336
2 0.376289 0.401158 0.0251406 0.0416548
2 0.377609 0.468771 0.026625 0.0379669
2 0.311141 0.456454 0.02975 0.0419858
2 0.398047 0.499764 0.0178125 0.0259102
2 0.4725 0.525142 0.0327812 0.0428605
2 0.351133 0.511678 0.0306406 0.0491253
2 0.281945 0.365615 0.0340156 0.0482979
2 0.234547 0.367305 0.0106875 0.0182033
2 0.431328 0.516844 0.0263437 0.0322695
2 0.363336 0.544173 0.0422344 0.0410165
2 0.396109 0.55708 0.025625 0.0466903
2 0.395594 0.455638 0.0186562 0.0323168
2 0.324672 0.406631 0.024375 0.0337825
2 0.277484 0.427057 0.0354375 0.0429078
2 0.401938 0.440154 0.0350937 0.0310875
2 0.278187 0.323913 0.0245 0.0314184
2 0.250156 0.288203 0.021875 0.0410402
2 0.2595 0.397719 0.0186875 0.0262648
2 0.284492 0.397695 0.0176406 0.0215366
2 0.292719 0.353972 0.0224062 0.0382033
2 0.346836 0.48474 0.0244531 0.0173759
2 0.224344 0.299374 0.011375 0.0307565
