2 0.800953 0.908958 0.0630313 0.130042
2 0.892156 0.665219 0.0756563 0.0683958
2 0.987836 0.424219 0.0197656 0.0597292
2 0.401687 0.46599 0.0480312 0.0703958
2 0.950187 0.468052 0.099625 0.0953542
2 0.956305 0.745219 0.0873906 0.109563
2 0.309539 0.467448 0.0511406 0.0583542
2 0.870445 0.698531 0.112141 0.0840208
2 0.0395391 0.574406 0.0615156 0.0476875
2 0.330516 0.276583 0.0460625 0.0385833
2 0.621188 0.322448 0.0415625 0.0633958
2 0.904789 0.413771 0.0623906 0.0424167
2 0.87818 0.512823 0.0482031 0.0420208
2 0.892578 0.569656 0.104719 0.0846042
2 0.968984 0.447698 0.0600625 0.0668125
2 0.874734 0.834698 0.160094 0.131562
2 0.964195 0.566719 0.0683281 0.0895625
2 0.851367 0.946667 0.0683594 0.106667
2 0.796883 0.961667 0.0866406 0.0766667
2 0.881594 0.463531 0.0495625 0.0633125
2 0.947141 0.597146 0.0903438 0.08775
2 0.844797 0.74001 0.0731563 0.0999792
2 0.928047 0.97499 0.143906 0.0500208
