0 0.631054 0.724586 0.0654333 0.0792969
0 0.76918 0.538938 0.103138 0.159375
0 0.606183 0.257937 0.103044 0.121781
0 0.782799 0.949805 0.0938407 0.0558906
0 0.329719 0.491977 0.0462295 0.0876719
0 0.850328 0.930719 0.0546604 0.0461875
0 0.786253 0.594531 0.165012 0.131781
0 0.685492 0.734609 0.0890164 0.0794062
0 0.689215 0.590453 0.0989461 0.144219
0 0.371054 0.753148 0.100843 0.0492656
0 0.447869 0.898539 0.0957377 0.0502656
0 0.54966 0.797258 0.0472834 0.0717656
0 0.479426 0.423109 0.0392272 0.1225
0 0.437951 0.382344 0.0570258 0.0806875
0 0.351194 0.811195 0.0259485 0.0458594
0 0.679977 0.430078 0.0853864 0.140406
0 0.59596 0.775125 0.0596956 0.070625
0 0.407002 0.583703 0.284731 0.134125
0 0.531511 0.721234 0.0695316 0.106875
0 0.729614 0.953102 0.072623 0.0503281
0 0.445047 0.629758 0.212295 0.0679844
0 0.842564 0.729664 0.0886885 0.0698281
0 0.854848 0.491148 0.0421546 0.0908281
0 0.697611 0.777773 0.0957377 0.0866094
0 0.707494 0.900266 0.0888056 0.0754062
0 0.554344 0.520625 0.0532319 0.124719
0 0.760785 0.782406 0.0928571 0.070625
0 0.632986 0.178906 0.0492506 0.0656875
0 0.8726 0.572008 0.0469789 0.106359
0 0.374297 0.914039 0.0361827 0.0590156
0 0.460984 0.932445 0.168993 0.0647656
0 0.292705 0.423477 0.0709368 0.105828
0 0.414789 0.634648 0.230796 0.0917344
0 0.787119 0.80925 0.18637 0.0744375
0 0.760176 0.884688 0.0828337 0.0810625
0 0.608934 0.516344 0.0746838 0.131375
0 0.496557 0.7635 0.0894145 0.0885312
0 0.610445 0.954703 0.0452927 0.0729375
0 0.64281 0.424609 0.0243091 0.0865
0 0.371557 0.975797 0.0605855 0.0484062
0 0.56637 0.458945 0.0488993 0.185016
0 0.627787 0.789195 0.0554333 0.0859531
0 0.780749 0.419945 0.0521311 0.0851094
0 0.771007 0.971523 0.186932 0.0472344
0 0.457283 0.270711 0.0879157 0.0937031
0 0.669052 0.960227 0.087377 0.0605469
0 0.852939 0.984719 0.0411944 0.0305625
0 0.375281 0.379445 0.101429 0.154859
0 0.820281 0.534078 0.0980328 0.142625
0 0.524801 0.219656 0.0831382 0.142687
0 0.660422 0.240102 0.0926464 0.123828
0 0.873536 0.874906 0.0519438 0.0355
0 0.818607 0.713594 0.0465808 0.0757812
0 0.43171 0.878945 0.125293 0.0465781
0 0.440925 0.66975 0.242459 0.0998125
0 0.748091 0.466664 0.0699532 0.142016
0 0.609649 0.442266 0.0645433 0.149594
0 0.371628 0.547617 0.0633958 0.107203
0 0.32226 0.4205 0.0621311 0.0595313
0 0.359473 0.566586 0.101241 0.0795469
0 0.469824 0.960727 0.153044 0.0741094
0 0.721768 0.317688 0.175386 0.069625
0 0.531932 0.609336 0.0341218 0.0288594
0 0.443033 0.759562 0.0631148 0.0862187
0 0.65945 0.894914 0.0894848 0.0842969
0 0.7724 0.717719 0.0802576 0.0947187
0 0.519883 0.911742 0.0919438 0.0719844
0 0.692084 0.200461 0.0565808 0.104703
0 0.799438 0.889656 0.102763 0.0651875
0 0.405386 0.848477 0.1274 0.0464531
0 0.836171 0.930258 0.0573536 0.0482344
0 0.412365 0.492852 0.0370492 0.108516
0 0.619415 0.200937 0.049274 0.0874375
0 0.717389 0.300352 0.208314 0.0757031
0 0.477763 0.542312 0.0722951 0.117438
0 0.50966 0.514094 0.051171 0.143344
0 0.382904 0.700562 0.114145 0.0639062
0 0.376311 0.806656 0.0586183 0.0754062
0 0.399731 0.985656 0.0766042 0.0286875
0 0.736698 0.708695 0.0531616 0.0797344
0 0.553056 0.283695 0.119461 0.0904219
0 0.835258 0.893688 0.0927635 0.0510625
0 0.584087 0.880281 0.0628806 0.111594
0 0.819063 0.772648 0.0604215 0.0626094
0 0.322178 0.676625 0.0207494 0.042125
0 0.465773 0.625742 0.112576 0.0399219
0 0.321382 0.472352 0.0421546 0.0621719
0 0.442471 0.827812 0.103162 0.0819375
0 0.698782 0.248398 0.130867 0.123172
0 0.660117 0.518789 0.0866042 0.124453
0 0.876932 0.588258 0.0798595 0.0962344
0 0.316265 0.567102 0.0446604 0.0574844
0 0.507717 0.444258 0.0484075 0.102828
0 0.565117 0.949703 0.0569789 0.0590313
0 0.433384 0.556352 0.0778689 0.107141
0 0.385703 0.4735 0.0955738 0.11125
0 0.466499 0.691898 0.0642857 0.111453
0 0.491311 0.980625 0.131991 0.03875
0 0.524274 0.853086 0.07637 0.0886094
0 0.453489 0.454039 0.0598126 0.132578
0 0.737646 0.250789 0.109438 0.122641
0 0.492881 0.620914 0.0854333 0.0402969
0 0.570375 0.207117 0.0604215 0.125734
0 0.668759 0.44868 0.0562061 0.132672
0 0.722658 0.484898 0.0603981 0.124828
0 0.707681 0.389148 0.0605152 0.0758906
0 0.399801 0.383555 0.043911 0.0736094
0 0.319251 0.795094 0.0461827 0.0705625
0 0.626803 0.344367 0.0962295 0.0549219
