2 0.683344 0.139133 0.0515312 0.0225156
2 0.201781 0.500008 0.027625 0.0177344
2 0.897141 0.639719 0.0601875 0.0529375
2 0.902789 0.795773 0.0877031 0.0889531
2 0.377516 0.152781 0.0191562 0.0244062
2 0.485984 0.168063 0.0985938 0.0420312
2 0.509734 0.208414 0.124 0.0587969
2 0.597789 0.394422 0.0551719 0.0479375
2 0.940789 0.719742 0.0848281 0.0809531
2 0.1105 0.912836 0.0980313 0.0741094
2 0.33668 0.414352 0.0767656 0.0475156
2 0.341922 0.123867 0.048375 0.0271719
2 0.75718 0.422273 0.0760781 0.0552969
2 0.390383 0.130523 0.0373281 0.0253594
2 0.6275 0.1425 0.0435 0.0321562
2 0.29968 0.155 0.0666719 0.0481875
2 0.609094 0.220344 0.063625 0.039125
2 0.0482891 0.624219 0.0695469 0.0728437
2 0.538211 0.237359 0.0590469 0.0268437
2 0.334695 0.200633 0.100078 0.0320469
2 0.668 0.403234 0.044875 0.0404687
2 0.663969 0.944273 0.0715 0.0559531
2 0.250297 0.94 0.128875 0.089625
2 0.608922 0.0310234 0.02575 0.0288594
2 0.374922 0.388805 0.0819375 0.0539531
2 0.5125 0.974172 0.0716563 0.0478438
