2 0.00922353 0.643664 0.0184471 0.0182969
2 0.0872588 0.571461 0.0196941 0.0137969
2 0.2944 0.600648 0.0136471 0.0120781
2 0.180506 0.633945 0.0294824 0.0184531
2 0.184494 0.568211 0.0297882 0.0130156
2 0.157059 0.656828 0.0360941 0.019125
2 0.220071 0.605383 0.0269176 0.0162031
2 0.275318 0.580148 0.0266824 0.0159844
2 0.277282 0.593953 0.03 0.0165313
2 0.133082 0.598969 0.0307765 0.0160625
2 0.166635 0.603875 0.0350118 0.0234375
2 0.181153 0.560508 0.0242824 0.0100469
2 0.129235 0.554445 0.0257647 0.0110781
2 0.202388 0.614492 0.0307059 0.0175781
2 0.0854 0.651055 0.0216706 0.0146719
2 0.150588 0.550281 0.0256471 0.0146875
2 0.243176 0.597938 0.0286118 0.0156563
2 0.127118 0.63775 0.0376235 0.0215938
2 0.263529 0.618031 0.0235765 0.0174375
2 0.159259 0.587586 0.0292 0.0171719
2 0.0495765 0.584937 0.0228706 0.010625
2 0.0229647 0.615039 0.0242824 0.0144844
2 0.0677882 0.631344 0.0243765 0.0165937
2 0.213424 0.645094 0.0286824 0.0200625
2 0.198459 0.64768 0.0229412 0.0174531
2 0.0214471 0.630414 0.0328235 0.0186406
2 0.107271 0.665461 0.0303059 0.0165156
2 0.247906 0.652117 0.0271059 0.0122031
2 0.187612 0.588008 0.0251059 0.0129844
2 0.176059 0.651383 0.0306588 0.0195469
2 0.1056 0.601953 0.0312 0.0159063
2 0.143965 0.584742 0.0188941 0.0124219
2 0.235165 0.641516 0.0215765 0.0186562
2 0.0724471 0.591922 0.0297412 0.0145
2 0.0672588 0.567883 0.0267059 0.0155156
2 0.147471 0.614219 0.0304235 0.0202188
2 0.235153 0.619734 0.0356235 0.0192187
2 0.104094 0.652078 0.0239059 0.0150937
2 0.220118 0.629078 0.0262118 0.0174375
2 0.187424 0.578328 0.0319294 0.0150625
2 0.102506 0.562273 0.00543529 0.00567187
2 0.305424 0.638484 0.0179529 0.0145
2 0.0471882 0.616633 0.0321647 0.0148281
2 0.281941 0.619234 0.0209176 0.0147813
2 0.283435 0.609055 0.0228706 0.0186094
2 0.263165 0.645258 0.0311294 0.0177969
2 0.144106 0.576031 0.0315529 0.01475
2 0.0986353 0.636109 0.0383529 0.0203438
2 0.116129 0.568312 0.0206353 0.0132812
2 0.0505765 0.600516 0.0358824 0.0198125
2 0.0874118 0.562523 0.0248471 0.00785938
2 0.155706 0.626695 0.0304706 0.0184219
2 0.301282 0.613961 0.0213412 0.0151406
2 0.207635 0.586305 0.0171059 0.00720313
2 0.264224 0.605438 0.0187529 0.01425
2 0.0409294 0.568953 0.0253882 0.0109063
2 0.140294 0.562672 0.0222353 0.0134687
2 0.273247 0.632375 0.0244235 0.017875
2 0.0858941 0.664547 0.0239294 0.0150937
2 0.00862353 0.597625 0.0172471 0.0149062
2 0.199294 0.631055 0.0221176 0.0180156
2 0.1326 0.668391 0.03 0.015375
2 0.239671 0.587492 0.0294118 0.0167656
2 0.311482 0.627133 0.0173647 0.0132969
2 0.0799765 0.636391 0.0154353 0.0162188
2 0.319953 0.637336 0.0163765 0.00989063
2 0.113624 0.612203 0.0363765 0.017
2 0.123306 0.579766 0.0130118 0.00984375
2 0.157835 0.67025 0.0354824 0.0156563
2 0.0818118 0.606102 0.0249412 0.0137031
2 0.149965 0.641937 0.0273176 0.0181562
2 0.285965 0.644773 0.0219059 0.0141406
2 0.0659647 0.646922 0.0268 0.017875
2 0.290565 0.632742 0.0174118 0.0139219
2 0.105435 0.574461 0.0254588 0.0145469
2 0.252918 0.591398 0.0274824 0.0151719
2 0.0224235 0.658133 0.0245647 0.0153906
2 0.198882 0.661859 0.0252 0.0135
2 0.0328118 0.579602 0.0224706 0.0127031
2 0.249988 0.632336 0.0264235 0.0196094
2 0.231576 0.573695 0.0278118 0.0194844
2 0.0656 0.663609 0.0246118 0.0124688
2 0.0452471 0.659266 0.0355765 0.0189375
2 0.181988 0.667211 0.0245412 0.0138906
2 0.0268706 0.598437 0.0338824 0.0190625
2 0.130647 0.655641 0.0260941 0.0154687
2 0.177718 0.61743 0.0300706 0.0186094
2 0.229094 0.656133 0.0276941 0.0134531
2 0.208706 0.594695 0.0192 0.0112031
2 0.118106 0.561375 0.0255765 0.0124688
2 0.0617882 0.618766 0.024 0.0156563
2 0.0451176 0.630539 0.0276471 0.0155469
2 0.0875529 0.619125 0.0309647 0.0195938
2 0.120835 0.622211 0.0307059 0.0197344
2 0.0771059 0.577797 0.0112 0.00825
