0 0.788961 0.363072 0.155234 0.131846
0 0.809008 0.259217 0.0910781 0.0700234
0 0.843227 0.15653 0.0697969 0.197593
0 0.759648 0.209708 0.170797 0.325724
0 0.689469 0.681636 0.11 0.339907
0 0.876789 0.562593 0.167547 0.109626
0 0.931484 0.143002 0.0505625 0.144229
0 0.7875 0.561016 0.116031 0.366846
0 0.94743 0.468096 0.0303906 0.0876869
0 0.883336 0.470082 0.0591094 0.0882944
0 0.873773 0.676192 0.176109 0.131916
0 0.725453 0.142815 0.179719 0.211285
0 0.78118 0.345876 0.185297 0.118902
0 0.595414 0.552921 0.120203 0.0935047
0 0.727508 0.194486 0.180578 0.254626
0 0.894227 0.162745 0.0502969 0.136051
0 0.926859 0.429299 0.0616875 0.164907
0 0.868688 0.584112 0.185625 0.425
0 0.86268 0.253154 0.0464844 0.0521028
0 0.749891 0.667827 0.0401875 0.111589
0 0.913188 0.320958 0.0843125 0.0749065
0 0.620914 0.481192 0.208203 0.156075
0 0.698445 0.188248 0.130484 0.156075
0 0.387984 0.657617 0.249406 0.171028
0 0.633586 0.671636 0.0669844 0.278178
0 0.905937 0.265502 0.105594 0.0800701
