2 0.365672 0.59399 0.0567187 0.0486875
2 0.205313 0.392833 0.04525 0.012125
2 0.916 0.651604 0.0629375 0.035375
2 0.33375 0.59374 0.0446875 0.0431458
2 0.926633 0.62674 0.0734531 0.0303125
2 0.971047 0.613479 0.043125 0.0331667
2 0.932453 0.599469 0.0297812 0.0386458
2 0.616375 0.420927 0.0304063 0.0213125
2 0.305109 0.585313 0.0383125 0.0457083
2 0.233664 0.375281 0.0175469 0.0258125
2 0.182273 0.383479 0.0465156 0.0232083
2 0.673102 0.420552 0.0603906 0.0148125
2 0.308008 0.567531 0.0345781 0.0218542
2 0.0920547 0.369177 0.0471406 0.0250625
2 0.791109 0.392031 0.0544687 0.0195625
2 0.399594 0.603156 0.0415625 0.0291042
2 0.153203 0.385573 0.0250312 0.0228542
2 0.898734 0.595583 0.0429375 0.0500833
