0 0.659854 0.807508 0.0329167 0.0412656
0 0.566937 0.747563 0.068375 0.0259062
0 0.633385 0.783742 0.0433125 0.0457344
0 0.643792 0.719516 0.0614583 0.0230312
0 0.463781 0.789039 0.0340208 0.0314531
0 0.661604 0.739141 0.0185833 0.0170937
0 0.547427 0.725242 0.0460625 0.0501406
0 0.509323 0.816281 0.0543542 0.0689687
0 0.54551 0.813266 0.0693958 0.06025
0 0.560635 0.732383 0.0680208 0.0444531
0 0.478583 0.801336 0.0457917 0.0317969
0 0.641052 0.744414 0.0346042 0.0201406
0 0.442781 0.805203 0.0264792 0.0262188
0 0.535062 0.821359 0.052625 0.0628125
0 0.605802 0.845727 0.0938125 0.0338906
0 0.629812 0.728219 0.0454167 0.0281563
0 0.497052 0.775469 0.0187292 0.0115312
0 0.629896 0.804227 0.03725 0.0446094
0 0.494573 0.728453 0.0372292 0.0564375
0 0.596177 0.820805 0.0458958 0.0253906
0 0.510792 0.715516 0.0302083 0.0659062
0 0.453313 0.772031 0.0394167 0.0208125
0 0.59974 0.838203 0.0806875 0.0240938
0 0.566187 0.778445 0.058875 0.0211406
0 0.56225 0.804195 0.07225 0.0472031
0 0.531198 0.72218 0.0358958 0.0546094
