0 0.276552 0.321516 0.0679375 0.0840313
0 0.727083 0.446031 0.059625 0.143844
0 0.766094 0.296273 0.128229 0.154891
0 0.704521 0.277484 0.093 0.210594
0 0.329667 0.731523 0.108 0.0793594
0 0.796656 0.219102 0.0989792 0.132516
0 0.604125 0.523242 0.103125 0.155078
0 0.76475 0.655687 0.0485417 0.0435938
0 0.790198 0.50675 0.0304375 0.0534063
0 0.669677 0.489766 0.0792708 0.167313
0 0.276344 0.600711 0.118479 0.101766
0 0.346823 0.264383 0.0801458 0.0958594
0 0.354677 0.781406 0.142229 0.0735937
0 0.39326 0.458734 0.0918958 0.185281
0 0.744323 0.175906 0.0736042 0.154188
0 0.42875 0.87307 0.100833 0.0903594
0 0.628292 0.167117 0.0923333 0.200859
0 0.632042 0.858352 0.0520833 0.0484219
0 0.385635 0.519023 0.0932292 0.124453
0 0.476458 0.460828 0.0661667 0.168313
0 0.530823 0.5315 0.0832292 0.140469
0 0.282583 0.65982 0.1155 0.0519531
0 0.270792 0.491055 0.0461667 0.0798594
0 0.404406 0.841453 0.0847708 0.0645
0 0.232844 0.484508 0.0494375 0.0929531
0 0.556604 0.24293 0.0739583 0.212609
0 0.334937 0.443 0.060125 0.153
0 0.356865 0.616227 0.0594375 0.0851406
0 0.785875 0.678727 0.095 0.0740156
0 0.473208 0.876422 0.0856667 0.0805625
0 0.519896 0.706555 0.0778333 0.110922
0 0.602073 0.33493 0.0791458 0.156016
0 0.434229 0.281844 0.0863333 0.168344
0 0.492885 0.66368 0.0469792 0.106453
0 0.65074 0.156836 0.0848958 0.148047
0 0.683594 0.166445 0.0561458 0.0929531
0 0.579208 0.715484 0.084125 0.0985938
0 0.542385 0.864766 0.0576458 0.0735937
0 0.499583 0.28675 0.0717917 0.211094
0 0.650583 0.30757 0.103583 0.206922
0 0.453396 0.519383 0.061875 0.129578
0 0.270667 0.708078 0.106333 0.0792188
0 0.291823 0.599742 0.107521 0.102703
0 0.664458 0.665719 0.0855833 0.0773125
0 0.449333 0.831898 0.0407917 0.0553906
0 0.446333 0.375 0.09675 0.147437
0 0.686802 0.828586 0.110771 0.0541094
0 0.757583 0.635258 0.0338333 0.0643594
0 0.733646 0.765125 0.119667 0.0564063
0 0.494854 0.809586 0.0720417 0.0693906
0 0.767167 0.35632 0.0919583 0.0651406
0 0.351427 0.352305 0.110437 0.0958906
0 0.469021 0.723 0.03625 0.0684687
0 0.319312 0.678 0.0704167 0.0630625
0 0.655615 0.715242 0.102937 0.0851719
0 0.606292 0.210898 0.078625 0.174609
0 0.552365 0.808078 0.0509375 0.0674375
0 0.550615 0.452859 0.0923542 0.17
0 0.531927 0.363375 0.0893125 0.157344
0 0.779427 0.573945 0.0362292 0.0593906
0 0.62024 0.655992 0.114937 0.0964844
0 0.373427 0.691125 0.0637708 0.100469
0 0.618177 0.600258 0.197938 0.0882031
0 0.758042 0.445492 0.0447917 0.0610156
0 0.562823 0.652031 0.0941458 0.115219
0 0.798719 0.56032 0.0589375 0.102828
0 0.732802 0.739445 0.176312 0.0740781
0 0.430063 0.770766 0.131958 0.08
0 0.307667 0.525383 0.0950417 0.115391
0 0.269875 0.757297 0.0869167 0.079625
0 0.618937 0.444562 0.0995833 0.184969
0 0.378438 0.275383 0.031125 0.0656406
0 0.29675 0.454922 0.0885417 0.142562
0 0.693042 0.408469 0.0830833 0.12925
