2 0.880883 0.671594 0.0357344 0.0291875
2 0.719063 0.661406 0.0493437 0.0456042
2 0.409414 0.515 0.0417344 0.05
2 0.720914 0.742656 0.0871719 0.0870625
2 0.651336 0.696927 0.0628906 0.0425625
2 0.538492 0.217312 0.0207656 0.034875
2 0.275672 0.316948 0.0413437 0.0461042
2 0.93393 0.431167 0.0448281 0.0574167
2 0.802039 0.635073 0.0721719 0.0571875
2 0.334219 0.483729 0.0603125 0.0425833
2 0.249508 0.440208 0.0619844 0.0519167
2 0.42518 0.341542 0.0247969 0.0271667
2 0.902719 0.42801 0.0345312 0.0289792
2 0.892578 0.319115 0.0411562 0.0352292
2 0.649773 0.510156 0.0269219 0.0430625
2 0.509938 0.449115 0.0985625 0.0615208
2 0.366859 0.260156 0.0382813 0.0520208
2 0.364219 0.495385 0.0409687 0.0358958
2 0.948352 0.632948 0.0477031 0.0571875
2 0.16782 0.499281 0.0614531 0.0567292
2 0.667461 0.446594 0.0297656 0.0406875
2 0.291891 0.653906 0.0994063 0.106937
2 0.29132 0.514031 0.0537969 0.0598542
2 0.200773 0.299833 0.0374531 0.026125
2 0.486383 0.521917 0.0453906 0.04025
2 0.545359 0.358771 0.0326875 0.04975
2 0.766094 0.678469 0.0509687 0.0679375
2 0.981617 0.513292 0.0273906 0.0477083
2 0.374016 0.373479 0.0222812 0.0402083
2 0.857953 0.336219 0.0328437 0.0324792
2 0.897102 0.516792 0.0417344 0.045375
2 0.656102 0.738146 0.0599531 0.0522083
2 0.549078 0.280552 0.0361875 0.0331042
2 0.611922 0.74275 0.06 0.0530833
2 0.643148 0.212927 0.0298906 0.0260625
2 0.854203 0.298865 0.0305625 0.0294792
2 0.733391 0.337562 0.0161875 0.0228333
2 0.319312 0.334354 0.0232812 0.045125
2 0.912922 0.346427 0.0273125 0.0456458
2 0.420703 0.272958 0.0290312 0.03
2 0.428078 0.396156 0.0196563 0.0373125
2 0.800094 0.457229 0.027125 0.0420417
2 0.479891 0.281542 0.0198125 0.0205
2 0.787398 0.312104 0.0132656 0.0164167
2 0.665102 0.335104 0.0184219 0.0325417
2 0.680414 0.49525 0.0392344 0.0382083
2 0.927609 0.597323 0.0534687 0.0664792
2 0.58068 0.19525 0.0226406 0.0414167
2 0.270922 0.456552 0.0548125 0.0539792
2 0.737195 0.396156 0.0269219 0.0312708
2 0.642609 0.257344 0.043 0.0515208
2 0.798172 0.387615 0.0288438 0.0392292
2 0.889312 0.719875 0.037125 0.0464167
2 0.303227 0.23275 0.0205469 0.0197917
2 0.851398 0.729688 0.0790781 0.0593333
2 0.579039 0.264406 0.0221094 0.0220625
2 0.645656 0.372698 0.0184687 0.0192292
2 0.741367 0.478969 0.0416719 0.0357292
2 0.484648 0.183583 0.0311406 0.0430833
2 0.464078 0.167896 0.024125 0.032875
