2 0.282688 0.868917 0.0269375 0.0515833
2 0.24725 0.665573 0.0229375 0.0358125
2 0.249844 0.889177 0.019 0.0465625
2 0.222172 0.683156 0.032 0.0355625
2 0.271563 0.855646 0.0245938 0.0433333
2 0.287242 0.69149 0.0243594 0.0427292
2 0.362883 0.381052 0.0294219 0.0442292
2 0.242375 0.545281 0.0225 0.0458125
2 0.330523 0.626365 0.0402969 0.0608958
2 0.330164 0.498667 0.0227344 0.0376667
2 0.338719 0.422656 0.0296875 0.0491458
2 0.649516 0.171937 0.0338125 0.0548333
2 0.272867 0.605052 0.0164531 0.0387708
2 0.29525 0.61825 0.0213125 0.0444583
2 0.366273 0.462865 0.0258281 0.0341458
2 0.952859 0.0890208 0.0618437 0.0785
2 0.283172 0.529708 0.020125 0.0357917
2 0.350867 0.500521 0.0228281 0.029
2 0.29957 0.659365 0.0227344 0.0410625
2 0.292187 0.774385 0.0384375 0.0462708
2 0.252437 0.441031 0.02675 0.0403542
2 0.259711 0.552625 0.0237344 0.0419583
2 0.341906 0.548281 0.0292187 0.0436875
2 0.237531 0.508135 0.0218438 0.0325625
2 0.189055 0.823042 0.0244219 0.0395
2 0.303102 0.423656 0.0220469 0.0416875
2 0.218484 0.220823 0.0259062 0.0338542
2 0.253164 0.590406 0.0233594 0.0384375
2 0.274734 0.643802 0.019625 0.0391042
2 0.282422 0.489104 0.0185937 0.034625
2 0.261313 0.632563 0.0216875 0.0385833
2 0.305805 0.574833 0.0321719 0.0501667
2 0.270672 0.68301 0.0253437 0.0431458
2 0.202102 0.789062 0.0275781 0.03575
2 0.146586 0.210219 0.0208594 0.0264375
2 0.238258 0.472313 0.0268281 0.0386667
2 0.248313 0.630656 0.0245625 0.0396458
2 0.623727 0.135948 0.0402031 0.0530208
2 0.290359 0.81824 0.0330625 0.0527292
2 0.232437 0.654583 0.023625 0.0362917
2 0.363398 0.421531 0.0352344 0.0518542
2 0.263344 0.59724 0.024 0.0358958
2 0.309648 0.624104 0.0225156 0.0449167
2 0.273531 0.812885 0.0285313 0.0448125
2 0.29432 0.45851 0.0201406 0.0354792
2 0.242898 0.581073 0.0282031 0.0368542
2 0.324523 0.461021 0.0221094 0.0427083
2 0.266672 0.482406 0.0218438 0.0400625
2 0.195195 0.740687 0.0200469 0.0355417
2 0.281531 0.45125 0.0218438 0.0319583
2 0.228141 0.54325 0.0219062 0.041875
2 0.320633 0.704615 0.0214531 0.0377708
2 0.263758 0.409146 0.0319219 0.0397917
2 0.285875 0.568448 0.0298438 0.0511875
2 0.197594 0.234333 0.0235625 0.03225
2 0.307273 0.360469 0.0161094 0.0168125
2 0.305305 0.219833 0.0274844 0.038
2 0.404273 0.157302 0.0221094 0.0336042
2 0.227195 0.81976 0.0213906 0.0427708
2 0.192055 0.779375 0.0264844 0.0409583
2 0.302727 0.699698 0.0209219 0.0408542
2 0.217352 0.650906 0.0166094 0.0355625
2 0.340648 0.592479 0.0237656 0.047125
2 0.25325 0.846219 0.032875 0.0431042
2 0.236234 0.615583 0.0257188 0.0376667
2 0.315945 0.666667 0.0305781 0.04575
2 0.254867 0.803927 0.0184219 0.0429375
2 0.378531 0.425479 0.0371563 0.0603333
2 0.321461 0.422177 0.0229219 0.0472708
2 0.340187 0.382229 0.0291875 0.0428333
2 0.30118 0.533333 0.0262344 0.0413333
2 0.305437 0.154625 0.02875 0.03625
2 0.532867 0.121083 0.0287031 0.0389167
2 0.324383 0.537479 0.0301406 0.048125
2 0.345805 0.461865 0.0311719 0.0442292
2 0.297461 0.492354 0.0217031 0.038125
2 0.242563 0.789 0.0226562 0.0518333
2 0.2395 0.432927 0.0235625 0.0393958
2 0.213273 0.848906 0.0194219 0.0343958
2 0.275453 0.764188 0.025625 0.039125
2 0.289352 0.382437 0.0267031 0.0386667
2 0.307766 0.753479 0.0152187 0.0483333
2 0.269914 0.562062 0.0211094 0.04075
2 0.370523 0.349594 0.0191094 0.0177708
2 0.25582 0.513906 0.0235469 0.0443542
2 0.229539 0.778656 0.0173281 0.0442292
2 0.268742 0.445969 0.0233281 0.0386875
2 0.270008 0.515771 0.0212344 0.0469167
2 0.238437 0.878708 0.0220938 0.0399167
2 0.281133 0.415542 0.0153594 0.0347917
2 0.306445 0.382656 0.0239219 0.0323125
2 0.216219 0.808354 0.020875 0.0405833
2 0.224523 0.86075 0.0225156 0.0405
2 0.221945 0.722542 0.0231719 0.0476667
2 0.294023 0.735479 0.0307344 0.0427083
2 0.238172 0.830812 0.0176875 0.045125
2 0.172586 0.812208 0.0281719 0.0375417
2 0.210203 0.674677 0.0189687 0.0298542
2 0.268648 0.90501 0.0347031 0.0457292
2 0.272937 0.371312 0.02775 0.0347917
2 0.286484 0.651146 0.0237188 0.04175
2 0.242352 0.745208 0.0286719 0.040625
2 0.314508 0.497667 0.0223281 0.0408333
2 0.256555 0.716438 0.0214531 0.0415833
2 0.201859 0.837031 0.0236563 0.0376042
2 0.258516 0.760021 0.02725 0.046125
2 0.276203 0.725396 0.0257188 0.0414167
2 0.216758 0.613625 0.0220156 0.040625
2 0.293352 0.418104 0.0251094 0.0430417
2 0.324672 0.582104 0.0292187 0.0442917
2 0.237516 0.696229 0.028875 0.0486667
2 0.422086 0.174812 0.0236719 0.0319167
2 0.221297 0.766135 0.022125 0.0448125
2 0.385953 0.378573 0.0310312 0.0442292
2 0.310656 0.386063 0.0120625 0.0304167
2 0.278234 0.375948 0.025 0.0295208
0 0.0713672 0.275385 0.0218906 0.0201042
0 0.989969 0.209917 0.0168437 0.01775
0 0.966766 0.244438 0.0285625 0.05125
0 0.989695 0.248542 0.0206094 0.0485
0 0.936891 0.244375 0.0231875 0.03975
0 0.892523 0.193156 0.0168594 0.0469375
0 0.486789 0.0532083 0.0415781 0.100625
0 0.580305 0.0294792 0.0342969 0.0589583
0 0.0465234 0.232229 0.0326406 0.068875
0 0.647258 0.270427 0.0280156 0.0350208
0 0.951 0.241885 0.0248125 0.0417292
0 0.0876797 0.20226 0.0387031 0.0858958
0 0.23893 0.139385 0.0198281 0.0779375
0 0.226523 0.13574 0.0109844 0.0470625
0 0.958508 0.205885 0.0387344 0.0351042
0 0.504312 0.0603958 0.0348437 0.1075
0 0.0877422 0.244354 0.0126094 0.0115833
0 0.18893 0.251604 0.0112656 0.018375
0 0.0582031 0.229115 0.0374375 0.0668125
0 0.981531 0.24951 0.02675 0.0479375
0 0.105469 0.206333 0.0448438 0.0833333
0 0.960125 0.247563 0.0243438 0.0519167
0 0.0381484 0.23424 0.0257344 0.0711042
0 0.901383 0.193167 0.0182031 0.051375
0 0.190516 0.179323 0.0110625 0.0703958
0 0.254344 0.129354 0.015125 0.0663333
0 0.432477 0.249583 0.0221094 0.0245
0 0.0635547 0.206906 0.0133281 0.0382292
0 0.915445 0.19226 0.0170469 0.0494375
0 0.927797 0.193115 0.0146875 0.0135208
0 0.0787422 0.205031 0.0362344 0.0787708
0 0.625883 0.283667 0.0214844 0.0278333
0 0.94307 0.21926 0.0197344 0.0150625
0 0.676242 0.277958 0.00598438 0.0303333
0 0.0277344 0.224573 0.020875 0.0636458
0 0.633937 0.275531 0.0227187 0.0402292
0 0.872453 0.196833 0.0117813 0.0382917
0 0.425484 0.249375 0.03075 0.0254583
0 0.997297 0.225833 0.00540625 0.00816667
0 0.308937 0.285344 0.0125312 0.0375625
0 0.934367 0.24026 0.0139844 0.0264375
0 0.178352 0.173458 0.0172031 0.071625
