0 0.845734 0.362066 0.0242188 0.0494366
0 0.545961 0.400927 0.00642188 0.0139202
0 0.419273 0.67027 0.0103281 0.0165023
0 0.332141 0.373838 0.00746875 0.0279108
0 0.898484 0.497136 0.0135625 0.0442254
0 0.430875 0.214202 0.0136562 0.0407512
0 0.392477 0.361573 0.0180156 0.0234742
0 0.584406 0.189613 0.017625 0.0363146
0 0.526008 0.664225 0.00954687 0.0251174
0 0.28218 0.295845 0.0171094 0.0240845
0 0.300383 0.438979 0.00954687 0.0446244
0 0.0433594 0.553181 0.0233125 0.0727465
0 0.812328 0.442594 0.0202813 0.0521362
0 0.489109 0.289319 0.0131875 0.0439906
0 0.0153437 0.597347 0.0306875 0.0430986
0 0.900555 0.957958 0.0207656 0.0181221
0 0.467844 0.119977 0.0189062 0.0276526
0 0.121547 0.311514 0.0295938 0.030493
0 0.124297 0.4323 0.0299375 0.0310798
0 0.527836 0.894214 0.0334531 0.0298826
0 0.481227 0.252113 0.0167344 0.0404225
0 0.644836 0.574202 0.0135469 0.0460563
0 0.486437 0.92365 0.0265625 0.030446
0 0.541438 0.448345 0.00709375 0.0144836
0 0.466461 0.236103 0.0192656 0.0444131
0 0.113195 0.405446 0.0249219 0.0325822
0 0.548219 0.332477 0.00809375 0.0211502
0 0.605844 0.213533 0.0138125 0.0476761
0 0.504273 0.301725 0.0198281 0.0298357
0 0.583937 0.240352 0.010375 0.0406573
0 0.934602 0.451491 0.0139219 0.0363146
0 0.814453 0.356244 0.013 0.0467606
0 0.684812 0.52669 0.00375 0.0176526
0 0.361531 0.370998 0.015125 0.03223
0 0.905109 0.531092 0.0152812 0.0403052
0 0.505859 0.65446 0.0122813 0.0189671
0 0.337305 0.482911 0.00982813 0.0334742
0 0.116539 0.320023 0.0430781 0.0434272
0 0.305359 0.640458 0.016375 0.0335915
0 0.680688 0.764038 0.0222188 0.0203756
0 0.0813672 0.466373 0.0246719 0.0366901
0 0.752961 0.349636 0.0103906 0.0494601
0 0.0797031 0.455106 0.0269375 0.0443427
0 0.901648 0.355892 0.0109219 0.0420657
0 0.461406 0.344448 0.016 0.0558451
0 0.545203 0.1848 0.00828125 0.0383803
0 0.447539 0.434131 0.00648438 0.0138498
0 0.766086 0.75115 0.0155781 0.00976526
0 0.266492 0.462746 0.0162969 0.0623474
0 0.328039 0.121362 0.0112031 0.0171831
0 0.0202891 0.196995 0.0267969 0.0310329
0 0.883133 0.902019 0.00717187 0.028216
0 0.649086 0.420164 0.00564062 0.0171831
0 0.704898 0.396303 0.0112344 0.049507
0 0.610195 0.189988 0.00989063 0.027723
0 0.289187 0.405575 0.0194687 0.0443427
0 0.334555 0.136761 0.0123906 0.0193427
0 0.803719 0.444319 0.0172187 0.0402817
0 0.384359 0.965528 0.0312187 0.0590376
0 0.395391 0.594131 0.0095625 0.00924883
0 0.346969 0.12581 0.0127812 0.0148592
0 0.56243 0.655 0.00870313 0.00666667
0 0.129805 0.966678 0.0839219 0.0650939
0 0.276727 0.256761 0.0184219 0.0315493
0 0.472375 0.390516 0.006 0.0169014
0 0.308547 0.604331 0.0063125 0.00847418
0 0.248875 0.350681 0.028625 0.0484507
0 0.300312 0.901761 0.0272812 0.0569484
0 0.659062 0.592406 0.00715625 0.0169249
0 0.344805 0.469707 0.00357813 0.0202582
0 0.775859 0.415305 0.0224688 0.0478873
0 0.56893 0.357101 0.00632812 0.0355164
0 0.435 0.404765 0.0063125 0.00741784
0 0.707273 0.765223 0.0162031 0.0135915
0 0.444812 0.61446 0.0189375 0.0233333
0 0.708508 0.28588 0.0263906 0.043169
0 0.180898 0.986585 0.00745312 0.026831
0 0.137937 0.979225 0.0600313 0.0415493
0 0.535297 0.361279 0.00596875 0.0251408
0 0.478641 0.231749 0.0242188 0.0412911
0 0.394102 0.32507 0.0146094 0.0178404
0 0.443859 0.67061 0.0135312 0.0174178
0 0.6805 0.544202 0.0085625 0.0303756
0 0.911984 0.409859 0.0114062 0.0507512
0 0.148297 0.466127 0.019375 0.0413615
0 0.343141 0.436315 0.0081875 0.03
0 0.485469 0.195035 0.023875 0.0464085
0 0.372133 0.545458 0.0102344 0.0189906
0 0.493086 0.330552 0.0259531 0.0420892
0 0.140062 0.262477 0.02825 0.0306338
0 0.684219 0.348498 0.0294063 0.04
0 0.295992 0.269965 0.0228906 0.0302582
0 0.388594 0.292793 0.02475 0.0225822
0 0.0835 0.337077 0.0204063 0.0555634
0 0.0381484 0.284225 0.0182344 0.0443662
0 0.699781 0.287582 0.00796875 0.0269953
0 0.2765 0.414589 0.0153437 0.0240141
0 0.441023 0.310692 0.0119219 0.0543427
0 0.218555 0.992852 0.0434219 0.0123239
0 0.356812 0.118263 0.010375 0.0176526
0 0.275914 0.388075 0.0214844 0.0489671
0 0.502437 0.931972 0.016 0.030892
0 0.407766 0.383122 0.0126875 0.0180751
0 0.888867 0.475141 0.0228594 0.0597653
0 0.804164 0.476432 0.0101094 0.0380282
0 0.592461 0.214648 0.00964062 0.0487324
0 0.300234 0.37365 0.00996875 0.0164085
0 0.730305 0.959437 0.0495156 0.0811268
0 0.512703 0.950822 0.0182187 0.0393427
0 0.4425 0.595822 0.0123125 0.0166667
0 0.894516 0.331843 0.015625 0.0426995
0 0.266344 0.416995 0.0106875 0.0167136
0 0.0159375 0.378603 0.0293438 0.0428404
0 0.898914 0.421432 0.0112656 0.0453991
0 0.383984 0.372383 0.0205 0.0252347
0 0.529133 0.621197 0.0185156 0.0181221
0 0.517227 0.387254 0.00579687 0.028216
0 0.429602 0.983897 0.0358906 0.0283568
0 0.432273 0.440423 0.00492188 0.0140376
0 0.141484 0.38507 0.03225 0.0264319
0 0.285148 0.328615 0.0190156 0.0248826
0 0.379367 0.194965 0.00835937 0.0416667
0 0.00804688 0.4375 0.0160938 0.0523239
0 0.775242 0.760904 0.00792188 0.0193192
0 0.299383 0.113028 0.0107344 0.0218779
0 0.479312 0.592723 0.0059375 0.014554
0 0.129164 0.388216 0.0317969 0.031784
0 0.536289 0.682969 0.0151406 0.0126995
0 0.74525 0.285352 0.0223438 0.048216
0 0.0102188 0.210962 0.0192812 0.0287324
0 0.614125 0.179261 0.0110937 0.0272066
0 0.150203 0.311197 0.0199688 0.0310329
0 0.441727 0.412969 0.00648438 0.00899061
0 0.545898 0.5952 0.00579687 0.00950704
0 0.496984 0.626385 0.0130312 0.0361502
0 0.118742 0.513462 0.0374844 0.0296479
0 0.469672 0.184308 0.00834375 0.0415258
0 0.852375 0.881491 0.01125 0.0271596
0 0.924281 0.360775 0.012625 0.04
0 0.536422 0.41507 0.00409375 0.0212676
0 0.432266 0.30216 0.0245625 0.0448826
0 0.919383 0.500833 0.0153594 0.047723
0 0.545266 0.41588 0.00440625 0.0297887
0 0.0739297 0.366256 0.0247969 0.0261737
0 0.935031 0.523028 0.0161875 0.0512676
0 0.0317656 0.52385 0.0298438 0.0756338
0 0.53282 0.47189 0.00564062 0.0312911
0 0.713844 0.384742 0.0120938 0.0515493
0 0.265156 0.320669 0.016125 0.0197887
0 0.641742 0.45162 0.0104219 0.0375117
0 0.363602 0.568298 0.00495313 0.0107746
0 0.48382 0.332688 0.0218281 0.0449061
0 0.428703 0.559754 0.0033125 0.0214789
0 0.543859 0.197852 0.00715625 0.0302582
0 0.0955156 0.346749 0.0191875 0.0484272
0 0.542781 0.332042 0.007875 0.0204225
0 0.396313 0.407594 0.0285 0.0214319
0 0.0641484 0.408721 0.0222031 0.0592254
0 0.411469 0.358521 0.00478125 0.00615023
0 0.305563 0.29939 0.0124375 0.0261033
0 0.817109 0.455939 0.0104063 0.0353991
0 0.230625 0.983028 0.0689687 0.0339437
0 0.640891 0.984096 0.0245625 0.0292254
0 0.603789 0.247946 0.0113281 0.0648592
0 0.704008 0.345857 0.0184531 0.0337793
0 0.902406 0.400915 0.01125 0.0443662
0 0.039875 0.254413 0.0174063 0.0492488
0 0.416828 0.213087 0.0104375 0.0449531
0 0.289812 0.189824 0.0100625 0.0176761
0 0.298867 0.183204 0.0116094 0.0200704
0 0.517828 0.344472 0.00790625 0.0261268
0 0.882594 0.93466 0.0159063 0.0160329
0 0.728594 0.345516 0.0330937 0.0371831
0 0.5275 0.179108 0.00878125 0.0343662
0 0.438781 0.162207 0.0160313 0.0438498
0 0.0783594 0.258005 0.0146563 0.0430516
0 0.777828 0.916432 0.0240313 0.0189671
0 0.843969 0.922723 0.0119688 0.0216901
0 0.92557 0.415516 0.0153281 0.0519718
0 0.804203 0.404613 0.01075 0.0438732
0 0.655305 0.397711 0.00857813 0.0327465
0 0.630539 0.296854 0.00932812 0.048169
0 0.345656 0.298873 0.00821875 0.0500469
0 0.779555 0.517089 0.00785938 0.0210329
0 0.142375 0.47223 0.0158438 0.0343662
0 0.303297 0.141033 0.0120313 0.0201878
0 0.771734 0.87162 0.0119375 0.0315493
0 0.642781 0.41243 0.00703125 0.0271127
0 0.660547 0.534225 0.00884375 0.0238498
0 0.42632 0.861655 0.0312031 0.0407277
0 0.107117 0.333721 0.0332656 0.049507
0 0.0387266 0.370822 0.0256094 0.0600939
0 0.822148 0.369495 0.0112656 0.0466901
0 0.0228984 0.254754 0.0243906 0.0428404
0 0.259539 0.359742 0.0308906 0.0574648
0 0.459211 0.440235 0.00732813 0.0333333
0 0.0513438 0.46142 0.04775 0.0371127
0 0.262352 0.387324 0.0298594 0.041831
0 0.454133 0.432477 0.00460938 0.0184742
0 0.772188 0.371854 0.0081875 0.0584977
0 0.371422 0.335775 0.0194375 0.0171831
0 0.557539 0.716244 0.00473437 0.0266197
0 0.114195 0.242782 0.0235469 0.0153756
0 0.793672 0.519777 0.007875 0.0319484
0 0.826594 0.494284 0.011 0.026784
0 0.836133 0.328955 0.0117656 0.0246244
0 0.145852 0.257934 0.0305156 0.0294836
0 0.667523 0.783815 0.0259219 0.0174413
0 0.152578 0.447911 0.0230312 0.0510329
0 0.0802656 0.23257 0.0179063 0.0200235
0 0.624328 0.969566 0.0270937 0.0608685
0 0.91718 0.416878 0.0137344 0.0531925
0 0.45875 0.176725 0.017125 0.0489906
0 0.75775 0.308967 0.00946875 0.0498122
0 0.379727 0.675176 0.0126719 0.0190376
0 0.325094 0.938016 0.0314688 0.0657512
0 0.773586 0.281279 0.0262969 0.0414789
0 0.553469 0.674108 0.007 0.0305164
0 0.308453 0.577535 0.00478125 0.0210329
0 0.0882266 0.423697 0.0177344 0.0212911
0 0.515266 0.364671 0.0049375 0.0159155
0 0.844344 0.371068 0.0134062 0.0551408
0 0.678078 0.419906 0.0081875 0.0243662
0 0.640516 0.253815 0.0120313 0.0388028
0 0.763938 0.916174 0.0123125 0.0166667
0 0.613313 0.302054 0.0089375 0.047723
0 0.517055 0.403662 0.00745312 0.0350235
0 0.789633 0.869214 0.0242031 0.0319484
0 0.508406 0.994155 0.0118125 0.0116901
0 0.134406 0.36439 0.0242188 0.0271362
0 0.436883 0.6127 0.0173906 0.020892
0 0.562891 0.198603 0.0134062 0.0343897
0 0.554539 0.198298 0.0111094 0.0365493
0 0.620266 0.203709 0.0068125 0.0459155
0 0.748625 0.887617 0.0121875 0.0225587
0 0.372906 0.884707 0.0382188 0.0500235
0 0.382945 0.324847 0.0168594 0.0208685
0 0.766547 0.299847 0.0105938 0.0496948
0 0.406227 0.470552 0.00782813 0.0201174
0 0.523766 0.709554 0.00571875 0.0228169
0 0.376273 0.222641 0.00820313 0.0210094
0 0.853703 0.300235 0.01125 0.0394836
0 0.663414 0.97473 0.0404219 0.0505399
0 0.744062 0.961643 0.0324062 0.0469484
0 0.494023 0.27392 0.00898437 0.026338
0 0.828516 0.30419 0.0119375 0.0512911
0 0.664375 0.503392 0.00984375 0.043216
0 0.80425 0.350728 0.016625 0.0440376
0 0.419063 0.608592 0.008125 0.0317371
0 0.562219 0.635176 0.0245 0.016784
0 0.829859 0.281772 0.0230312 0.0369249
0 0.0172969 0.447347 0.029 0.0448826
0 0.668062 0.303744 0.0141563 0.0446244
0 0.0651641 0.314906 0.0233594 0.0548826
0 0.872227 0.924378 0.0191094 0.019507
0 0.836367 0.457887 0.0163906 0.058216
0 0.141922 0.434131 0.01075 0.0287324
0 0.4085 0.315646 0.0162188 0.02223
0 0.494656 0.585939 0.0173125 0.0262911
0 0.424844 0.6523 0.012625 0.0171831
0 0.0528594 0.267852 0.0137187 0.0366432
0 0.828313 0.3623 0.0167187 0.0555399
0 0.464336 0.257136 0.0121094 0.043615
0 0.0942422 0.286549 0.0110781 0.0328169
0 0.812008 0.932582 0.0112969 0.0249765
0 0.901047 0.33311 0.0133125 0.0443427
0 0.799047 0.871702 0.0258125 0.0372066
0 0.320438 0.189577 0.0153125 0.0234742
0 0.689852 0.774648 0.00939062 0.0120657
0 0.0556875 0.22642 0.0094375 0.0176761
0 0.309688 0.216408 0.0063125 0.0215493
0 0.880422 0.339918 0.0211562 0.0500235
0 0.65307 0.509343 0.00920312 0.04
0 0.310812 0.595669 0.00665625 0.0135915
0 0.379594 0.239331 0.0106563 0.0500704
0 0.342328 0.484495 0.00446875 0.0251878
0 0.511867 0.365669 0.00317187 0.0121831
0 0.457164 0.463756 0.00426563 0.0120657
0 0.148 0.404601 0.0256875 0.0253991
0 0.796797 0.420692 0.0104063 0.0510563
0 0.75207 0.289214 0.0232031 0.0461737
0 0.648484 0.457477 0.0081875 0.0374413
0 0.340187 0.864308 0.0197813 0.0405399
0 0.698781 0.785599 0.0211562 0.0107746
0 0.0145313 0.526479 0.0286563 0.071831
0 0.427625 0.968568 0.0506875 0.0456338
0 0.447359 0.247512 0.0125 0.0510798
0 0.722719 0.381185 0.0170625 0.0478638
0 0.769422 0.965153 0.0351875 0.0337324
0 0.780438 0.487113 0.0189375 0.0525822
0 0.263422 0.259836 0.0211562 0.0228169
0 0.329008 0.181854 0.0168906 0.0233333
0 0.388492 0.193509 0.00557812 0.0447183
0 0.743844 0.764636 0.0184062 0.0181925
0 0.514648 0.913791 0.0157656 0.032277
0 0.0385391 0.20392 0.0172344 0.033615
0 0.0569609 0.303826 0.0131406 0.0420657
0 0.252789 0.450892 0.0332656 0.048216
0 0.871656 0.843509 0.02 0.0271127
0 0.349961 0.15358 0.0134219 0.0191784
0 0.339336 0.986784 0.0395781 0.0248826
0 0.154883 0.36142 0.00801563 0.00744131
0 0.718992 0.982617 0.0289219 0.0323239
0 0.548023 0.657124 0.00770312 0.0231221
0 0.466359 0.620962 0.00678125 0.0275117
0 0.0174453 0.305164 0.0300156 0.0302817
0 0.511414 0.587993 0.0175781 0.0274413
0 0.249578 0.282899 0.0301875 0.024108
0 0.395023 0.66473 0.0252031 0.0199296
0 0.252602 0.297101 0.0295781 0.0309624
0 0.317852 0.120962 0.0131094 0.0202347
0 0.910937 0.532512 0.0111875 0.0414085
0 0.476617 0.666796 0.00939062 0.0118075
0 0.449188 0.501667 0.00409375 0.0125822
0 0.881 0.393099 0.0215 0.0507981
0 0.278875 0.950927 0.0233125 0.0162207
0 0.69825 0.380986 0.0199688 0.0389671
0 0.0462578 0.416432 0.0143281 0.0374648
0 0.697844 0.969131 0.0228437 0.0601878
0 0.668508 0.468603 0.00776562 0.0372066
0 0.697844 0.310305 0.00590625 0.0313615
0 0.304773 0.972993 0.0356719 0.0349061
0 0.354078 0.191303 0.0112812 0.0196948
0 0.677937 0.966655 0.026875 0.0666901
0 0.536 0.856009 0.0294375 0.0301408
0 0.439266 0.486737 0.0058125 0.0299061
0 0.556352 0.573075 0.0145781 0.0219249
0 0.350461 0.574953 0.00717187 0.0071831
0 0.169984 0.984566 0.017625 0.0308685
0 0.927656 0.332793 0.0195312 0.0414085
0 0.483039 0.129038 0.0219844 0.0310798
0 0.474805 0.973685 0.0236094 0.0509859
0 0.410781 0.215364 0.015375 0.0473944
0 0.575117 0.298322 0.00807813 0.0111972
0 0.790687 0.768146 0.0074375 0.00868545
0 0.426805 0.284754 0.0121719 0.0112911
