0 0.451667 0.584375 0.0720556 0.0533333
0 0.580792 0.727698 0.02975 0.0342292
0 0.231958 0.936573 0.0293056 0.0412292
0 0.414722 0.826292 0.0357778 0.0204583
0 0.435792 0.57 0.0430833 0.02975
0 0.525306 0.904052 0.0290556 0.0384792
0 0.684194 0.521229 0.0445 0.0280417
0 0.279792 0.798042 0.0286389 0.021875
0 0.088875 0.565771 0.0188056 0.0387083
0 0.687736 0.541021 0.0380278 0.0179583
0 0.645097 0.829948 0.0329167 0.0268125
0 0.349264 0.904781 0.0513056 0.0238958
0 0.626403 0.467073 0.0385833 0.0320208
0 0.466194 0.851281 0.0331667 0.0245208
0 0.670833 0.454229 0.0246111 0.0171667
0 0.354681 0.885635 0.0676944 0.0210208
0 0.261597 0.50801 0.0219167 0.0233958
0 0.376806 0.957052 0.0355556 0.0263958
0 0.603042 0.614667 0.03075 0.02
0 0.257597 0.774365 0.0645278 0.0411458
0 0.154167 0.541927 0.0550556 0.0105208
0 0.399125 0.851281 0.0526389 0.0353958
0 0.229111 0.556927 0.0293333 0.0131042
0 0.638514 0.4235 0.0490833 0.0285
0 0.520208 0.5765 0.0490833 0.0142083
0 0.746167 0.473781 0.0232778 0.0161875
0 0.533125 0.924167 0.0374722 0.0201667
0 0.524111 0.541104 0.0229444 0.017875
0 0.585819 0.802229 0.0304167 0.0264167
0 0.464083 0.882687 0.0406667 0.0484583
0 0.439014 0.491917 0.0284167 0.0307083
0 0.469042 0.752052 0.0406944 0.0143542
0 0.525625 0.814354 0.0471944 0.0312917
0 0.717917 0.492052 0.0331667 0.0148542
0 0.526764 0.944604 0.0329167 0.0229583
0 0.359431 0.863385 0.0789722 0.0236042
0 0.548153 0.860427 0.0345278 0.0541042
0 0.0229306 0.427969 0.0173056 0.0344375
0 0.108958 0.566531 0.0260278 0.0436458
0 0.720083 0.619323 0.0435 0.0217708
0 0.539694 0.441542 0.0367222 0.0385833
0 0.458806 0.49749 0.0249444 0.0179375
0 0.384556 0.781385 0.0451111 0.0281875
0 0.256653 0.902302 0.0908611 0.0369375
0 0.501736 0.472906 0.0495278 0.0266875
0 0.368792 0.805813 0.0299722 0.0423333
0 0.599861 0.749729 0.0339444 0.02325
0 0.0290278 0.477437 0.0205 0.0220417
0 0.304514 0.807271 0.0308611 0.0535833
0 0.31025 0.419021 0.0174444 0.014875
0 0.475194 0.534479 0.0376111 0.0166667
0 0.605375 0.562021 0.03825 0.0249167
0 0.692458 0.445635 0.0365833 0.0205208
0 0.735389 0.446198 0.0293889 0.0307708
0 0.566292 0.702521 0.0303056 0.0350417
0 0.709375 0.835802 0.0561389 0.0317708
0 0.350444 0.761906 0.054 0.0421458
0 0.607528 0.885385 0.0506111 0.0241042
0 0.512792 0.61 0.0318056 0.014375
0 0.0453472 0.465438 0.0105833 0.0225
0 0.733681 0.426427 0.0236944 0.0183542
0 0.800542 0.541042 0.0461389 0.0239167
0 0.260681 0.421594 0.0211944 0.0143542
0 0.785528 0.511708 0.0324444 0.025
0 0.482361 0.826021 0.0495556 0.0233333
0 0.507014 0.852792 0.0323611 0.0395
0 0.378194 0.732656 0.106222 0.0363958
0 0.194528 0.521333 0.013 0.0210417
0 0.559819 0.472854 0.0494167 0.0299167
0 0.649819 0.492708 0.0528611 0.0194583
0 0.622444 0.850229 0.0551111 0.0188333
0 0.516722 0.592562 0.0595 0.0210417
0 0.262417 0.747365 0.0707222 0.0281458
0 0.396917 0.875698 0.0595 0.0225625
0 0.573917 0.862125 0.0323333 0.0449167
0 0.530806 0.500188 0.0456111 0.025
0 0.547431 0.798125 0.0495833 0.0315417
0 0.677667 0.469115 0.0350556 0.0138958
0 0.538625 0.741823 0.0559167 0.0231042
0 0.547375 0.508771 0.0379722 0.0324583
0 0.303569 0.901958 0.0623611 0.0264167
0 0.470917 0.780646 0.0574444 0.0217917
0 0.0528889 0.548479 0.0352222 0.0279583
0 0.763528 0.616583 0.027 0.0322917
0 0.322653 0.417667 0.0218611 0.0274167
0 0.511806 0.959323 0.0323889 0.0348542
0 0.638819 0.596979 0.0169722 0.00766667
0 0.246764 0.414823 0.0286944 0.0223542
0 0.617847 0.816729 0.0211944 0.0185417
0 0.789028 0.6 0.0639444 0.0225833
0 0.637 0.78574 0.0475 0.0353958
0 0.680681 0.412229 0.0413611 0.0182083
0 0.525778 0.71025 0.0201667 0.0369167
0 0.548347 0.780833 0.0345278 0.0110417
0 0.551847 0.928083 0.0233056 0.028
0 0.512583 0.389406 0.0401111 0.0169375
0 0.651875 0.531729 0.0365833 0.0184583
0 0.695306 0.463646 0.0376111 0.02
0 0.702167 0.432771 0.0397778 0.0254583
0 0.573542 0.438594 0.0321389 0.0456875
0 0.241847 0.522177 0.0143611 0.0110208
0 0.710431 0.598115 0.0529167 0.0276458
0 0.734069 0.504365 0.0256389 0.0225625
0 0.688514 0.56 0.0458056 0.0184583
0 0.0705972 0.556073 0.02325 0.0310208
0 0.533083 0.478375 0.0456111 0.0235417
0 0.736042 0.788344 0.0548611 0.0214792
0 0.506222 0.772958 0.0468333 0.0366667
0 0.565861 0.401073 0.0255 0.0332708
0 0.5345 0.612563 0.0396667 0.0395
0 0.586097 0.535854 0.0189722 0.0235417
0 0.607597 0.459208 0.0261944 0.0364583
0 0.365917 0.926281 0.0552222 0.0339375
0 0.317819 0.930875 0.0596944 0.049375
0 0.174861 0.405292 0.0301111 0.01575
0 0.281028 0.774531 0.0477222 0.0401875
0 0.316597 0.77675 0.0394167 0.0443333
0 0.761181 0.513854 0.0364167 0.037625
0 0.514944 0.408687 0.0287778 0.0277917
0 0.735944 0.55976 0.0505556 0.0173542
0 0.652861 0.732344 0.0313889 0.0311875
0 0.612111 0.436542 0.0386111 0.02025
0 0.226556 0.39449 0.0290556 0.0120625
0 0.0506806 0.433969 0.0153056 0.0241458
0 0.407847 0.761688 0.06675 0.023125
0 0.171972 0.582719 0.0355556 0.0300625
0 0.672125 0.744927 0.0454722 0.0241042
0 0.414292 0.753698 0.0793611 0.0238125
0 0.607236 0.491906 0.0281944 0.0281042
0 0.22025 0.89924 0.0558333 0.0345625
0 0.699806 0.786021 0.0553889 0.0320417
0 0.272111 0.383208 0.0212222 0.0182083
0 0.610444 0.905073 0.0301111 0.0173542
0 0.646514 0.805344 0.0288611 0.0239792
0 0.184056 0.41824 0.0516667 0.0177708
0 0.759528 0.581156 0.0335 0.0277708
0 0.299472 0.417927 0.0151667 0.0056875
0 0.636736 0.762677 0.0335833 0.0171042
0 0.392431 0.898406 0.05625 0.0233542
0 0.218194 0.456542 0.0177778 0.02
0 0.674792 0.616333 0.0665278 0.0305417
0 0.682278 0.427427 0.0191111 0.0143542
0 0.755875 0.440521 0.0184722 0.025125
0 0.456931 0.952948 0.0393056 0.0305208
0 0.690625 0.808292 0.0543611 0.026
0 0.537056 0.965177 0.0225556 0.0225625
0 0.582889 0.564854 0.0423333 0.0399583
0 0.161458 0.531927 0.0501389 0.0167292
0 0.214681 0.57025 0.0304167 0.025125
0 0.152861 0.565906 0.0494444 0.0242708
0 0.480486 0.845125 0.0198056 0.014875
0 0.439167 0.895479 0.0410556 0.0318333
0 0.425792 0.949135 0.0233611 0.0548958
0 0.564278 0.961521 0.0281111 0.0187083
0 0.403042 0.949615 0.0365833 0.0361458
