0 0.636364 0.617773 0.110676 0.0632656
0 0.398718 0.541406 0.0667599 0.118313
0 0.345396 0.566062 0.0836131 0.0670625
0 0.603788 0.677969 0.194848 0.0294687
0 0.862646 0.523516 0.175641 0.0782188
0 0.615699 0.658148 0.127063 0.0178594
0 0.534242 0.80168 0.13669 0.0926719
0 0.628683 0.714906 0.119091 0.048625
0 0.48683 0.738758 0.0874592 0.0720781
0 0.587541 0.725078 0.236713 0.0509375
0 0.734009 0.505062 0.053986 0.08725
0 0.456492 0.756656 0.0701399 0.0801875
0 0.712844 0.726594 0.201772 0.0411562
0 0.887634 0.557234 0.184172 0.0514687
0 0.599371 0.403164 0.0351515 0.0682031
0 0.661084 0.778984 0.123287 0.0735
0 0.473869 0.820453 0.0801399 0.10275
0 0.639068 0.517352 0.0357576 0.0452656
0 0.540501 0.756227 0.113403 0.0484531
0 0.515117 0.725055 0.111399 0.0445781
0 0.560047 0.440164 0.0632168 0.0721719
0 0.738345 0.463797 0.0636364 0.100781
0 0.794604 0.477375 0.102541 0.0914688
0 0.679604 0.578133 0.149277 0.0906094
0 0.854207 0.482586 0.133263 0.111984
0 0.563019 0.548242 0.0913986 0.135297
0 0.48303 0.545852 0.0443823 0.112703
0 0.689242 0.39843 0.0572727 0.176422
0 0.504114 0.450242 0.0318182 0.0488281
0 0.650897 0.374078 0.03662 0.12775
0 0.507483 0.562844 0.0542191 0.0989375
0 0.59479 0.573391 0.135361 0.112125
0 0.695175 0.49007 0.0442424 0.112922
0 0.442786 0.555164 0.0434266 0.0932344
0 0.41021 0.807336 0.0374825 0.146109
0 0.516177 0.647703 0.175385 0.0646562
0 0.726352 0.684734 0.230979 0.0289063
0 0.613951 0.388188 0.0143357 0.0234375
0 0.580851 0.549297 0.034289 0.073
0 0.458823 0.542289 0.03 0.0730156
0 0.630746 0.464703 0.0407925 0.0792188
0 0.723497 0.415602 0.0425641 0.116828
0 0.762308 0.534969 0.0787879 0.0740937
0 0.800932 0.635617 0.211935 0.107547
0 0.349639 0.542422 0.0847319 0.105313
0 0.504091 0.687516 0.0960606 0.027
0 0.762832 0.570578 0.0994639 0.0430938
0 0.648858 0.436328 0.0168298 0.0541875
0 0.446387 0.816656 0.0744988 0.11675
0 0.408939 0.545492 0.0367133 0.0781094
0 0.758741 0.643578 0.183124 0.0496875
0 0.540455 0.80857 0.0315851 0.0938594
0 0.885991 0.597617 0.190256 0.0303281
0 0.515198 0.49857 0.038648 0.0825156
0 0.567879 0.397852 0.0579953 0.126891
0 0.357855 0.527523 0.0467133 0.0634531
0 0.647354 0.697664 0.118765 0.0270469
0 0.346981 0.553594 0.0951282 0.0898438
0 0.528741 0.443227 0.0376224 0.0596406
0 0.669965 0.409805 0.0297203 0.0864844
0 0.675501 0.625563 0.167832 0.0566875
0 0.312179 0.579531 0.0536364 0.0373125
0 0.628695 0.371156 0.0280653 0.0947187
0 0.837401 0.633086 0.0506061 0.0385469
0 0.599604 0.596945 0.0937995 0.0672969
