2 0.685328 0.791934 0.104375 0.182547
2 0.722484 0.551792 0.0646562 0.0831132
2 0.56975 0.379175 0.0597188 0.0901415
2 0.312031 0.291167 0.0611875 0.0871462
2 0.747547 0.431179 0.125094 0.167594
2 0.186305 0.498998 0.0670781 0.0982311
2 0.30582 0.595047 0.122391 0.0976887
2 0.517734 0.641592 0.0372188 0.0720991
2 0.533922 0.465318 0.0575937 0.08375
2 0.426469 0.606415 0.0487187 0.0928302
2 0.587703 0.694764 0.063125 0.0731604
2 0.384906 0.336922 0.112688 0.137618
2 0.413102 0.878962 0.149578 0.182453
2 0.346016 0.768314 0.0732187 0.0645047
2 0.54618 0.648561 0.0465156 0.0767925
2 0.231102 0.570696 0.0597969 0.0645991
2 0.476625 0.35888 0.0630313 0.0829953
