0 0.52235 0.545811 0.03442 0.0924625
0 0.126 0.27458 0.03536 0.0576877
0 0.35955 0.220781 0.04674 0.1597
0 0.53383 0.559655 0.02346 0.0999099
0 0.42196 0.28521 0.02312 0.0942643
0 0.46743 0.127703 0.0603 0.164294
0 0.04016 0.585526 0.05588 0.163303
0 0.40046 0.187477 0.06852 0.166246
0 0.28947 0.23967 0.06642 0.125405
0 0.52949 0.15033 0.02978 0.102282
0 0.44832 0.407778 0.02388 0.1
0 0.20571 0.652508 0.02642 0.0605105
0 0.59256 0.303408 0.06708 0.0642342
0 0.60453 0.526517 0.0373 0.0837838
0 0.64342 0.229174 0.02 0.0901802
0 0.57517 0.351126 0.0491 0.12982
0 0.54358 0.414459 0.03656 0.127838
0 0.537 0.41967 0.031 0.125105
0 0.17171 0.556321 0.1093 0.160871
0 0.51803 0.429444 0.0257 0.126096
0 0.57689 0.223213 0.02234 0.0633634
0 0.60206 0.406051 0.00936 0.0194895
0 0.14578 0.238198 0.05212 0.0889489
0 0.45534 0.476787 0.02712 0.0418018
0 0.12934 0.593949 0.05564 0.180631
0 0.65932 0.320541 0.01356 0.0264264
0 0.03757 0.528408 0.06894 0.104745
0 0.44301 0.12955 0.04202 0.141021
0 0.2056 0.354835 0.02636 0.0375976
0 0.49974 0.432988 0.02732 0.128498
0 0.25755 0.302538 0.06042 0.0862162
0 0.55461 0.562342 0.02394 0.0807207
0 0.33034 0.24015 0.04376 0.196156
0 0.41566 0.276682 0.01728 0.049039
0 0.31635 0.24033 0.0735 0.133934
0 0.26177 0.0273574 0.01618 0.0448048
0 0.64356 0.439535 0.02216 0.0774474
0 0.73478 0.521216 0.01984 0.0423724
0 0.59846 0.274384 0.05192 0.058018
0 0.51491 0.247327 0.06354 0.0870871
0 0.36153 0.322823 0.02098 0.0518318
0 0.51223 0.178153 0.02374 0.0821321
0 0.26519 0.294339 0.0625 0.0755255
0 0.4747 0.0943544 0.07428 0.132312
0 0.43816 0.284685 0.0266 0.117237
0 0.56541 0.222958 0.03894 0.0919219
0 0.47518 0.382538 0.04076 0.107237
0 0.14036 0.705511 0.03032 0.0430931
0 0.65222 0.425 0.03376 0.0958859
0 0.3769 0.197538 0.05504 0.161682
0 0.39296 0.285946 0.0288 0.0741742
0 0.08013 0.202252 0.0745 0.167868
0 0.62861 0.207613 0.0375 0.0813514
0 0.63012 0.379354 0.01636 0.047958
0 0.14449 0.17976 0.06022 0.115676
0 0.58289 0.181547 0.03414 0.0707808
0 0.36537 0.49036 0.00994 0.0365766
0 0.2483 0.508498 0.0662 0.0718318
0 0.18387 0.22485 0.04702 0.107898
0 0.23693 0.634595 0.06402 0.0688889
0 0.49732 0.251967 0.04892 0.0901201
0 0.70056 0.32033 0.01456 0.02
0 0.15599 0.575 0.09602 0.168739
0 0.71335 0.551126 0.0205 0.0504204
0 0.36683 0.0862312 0.05642 0.0715015
0 0.62107 0.228183 0.0255 0.0932432
0 0.209 0.227237 0.05224 0.0670871
0 0.48625 0.287087 0.0421 0.117357
0 0.63372 0.432102 0.01896 0.0536937
0 0.32301 0.569294 0.10398 0.116967
0 0.38576 0.0861411 0.03612 0.0430931
0 0.62023 0.53027 0.0389 0.0726126
0 0.58757 0.325646 0.06326 0.0846246
0 0.42515 0.137613 0.04214 0.142613
0 0.54861 0.243844 0.0225 0.0892492
0 0.45954 0.125766 0.0452 0.138919
0 0.55284 0.390105 0.05204 0.11006
0 0.45938 0.211006 0.03092 0.0509009
0 0.25452 0.580495 0.06744 0.077027
0 0.1588 0.634895 0.0498 0.171111
0 0.59168 0.573544 0.0314 0.0804805
0 0.54008 0.16497 0.01604 0.0723423
0 0.28499 0.353213 0.03682 0.0345946
0 0.63192 0.32467 0.03616 0.10027
0 0.71834 0.676051 0.015 0.0394895
0 0.24038 0.533784 0.03012 0.0542342
0 0.71674 0.362177 0.01704 0.0340841
0 0.64463 0.485511 0.01126 0.0318018
0 0.68957 0.458949 0.03202 0.0512312
0 0.53088 0.626156 0.0266 0.0359159
0 0.54435 0.145135 0.04946 0.1
0 0.59752 0.369099 0.02892 0.0469069
0 0.13422 0.359249 0.02416 0.0886486
0 0.25853 0.241246 0.04914 0.123634
0 0.71273 0.431772 0.03178 0.0464264
0 0.51462 0.646006 0.01752 0.0528529
0 0.59141 0.543844 0.04126 0.0912913
0 0.32407 0.0195796 0.02274 0.0363964
0 0.05508 0.26548 0.05856 0.107177
0 0.87583 0.574354 0.01274 0.0336937
0 0.46421 0.316817 0.02326 0.102282
0 0.31234 0.323018 0.05848 0.0715616
0 0.10002 0.586036 0.04644 0.206667
0 0.15571 0.283844 0.04466 0.0451051
0 0.60893 0.451231 0.0271 0.0744745
0 0.69474 0.287568 0.03784 0.0341141
0 0.73224 0.636517 0.02796 0.0254054
0 0.45965 0.28485 0.02806 0.105556
0 0.62713 0.490901 0.01978 0.0315315
0 0.34673 0.579384 0.08802 0.0611111
0 0.6081 0.392057 0.01916 0.0282583
0 0.68587 0.562763 0.01606 0.046967
0 0.32761 0.482838 0.01826 0.0246547
0 0.08821 0.133393 0.08466 0.191832
0 0.23252 0.665465 0.03736 0.0541141
0 0.5752 0.559339 0.0374 0.0930931
0 0.1796 0.338108 0.0378 0.0389189
0 0.22268 0.321997 0.04192 0.0602102
0 0.43983 0.540255 0.01706 0.0354054
0 0.06953 0.603919 0.03962 0.176306
0 0.16377 0.15488 0.10262 0.0958258
0 0.03427 0.15464 0.06854 0.196126
0 0.41463 0.525135 0.01178 0.0287087
0 0.89731 0.559489 0.02814 0.0236036
