2 0.663031 0.47375 0.0916875 0.078625
2 0.494453 0.0747708 0.059875 0.0410417
2 0.128844 0.397479 0.0761875 0.0714583
2 0.312633 0.291875 0.0766719 0.111667
2 0.428828 0.106667 0.0463438 0.0789583
2 0.534258 0.434437 0.0768594 0.101208
2 0.582383 0.197302 0.0630781 0.0756458
2 0.16143 0.239354 0.0684531 0.0520417
2 0.225906 0.176687 0.061125 0.0902917
2 0.310602 0.185406 0.0470781 0.0680625
2 0.423914 0.243344 0.0721719 0.0975208
2 0.16293 0.364146 0.121391 0.0907917
2 0.341313 0.555031 0.0665937 0.0954792
2 0.507594 0.546198 0.0690625 0.0929792
2 0.0909531 0.491167 0.0706563 0.123125
2 0.311125 0.41049 0.0586563 0.108729
2 0.561789 0.143052 0.0738594 0.0601875
2 0.668656 0.545323 0.10975 0.103104
2 0.32118 0.0918646 0.0634844 0.0357292
2 0.619898 0.311844 0.0371406 0.0666042
2 0.429953 0.606365 0.0914375 0.114271
2 0.591406 0.722333 0.0905625 0.0932917
2 0.46143 0.156667 0.0332656 0.0522917
2 0.685258 0.32599 0.0916719 0.0880208
2 0.0951094 0.370021 0.0471562 0.0936667
2 0.202195 0.4625 0.0883906 0.0957917
2 0.251477 0.296458 0.0538906 0.121458
2 0.851789 0.500135 0.0720156 0.0847708
2 0.673531 0.218646 0.0793125 0.0972917
2 0.828945 0.312125 0.0412969 0.0394583
2 0.688109 0.639625 0.0838125 0.111125
2 0.433531 0.42874 0.0850625 0.106354
2 0.74375 0.285552 0.0540625 0.0803542
2 0.731805 0.438708 0.0716719 0.0932917
