0 0.31901 0.484516 0.0601042 0.022875
0 0.7325 0.740383 0.0270833 0.0347031
0 0.870594 0.448672 0.0557292 0.0172813
0 0.40799 0.728203 0.0744792 0.0449375
0 0.273135 0.669617 0.102896 0.0377031
0 0.102365 0.79 0.0622292 0.0989688
0 0.0668125 0.511031 0.05675 0.0225625
0 0.103781 0.848242 0.0350208 0.0670469
0 0.837927 0.680891 0.0509375 0.05
0 0.35351 0.404648 0.0224375 0.0158906
0 0.108333 0.618633 0.108542 0.0335156
0 0.826229 0.426234 0.027 0.0238438
0 0.141219 0.756945 0.0480625 0.0392969
0 0.757677 0.836844 0.0961042 0.0345312
0 0.546823 0.758453 0.0902708 0.0328125
0 0.204156 0.608211 0.0362292 0.0394844
0 0.808458 0.735992 0.0631667 0.0433281
0 0.404146 0.614719 0.064375 0.05125
0 0.164167 0.853078 0.0465 0.0276875
0 0.815271 0.466688 0.03825 0.021
0 0.265823 0.753188 0.0915625 0.027875
0 0.233813 0.58218 0.0369583 0.0469531
0 0.287583 0.637852 0.0990417 0.0344844
0 0.312042 0.913586 0.0792917 0.0241406
0 0.159208 0.496539 0.0612083 0.0279531
0 0.491167 0.696031 0.0447917 0.0361563
0 0.297667 0.718203 0.0735 0.0312812
0 0.755521 0.893039 0.1095 0.0362031
0 0.277115 0.43357 0.0199792 0.0261094
0 0.0308437 0.907141 0.0421458 0.0632188
0 0.620479 0.576156 0.113167 0.04
0 0.348719 0.551172 0.0337708 0.0425312
0 0.71749 0.795531 0.0838958 0.05275
0 0.294948 0.376961 0.0503542 0.0164219
0 0.101437 0.667766 0.112167 0.0438125
0 0.369302 0.479594 0.0608542 0.0287187
0 0.301917 0.923641 0.067875 0.0306563
0 0.827875 0.477023 0.0414583 0.0201719
0 0.465365 0.529359 0.0577708 0.0295
0 0.139875 0.525141 0.0515 0.0331562
0 0.883031 0.429109 0.0466875 0.0290938
0 0.100062 0.73975 0.0434167 0.0174375
0 0.597875 0.373578 0.0285833 0.014625
0 0.359792 0.412078 0.015875 0.0127188
0 0.06675 0.465789 0.0514583 0.0514531
0 0.20375 0.434234 0.050375 0.0286875
0 0.534052 0.723516 0.0494375 0.05825
0 0.549437 0.378789 0.0297917 0.0256719
0 0.602729 0.08025 0.0307083 0.03125
0 0.66149 0.438227 0.0173125 0.0218594
0 0.37325 0.872539 0.0525417 0.0357031
0 0.346438 0.496484 0.0680417 0.0176875
0 0.301844 0.410219 0.0463542 0.0230937
0 0.849552 0.438953 0.0236458 0.028875
0 0.515188 0.0961562 0.0225833 0.02
0 0.670344 0.0840234 0.0386458 0.0130781
0 0.564771 0.456695 0.0388333 0.0304531
0 0.278 0.395523 0.0266667 0.0266719
0 0.55799 0.569523 0.0365625 0.0627656
0 0.469552 0.512945 0.0492292 0.0233281
0 0.56575 0.113133 0.0500833 0.0363281
0 0.627635 0.653977 0.0367708 0.0355781
0 0.852042 0.84082 0.0447917 0.0277344
0 0.520406 0.660914 0.0610208 0.0439219
0 0.0330312 0.552008 0.0654375 0.0404219
0 0.261417 0.526273 0.0386667 0.0497969
0 0.392208 0.402813 0.02975 0.0073125
0 0.823385 0.494102 0.0177708 0.0189844
0 0.207406 0.847297 0.0613125 0.0509063
0 0.642417 0.524922 0.0430833 0.02975
0 0.263917 0.436836 0.0275417 0.0336406
0 0.119208 0.572508 0.0473333 0.0222031
0 0.561854 0.468266 0.0417083 0.0255312
0 0.296271 0.568414 0.099625 0.0262656
0 0.367708 0.792664 0.0647083 0.0731094
0 0.55674 0.728117 0.0770208 0.0381094
0 0.0759375 0.703234 0.092125 0.053875
0 0.12624 0.44143 0.0366042 0.0486094
0 0.572875 0.432703 0.03425 0.0113437
0 0.10374 0.914875 0.0755625 0.0287187
0 0.207094 0.512586 0.0465625 0.0435781
0 0.0804479 0.848297 0.0159375 0.016875
0 0.103573 0.867633 0.0745208 0.0241406
0 0.60951 0.477055 0.0192708 0.0394219
0 0.629094 0.111281 0.0246458 0.041625
0 0.606271 0.0586875 0.038 0.0214688
0 0.647031 0.910352 0.0539375 0.0644844
0 0.163802 0.784398 0.0711875 0.0476094
0 0.292698 0.363875 0.0373125 0.0179687
0 0.685177 0.919844 0.0124792 0.0391875
0 0.592302 0.518008 0.0353125 0.0164219
0 0.40425 0.698234 0.0790417 0.0359688
0 0.744667 0.805422 0.088625 0.0403437
0 0.58 0.76043 0.0845833 0.0318906
0 0.765937 0.927617 0.065625 0.0466719
0 0.858604 0.50257 0.0560833 0.0230781
0 0.746938 0.690438 0.0694167 0.0238438
0 0.712333 0.736195 0.0649583 0.0539219
0 0.449885 0.625617 0.0682292 0.0284531
0 0.574 0.690508 0.08025 0.0155469
0 0.618792 0.697297 0.0508333 0.029125
0 0.667875 0.788102 0.0418333 0.0554219
0 0.162198 0.589859 0.0423125 0.0321562
0 0.705865 0.772328 0.0551875 0.049
0 0.24801 0.617055 0.0321458 0.0130781
0 0.807302 0.441141 0.0263542 0.019
0 0.247552 0.463375 0.0297292 0.0107188
0 0.107615 0.53107 0.0906042 0.0279531
0 0.571906 0.617336 0.0665625 0.0475156
0 0.339313 0.792367 0.0349583 0.0767969
0 0.74476 0.671367 0.0789375 0.0304219
0 0.383781 0.782711 0.0870208 0.0587344
0 0.22599 0.543297 0.0680208 0.0378437
0 0.862771 0.830461 0.0700417 0.0676094
0 0.0858437 0.480922 0.0755625 0.0405
0 0.628177 0.438563 0.0196875 0.0257188
0 0.287573 0.788594 0.0714375 0.0677813
0 0.57925 0.788727 0.0934167 0.0306406
0 0.48451 0.588156 0.0423958 0.0187187
0 0.625615 0.0815625 0.0261458 0.0289687
0 0.0908333 0.693719 0.104625 0.0459062
0 0.767552 0.653109 0.0721875 0.0286875
0 0.431625 0.55 0.045125 0.0235938
0 0.301563 0.866313 0.0437917 0.0484375
0 0.658948 0.701031 0.0403542 0.0174375
0 0.684677 0.679352 0.0273542 0.0243594
0 0.279458 0.604359 0.06975 0.0440938
0 0.0265312 0.479359 0.0530625 0.0571875
0 0.865469 0.467109 0.0578542 0.0204063
0 0.324271 0.453875 0.048625 0.03775
0 0.195115 0.648148 0.0805625 0.0578281
0 0.194281 0.754242 0.0605625 0.0377656
0 0.644677 0.492695 0.0222292 0.0382031
0 0.671052 0.930352 0.0211875 0.0556094
0 0.646125 0.833594 0.068375 0.0287187
0 0.183906 0.715945 0.0847708 0.0482031
0 0.40076 0.756445 0.107312 0.0259844
0 0.8545 0.517563 0.0465 0.01975
0 0.536823 0.405461 0.0553958 0.0282031
0 0.807052 0.657898 0.0492292 0.0435781
0 0.159885 0.451672 0.0594792 0.0212812
0 0.160656 0.466031 0.0721458 0.0274375
0 0.267323 0.836031 0.0693958 0.0361563
0 0.466167 0.559016 0.057125 0.030375
0 0.244646 0.408164 0.018625 0.0147344
0 0.423427 0.661531 0.0848542 0.041
0 0.206687 0.69032 0.0830833 0.0302656
0 0.845927 0.414516 0.0281458 0.0422187
0 0.484958 0.487461 0.03575 0.0339531
0 0.09075 0.439227 0.053 0.0366719
0 0.221844 0.41332 0.0160625 0.0126406
0 0.175302 0.874383 0.0313958 0.0306406
0 0.657813 0.612422 0.032125 0.0135
0 0.228729 0.612836 0.0207083 0.0135781
0 0.501979 0.733961 0.0474167 0.0737031
0 0.59126 0.652945 0.0376042 0.0156406
0 0.665344 0.568477 0.0538958 0.0287344
0 0.0867813 0.640883 0.0826458 0.0650469
0 0.523406 0.615633 0.0355208 0.0488906
0 0.544646 0.105141 0.014125 0.0211875
0 0.388865 0.87925 0.0267292 0.0229687
0 0.241469 0.515258 0.0371458 0.0437031
0 0.655365 0.813844 0.0393125 0.0574375
0 0.579885 0.0726953 0.0311042 0.0269219
0 0.535458 0.802562 0.0692083 0.0564063
0 0.508802 0.452719 0.0311042 0.0286875
0 0.857052 0.859867 0.106729 0.0585781
0 0.399833 0.417844 0.007875 0.005125
0 0.0932708 0.575523 0.0674167 0.0470156
0 0.590229 0.820766 0.0690417 0.0364063
0 0.783 0.776875 0.0265 0.023875
0 0.47399 0.672687 0.0348542 0.0576875
0 0.0229479 0.583477 0.0458958 0.0748281
0 0.31851 0.61657 0.0505208 0.0613281
0 0.192062 0.820969 0.0709583 0.0407813
0 0.860146 0.488852 0.0564167 0.0217969
0 0.0946042 0.463984 0.044125 0.0211875
0 0.762792 0.875891 0.105083 0.0314688
0 0.345135 0.523438 0.0268542 0.0119063
0 0.622469 0.403406 0.0326042 0.02075
0 0.161531 0.826211 0.0343542 0.0383906
0 0.54974 0.680688 0.0837708 0.0370313
0 0.547229 0.656648 0.0489583 0.0274531
0 0.490927 0.392492 0.0444375 0.0556406
0 0.319396 0.518922 0.0430833 0.0266562
0 0.868 0.775656 0.0622083 0.0528125
0 0.828719 0.446367 0.0278958 0.0187969
0 0.141042 0.552305 0.086875 0.0288594
0 0.369229 0.613555 0.0617083 0.0674531
0 0.639115 0.54757 0.0574375 0.0243594
0 0.166896 0.518883 0.0525417 0.0254531
0 0.302031 0.442109 0.0581875 0.019
0 0.30725 0.68418 0.0489583 0.0417969
0 0.303563 0.395773 0.0447917 0.0243594
0 0.594219 0.454383 0.0222292 0.0117969
0 0.294656 0.519922 0.0410208 0.0459062
0 0.823177 0.514453 0.0159375 0.0295625
0 0.141396 0.633609 0.0445 0.0135
0 0.468917 0.385469 0.0357083 0.0415937
0 0.465604 0.54282 0.0467083 0.0316406
0 0.270927 0.771648 0.0941875 0.0389531
0 0.618281 0.763547 0.0744375 0.0240938
