0 0.535131 0.396937 0.337618 0.357344
0 0.318932 0.13607 0.287461 0.153859
0 0.461173 0.563219 0.292224 0.233156
0 0.650622 0.667687 0.172592 0.203344
0 0.957566 0.126117 0.0717688 0.167328
0 0.0211296 0.96532 0.0422592 0.0693594
0 0.640902 0.280938 0.105692 0.0770938
0 0.816261 0.748102 0.274378 0.248141
0 0.887863 0.57918 0.218459 0.150578
0 0.581646 0.166125 0.181786 0.0903438
0 0.820832 0.859391 0.353152 0.185438
0 0.577933 0.251906 0.123853 0.079125
0 0.314256 0.431383 0.220245 0.416297
0 0.101786 0.664297 0.203573 0.153875
0 0.878363 0.132273 0.165797 0.204922
0 0.890683 0.753641 0.206655 0.0953438
0 0.181611 0.199391 0.0758669 0.0907813
0 0.395105 0.376219 0.288984 0.310438
0 0.0910771 0.270539 0.175849 0.216203
0 0.114264 0.798852 0.225832 0.168297
0 0.631007 0.84318 0.0583363 0.117203
0 0.659965 0.362898 0.522872 0.305391
0 0.752837 0.248852 0.118774 0.229609
0 0.961637 0.442125 0.076725 0.131062
0 0.345105 0.896062 0.451436 0.155156
0 0.510998 0.0521328 0.184588 0.104266
0 0.811217 0.563719 0.114799 0.0966562
0 0.122942 0.559664 0.233975 0.193766
0 0.56542 0.664578 0.155184 0.191781
0 0.99296 0.123766 0.0114886 0.0523125
0 0.0327671 0.0837109 0.0612609 0.0908281
0 0.189842 0.110688 0.103818 0.094
0 0.649405 0.544383 0.256252 0.145297
0 0.774466 0.0189453 0.0393695 0.0375781
0 0.145193 0.0319219 0.0970053 0.0638438
0 0.890806 0.468156 0.120105 0.123094
0 0.025 0.0310937 0.05 0.0621875
0 0.138047 0.72068 0.103135 0.0586406
0 0.150219 0.169805 0.0591068 0.151078
0 0.429851 0.799758 0.404886 0.272359
0 0.627399 0.0429844 0.0241156 0.0859688
0 0.0467426 0.156891 0.0934851 0.170844
0 0.826559 0.973711 0.280473 0.0525781
0 0.170517 0.398531 0.278441 0.380844
0 0.944545 0.705164 0.109264 0.129984
0 0.729965 0.0684531 0.0731349 0.127844
0 0.832478 0.0277656 0.098056 0.0533438
0 0.713853 0.138102 0.0749562 0.0489844
0 0.509299 0.188648 0.114746 0.0810781
0 0.844396 0.0877891 0.180946 0.142078
0 0.414991 0.976703 0.307496 0.0465938
0 0.345736 0.0714922 0.318967 0.133609
0 0.249413 0.192914 0.0722067 0.0940156
0 0.0224869 0.468945 0.0449737 0.154828
0 0.64662 0.191633 0.116427 0.0717344
0 0.490114 0.238273 0.0692644 0.0610469
0 0.899133 0.320758 0.191856 0.199484
0 0.864737 0.282844 0.1362 0.172969
0 0.687207 0.0640547 0.105657 0.128109
0 0.5912 0.111813 0.176725 0.0818125
0 0.0858406 0.140547 0.0790018 0.149094
