2 0.469297 0.913838 0.097125 0.166362
2 0.40507 0.667394 0.102797 0.145399
2 0.366602 0.745763 0.0712031 0.13392
2 0.458195 0.416103 0.0943906 0.0998122
2 0.713031 0.955094 0.113656 0.0898122
2 0.913727 0.833146 0.0577344 0.139812
2 0.586305 0.87662 0.162641 0.182441
2 0.844305 0.721561 0.0907656 0.138756
2 0.633766 0.503028 0.07925 0.0979343
2 0.598016 0.905059 0.124313 0.171526
2 0.765516 0.781761 0.0565 0.122207
2 0.779883 0.773674 0.134328 0.204249
2 0.537656 0.839296 0.0625938 0.078216
2 0.537484 0.450833 0.0804688 0.0936854
2 0.705555 0.843415 0.101453 0.135892
