2 0.279391 0.473917 0.0773125 0.0819583
2 0.426125 0.597292 0.0543125 0.0829167
2 0.606477 0.273104 0.0562344 0.0324167
2 0.618945 0.603313 0.0634219 0.08375
2 0.461945 0.24224 0.0519531 0.0766458
2 0.650602 0.292052 0.0403281 0.0598542
2 0.297734 0.372083 0.0770625 0.043875
2 0.720219 0.499927 0.0848125 0.0621875
2 0.321172 0.321875 0.0783438 0.052375
2 0.707594 0.355667 0.0535312 0.0470417
2 0.562016 0.613542 0.0655625 0.0955833
2 0.404125 0.265427 0.063375 0.0460208
2 0.735828 0.408979 0.061125 0.031125
2 0.372938 0.561021 0.0752812 0.0837917
