1 0.75326 0.657402 0.138676 0.125621
1 0.590237 0.465 0.162859 0.142778
1 0.833717 0.91344 0.145376 0.16616
1 0.591103 0.875842 0.135343 0.101814
1 0.322582 0.425596 0.23183 0.124461
1 0.174314 0.480874 0.16281 0.152271
1 0.443652 0.338194 0.114363 0.0984804
1 0.767541 0.74567 0.0982516 0.0773203
1 0.67991 0.803881 0.128513 0.129265
1 0.25094 0.86549 0.166127 0.179477
1 0.768587 0.512859 0.0359314 0.0476471
1 0.682247 0.52576 0.0679248 0.0772712
1 0.563113 0.789739 0.180147 0.21317
1 0.209404 0.368513 0.182435 0.139477
1 0.380343 0.330662 0.0531699 0.0768464
1 0.972606 0.591797 0.0423039 0.0430719
1 0.70308 0.580752 0.0446569 0.0337255
1 0.102132 0.684346 0.204265 0.200098
1 0.841152 0.684714 0.127042 0.155572
1 0.526454 0.359967 0.183072 0.109673
1 0.925057 0.549101 0.0414216 0.0485621
1 0.839461 0.699028 0.0470915 0.0452778
1 0.787402 0.812484 0.105556 0.0788889
1 0.690605 0.420114 0.0294444 0.0453268
1 0.568848 0.971217 0.117663 0.0575654
1 0.0556454 0.511454 0.109853 0.163366
1 0.73558 0.807631 0.120637 0.213725
1 0.648505 0.956667 0.179232 0.0841176
1 0.684526 0.473456 0.0407843 0.0497549
1 0.184273 0.539265 0.200572 0.135229
1 0.435229 0.0873856 0.0335948 0.04
1 0.714273 0.460261 0.0346242 0.0466667
