0 0.8437 0.161711 0.107307 0.156328
0 0.873068 0.159508 0.147728 0.156484
0 0.620808 0.732234 0.0745433 0.160281
0 0.82178 0.43225 0.0792974 0.110594
0 0.850656 0.644133 0.188618 0.118547
0 0.641148 0.146547 0.0757377 0.133906
0 0.762506 0.452062 0.0350351 0.141906
0 0.613173 0.424359 0.158197 0.124969
0 0.596979 0.705016 0.141311 0.148562
0 0.667354 0.218453 0.0479625 0.0665313
0 0.892096 0.417625 0.149719 0.11625
0 0.685386 0.72368 0.101358 0.172516
0 0.696663 0.188859 0.0611944 0.105719
0 0.879063 0.242953 0.0603747 0.068375
0 0.851148 0.438594 0.122201 0.1275
0 0.720585 0.718555 0.044637 0.151922
0 0.899251 0.389602 0.125995 0.0691719
0 0.736335 0.144922 0.0686417 0.133531
0 0.870843 0.42682 0.139672 0.114609
0 0.801511 0.449906 0.0751054 0.141656
0 0.625094 0.0916641 0.126253 0.0733906
0 0.762881 0.209984 0.0604215 0.101625
0 0.633326 0.129891 0.154567 0.121938
0 0.671534 0.449281 0.104426 0.132156
0 0.680925 0.135586 0.0869087 0.121422
0 0.709813 0.466289 0.0615925 0.158859
0 0.823103 0.232227 0.0631148 0.0841719
0 0.800761 0.154898 0.0678454 0.145766
0 0.754075 0.720492 0.0606557 0.112141
0 0.850644 0.351258 0.108829 0.0231406
0 0.690621 0.355727 0.0837705 0.0165469
0 0.652869 0.450563 0.120398 0.138281
0 0.823899 0.681859 0.152436 0.138563
0 0.806358 0.346461 0.0565574 0.0195156
0 0.631897 0.437758 0.153396 0.146641
0 0.626112 0.198719 0.0471663 0.0657812
0 0.658794 0.782969 0.0414286 0.0562187
0 0.79178 0.702937 0.102576 0.143187
