0 0.717148 0.68783 0.0337031 0.0378302
0 0.502164 0.775861 0.0692344 0.0495047
0 0.409008 0.602099 0.0378906 0.0520283
0 0.676797 0.800955 0.063875 0.0437972
0 0.528695 0.603007 0.0489219 0.0389858
0 0.496648 0.836851 0.0455156 0.0616745
0 0.743195 0.798113 0.0200156 0.0435849
0 0.656961 0.836344 0.0767656 0.0499528
0 0.554008 0.854623 0.0404219 0.0749057
0 0.803906 0.671828 0.0389062 0.0895047
0 0.842211 0.805967 0.0520156 0.0465094
0 0.537844 0.646415 0.0538438 0.0514623
0 0.589445 0.68645 0.0453594 0.0525708
0 0.433477 0.540625 0.0332969 0.104127
0 0.512828 0.86625 0.058625 0.0720755
0 0.431398 0.629316 0.0328906 0.0413208
0 0.489289 0.740554 0.0623594 0.0325708
0 0.815094 0.789658 0.0481875 0.0595519
0 0.493586 0.535012 0.0514844 0.0605896
0 0.734656 0.728785 0.0681875 0.0527123
0 0.488531 0.80895 0.0436875 0.0338915
0 0.555734 0.574222 0.0589063 0.0433019
0 0.562258 0.526403 0.0492656 0.0320519
0 0.612984 0.831356 0.0499375 0.0515802
0 0.527055 0.808432 0.0527969 0.0505896
0 0.720828 0.954776 0.0323125 0.0552123
0 0.469773 0.661828 0.0432656 0.0447406
0 0.557203 0.687441 0.0478438 0.0371934
0 0.463789 0.521486 0.0387969 0.106462
0 0.794844 0.845212 0.042125 0.0633491
0 0.606266 0.618726 0.0536875 0.0356604
0 0.623906 0.591781 0.047125 0.0428538
0 0.70918 0.844458 0.0579844 0.0645283
0 0.670094 0.905908 0.0850313 0.127288
0 0.759188 0.725507 0.026875 0.0593632
0 0.527008 0.905554 0.0449844 0.0913443
0 0.479086 0.583255 0.0512969 0.0415566
0 0.4815 0.762571 0.054 0.0445283
0 0.748313 0.776061 0.0484687 0.0836792
0 0.637633 0.897807 0.0737344 0.0656132
0 0.61018 0.813196 0.0270156 0.0212972
0 0.634273 0.783962 0.0630781 0.0446226
0 0.495094 0.510967 0.0428437 0.0367925
0 0.600539 0.529705 0.0423906 0.0218632
0 0.763367 0.666439 0.0424844 0.0494811
0 0.627359 0.575613 0.039625 0.0295755
0 0.530578 0.52066 0.045125 0.0541509
0 0.572063 0.648585 0.0628438 0.0376887
0 0.784258 0.744823 0.0344844 0.0804953
0 0.498461 0.661179 0.0303594 0.055566
0 0.613039 0.681108 0.0477344 0.0494811
0 0.828234 0.741238 0.029625 0.0322877
0 0.713945 0.776486 0.0484844 0.0873113
0 0.525609 0.5652 0.0454375 0.0549292
0 0.742922 0.678479 0.0269375 0.0587972
0 0.481922 0.650035 0.00590625 0.0109198
0 0.668828 0.963137 0.0409687 0.0708019
0 0.77593 0.801014 0.0385781 0.0608962
0 0.600117 0.554646 0.0598281 0.0392925
0 0.799781 0.699575 0.0470625 0.0556604
0 0.833867 0.857512 0.0559219 0.0895519
0 0.808164 0.747948 0.0219531 0.0554717
0 0.692383 0.703278 0.0388906 0.0317453
0 0.807375 0.659434 0.0361875 0.0851415
0 0.679211 0.739481 0.0542656 0.0562264
0 0.586266 0.585719 0.0541562 0.044033
0 0.463992 0.70875 0.0252344 0.0419811
0 0.463945 0.62184 0.0456406 0.0390094
0 0.562188 0.5402 0.048875 0.0320047
0 0.461617 0.50342 0.0358281 0.0949057
0 0.856508 0.769929 0.0275156 0.0338679
0 0.77225 0.654363 0.027375 0.0390094
0 0.598906 0.736486 0.0343125 0.0725472
0 0.525836 0.746274 0.0623906 0.083066
0 0.574398 0.893738 0.0329531 0.0925708
0 0.598156 0.862429 0.03425 0.074717
0 0.621891 0.710165 0.0268437 0.0605189
0 0.752625 0.699151 0.0232812 0.0205189
0 0.656031 0.925873 0.0759375 0.0687264
0 0.673289 0.762134 0.0648906 0.0702594
