0 0.439063 0.212782 0.0889687 0.116315
0 0.345281 0.0878638 0.0583438 0.0753052
0 0.346195 0.739049 0.0929219 0.176831
0 0.165258 0.298955 0.0671094 0.163826
0 0.592867 0.725305 0.0565156 0.17615
0 0.976164 0.73108 0.0476719 0.148122
0 0.267211 0.945293 0.0888594 0.109413
0 0.806352 0.756221 0.0550469 0.158685
0 0.59657 0.116631 0.0990781 0.114906
0 0.0269219 0.851831 0.0533125 0.220516
0 0.34882 0.305622 0.0426094 0.102371
0 0.868211 0.300904 0.0829844 0.0741549
0 0.0918984 0.913556 0.0639844 0.172887
0 0.583047 0.248756 0.0693125 0.196573
0 0.955008 0.348756 0.0461719 0.126056
0 0.643594 0.345716 0.042625 0.0912441
0 0.354609 0.883592 0.0554063 0.142582
0 0.174633 0.151702 0.0727031 0.189883
0 0.980687 0.64392 0.0384375 0.0477934
0 0.851648 0.812559 0.0709219 0.12615
0 0.852281 0.242512 0.0792812 0.090892
0 0.50743 0.272594 0.0484531 0.186643
0 0.75132 0.685599 0.0644531 0.0870657
0 0.0695703 0.159026 0.0522969 0.12993
0 0.135914 0.200716 0.0618594 0.170775
0 0.97832 0.711796 0.0421719 0.128286
0 0.190578 0.881279 0.0629062 0.225469
0 0.94132 0.239108 0.0518281 0.156667
0 0.976852 0.282019 0.0458594 0.183099
0 0.819187 0.288228 0.0542188 0.0881455
0 0.236688 0.815634 0.0875 0.242113
0 0.852312 0.658028 0.045875 0.0584038
0 0.630391 0.895493 0.0534063 0.08
0 0.315414 0.124847 0.0679844 0.0626995
0 0.295117 0.842817 0.0830156 0.314366
0 0.0719297 0.773263 0.0855156 0.189671
0 0.511805 0.348134 0.0555781 0.112746
0 0.661109 0.754014 0.102188 0.193568
0 0.667102 0.372465 0.0262656 0.0628638
0 0.373461 0.780798 0.0462344 0.209953
0 0.904578 0.302418 0.0445313 0.173944
0 0.358797 0.221315 0.0488125 0.0935681
0 0.736391 0.350434 0.043125 0.118709
0 0.636969 0.777746 0.0615 0.208592
0 0.303227 0.839624 0.0403906 0.0897653
0 0.691547 0.736362 0.0488125 0.19277
0 0.116187 0.09973 0.088375 0.163685
0 0.276016 0.228768 0.113375 0.211808
0 0.835258 0.733521 0.0687969 0.140939
0 0.381125 0.247101 0.0467187 0.164859
0 0.978836 0.685129 0.0402344 0.0897418
0 0.633391 0.868638 0.0526875 0.106808
0 0.710484 0.225575 0.0743125 0.160681
0 0.970203 0.729883 0.0494062 0.166714
0 0.747453 0.226455 0.09625 0.173333
0 0.938305 0.723756 0.0314531 0.164225
0 0.145922 0.339624 0.0584063 0.125352
0 0.913719 0.272019 0.0435 0.169906
0 0.146695 0.950129 0.0535469 0.0997418
0 0.330352 0.927746 0.0477344 0.0820657
0 0.373133 0.935704 0.0418594 0.101784
0 0.304414 0.732101 0.0670781 0.162512
0 0.920359 0.652101 0.0422812 0.0820423
0 0.818062 0.228709 0.05525 0.0794836
0 0.24618 0.286972 0.0828594 0.291268
0 0.409492 0.850951 0.0434844 0.280446
0 0.407711 0.269366 0.0466094 0.199906
0 0.613492 0.201138 0.0913594 0.161056
0 0.901469 0.723075 0.0280938 0.0886385
0 0.49482 0.792934 0.108203 0.203662
0 0.683773 0.301714 0.0452969 0.142066
0 0.517094 0.221045 0.0478125 0.187582
0 0.320937 0.270352 0.0451562 0.0823005
0 0.150008 0.801714 0.0266094 0.0746009
0 0.67768 0.853228 0.0242656 0.0611502
0 0.575266 0.812066 0.05125 0.180469
0 0.659859 0.182911 0.0490625 0.154131
0 0.440437 0.851408 0.069375 0.274601
0 0.868953 0.334225 0.0603437 0.0761502
0 0.733891 0.789906 0.058375 0.239061
0 0.511453 0.752653 0.132719 0.17216
0 0.469133 0.825434 0.0813281 0.262559
0 0.627844 0.287218 0.0422187 0.12946
0 0.314125 0.195646 0.04525 0.095
0 0.155984 0.76358 0.0483125 0.0772066
0 0.950492 0.382594 0.0475156 0.0970657
0 0.585109 0.770563 0.0610313 0.170235
0 0.750781 0.767512 0.0755313 0.14216
0 0.124266 0.942664 0.02275 0.112465
0 0.186094 0.395023 0.0383125 0.0538967
0 0.927648 0.697664 0.0393906 0.132653
0 0.00911719 0.936831 0.0172031 0.123897
0 0.0478438 0.927007 0.0635 0.14331
0 0.708992 0.378721 0.0357969 0.114859
0 0.552398 0.155246 0.0671406 0.134953
0 0.262461 0.264331 0.0969531 0.255235
0 0.899031 0.633439 0.0512188 0.0757512
0 0.100578 0.259707 0.0553125 0.163263
0 0.841586 0.194495 0.0675156 0.0674413
0 0.567703 0.357817 0.0697187 0.161268
0 0.4235 0.269531 0.0650625 0.187183
0 0.235789 0.288592 0.0704219 0.294836
0 0.809117 0.819108 0.0540469 0.110516
0 0.721359 0.347969 0.0508438 0.172934
0 0.862047 0.757817 0.0545625 0.1623
0 0.802633 0.807054 0.0516719 0.145892
0 0.749062 0.734613 0.07075 0.115892
0 0.885383 0.787265 0.0227344 0.0770657
0 0.750062 0.271491 0.0672813 0.165751
0 0.565531 0.291408 0.055125 0.224178
0 0.888344 0.692124 0.0303438 0.0701174
0 0.60493 0.87804 0.0172344 0.04777
0 0.378008 0.350822 0.0406406 0.0637089
0 0.317695 0.864085 0.0303906 0.0847418
0 0.355141 0.164789 0.0544375 0.080892
0 0.127586 0.823768 0.0707344 0.19993
0 0.219711 0.316479 0.0702031 0.195775
0 0.870484 0.715528 0.0596563 0.102183
0 0.846391 0.85669 0.0327188 0.0931925
0 0.709586 0.875 0.0567656 0.0826761
0 0.197977 0.848075 0.0614531 0.238592
0 0.557555 0.380012 0.0533281 0.140728
0 0.817031 0.331585 0.04825 0.0851408
0 0.482633 0.672101 0.0917344 0.0989906
0 0.43575 0.255657 0.0856875 0.173756
