2 0.584758 0.29499 0.0240781 0.0353958
2 0.628977 0.256875 0.115141 0.0703333
2 0.871055 0.691969 0.0571406 0.0678958
2 0.641039 0.186708 0.0877344 0.122333
2 0.716516 0.389771 0.0638438 0.063375
2 0.682086 0.340177 0.0744219 0.143854
2 0.704172 0.256854 0.0459688 0.0519167
2 0.588039 0.656 0.0313906 0.0366667
2 0.541453 0.412396 0.0336875 0.0965
2 0.860594 0.309281 0.098625 0.0706458
2 0.61775 0.298833 0.0680937 0.07025
2 0.911234 0.336698 0.0854062 0.0929792
2 0.602508 0.365354 0.0985156 0.11275
2 0.973078 0.881906 0.0514687 0.0675625
2 0.828094 0.381229 0.0528438 0.085125
2 0.926594 0.563469 0.0568438 0.0645208
2 0.872008 0.584771 0.0569531 0.0635833
2 0.782859 0.523708 0.0377813 0.036875
2 0.656664 0.724469 0.0918281 0.0338958
2 0.783031 0.34949 0.044125 0.0383125
2 0.562688 0.264646 0.0307812 0.0530833
2 0.72068 0.725896 0.0668906 0.0887083
2 0.585586 0.234417 0.0292344 0.0230833
2 0.967047 0.515375 0.0394375 0.147167
2 0.544727 0.295708 0.0609531 0.0413333
2 0.717039 0.22124 0.0694844 0.0768542
2 0.614414 0.587021 0.0250469 0.052
2 0.819094 0.636312 0.0505938 0.0925833
2 0.916945 0.462708 0.0849219 0.138625
