0 0.588758 0.574153 0.0733594 0.2108
0 0.427016 0.287976 0.04725 0.157365
0 0.685742 0.439671 0.141359 0.0962353
0 0.620391 0.479271 0.0837813 0.08
0 0.428992 0.707953 0.0752656 0.0764235
0 0.652719 0.298141 0.143875 0.192376
0 0.589641 0.246388 0.0679063 0.285576
0 0.452953 0.373941 0.0638438 0.173294
0 0.627055 0.261047 0.100141 0.235271
0 0.27582 0.415847 0.0429219 0.146847
0 0.685586 0.527306 0.130422 0.05
0 0.695805 0.167071 0.0746719 0.164541
0 0.309523 0.619212 0.0441094 0.0753647
0 0.503883 0.394106 0.0911094 0.146047
0 0.701461 0.483118 0.119516 0.0788
0 0.482172 0.332329 0.0555312 0.1904
0 0.405102 0.433988 0.0718594 0.141012
0 0.360945 0.709059 0.0485156 0.0892235
0 0.487914 0.604376 0.0484219 0.0404706
0 0.318727 0.512282 0.0467031 0.147624
0 0.413266 0.658824 0.0707187 0.0694588
0 0.549547 0.221671 0.0226562 0.107153
0 0.450414 0.482106 0.0818594 0.1364
0 0.386602 0.324812 0.0552344 0.184776
0 0.666469 0.347294 0.156781 0.138729
0 0.31468 0.722494 0.0612656 0.144612
0 0.47657 0.759965 0.0402344 0.0773882
0 0.567492 0.148259 0.0231719 0.104329
0 0.244609 0.7632 0.0870313 0.194212
0 0.431453 0.743965 0.0774688 0.103459
0 0.359328 0.320824 0.0515625 0.203341
0 0.259258 0.491882 0.0774219 0.139294
0 0.40725 0.511459 0.076625 0.100518
0 0.347422 0.543588 0.0599375 0.1236
0 0.483266 0.685224 0.0876875 0.0690824
0 0.362633 0.630071 0.0754844 0.0698353
0 0.669758 0.123106 0.0498281 0.0929882
0 0.52807 0.658835 0.0527031 0.0517412
0 0.604922 0.560318 0.0826875 0.1596
0 0.402297 0.234059 0.0283438 0.0884
0 0.318711 0.397235 0.0391719 0.137106
0 0.420977 0.572659 0.0821094 0.0799529
0 0.481406 0.537929 0.0892813 0.102588
0 0.466297 0.626729 0.0874375 0.0787765
0 0.265133 0.630671 0.0547344 0.0752235
