2 0.67812 0.219889 0.04636 0.0633661
2 0.95125 0.793673 0.06614 0.0728501
2 0.81409 0.806953 0.07542 0.0783292
2 0.53185 0.233354 0.04946 0.072457
2 0.86474 0.810565 0.04592 0.0626536
2 0.75518 0.708612 0.02304 0.0389926
2 0.75396 0.890663 0.06528 0.0746437
2 0.57951 0.257506 0.05794 0.0492138
2 0.12457 0.904042 0.09358 0.121302
2 0.72922 0.812801 0.05856 0.0466339
2 0.80209 0.638391 0.05862 0.0620393
2 0.73926 0.612703 0.0594 0.0512039
2 0.55522 0.287002 0.05332 0.0737592
2 0.98722 0.866966 0.02556 0.071769
2 0.92703 0.738182 0.05222 0.0834398
2 0.71678 0.747617 0.07268 0.0881572
2 0.94925 0.865614 0.07518 0.0972727
2 0.12344 0.691229 0.09592 0.140541
2 0.7502 0.779668 0.03796 0.0497543
2 0.84102 0.855467 0.06736 0.0520639
2 0.68751 0.87984 0.07258 0.0613022
2 0.42123 0.4993 0.05786 0.0722604
2 0.87966 0.75484 0.06164 0.0780835
2 0.03917 0.840246 0.07834 0.102408
2 0.62164 0.570037 0.03796 0.0253808
2 0.37511 0.261757 0.02226 0.0276413
2 0.5823 0.765663 0.07388 0.0707862
2 0.90681 0.914877 0.06534 0.0589435
2 0.84644 0.909914 0.07872 0.0969779
2 0.63839 0.886916 0.08322 0.0360442
2 0.0509 0.730934 0.09888 0.120049
2 0.12025 0.823808 0.08582 0.114349
2 0.34757 0.268563 0.02314 0.0274447
2 0.67454 0.571572 0.0486 0.038231
2 0.74166 0.330184 0.04068 0.0449386
2 0.32409 0.226536 0.0221 0.0264373
2 0.7916 0.748206 0.07432 0.0729238
2 0.7434 0.641818 0.04964 0.01543
2 0.79165 0.946794 0.0691 0.052457
2 0.35163 0.488157 0.0749 0.0890909
2 0.64331 0.788415 0.07586 0.0382555
2 0.50644 0.232088 0.02828 0.0629975
2 0.37399 0.56871 0.07738 0.0741278
2 0.04661 0.673686 0.09322 0.0858968
2 0.79781 0.888796 0.02522 0.070172
2 0.85127 0.643084 0.06898 0.0610565
2 0.39707 0.238931 0.01602 0.0264619
2 0.69429 0.597432 0.03358 0.0182064
2 0.40911 0.523391 0.0695 0.0893857
2 0.32935 0.295663 0.0217 0.0307862
2 0.69465 0.789693 0.02954 0.034226
2 0.34149 0.24043 0.02306 0.0263145
2 0.60871 0.244877 0.03474 0.0527027
2 0.98596 0.75312 0.02316 0.0341032
2 0.57952 0.225602 0.02624 0.0169042
2 0.96772 0.656106 0.03596 0.0228747
2 0.76026 0.345098 0.05676 0.0558477
2 0.60931 0.297936 0.04846 0.0532187
2 0.03678 0.918833 0.07272 0.132752
2 0.63108 0.26027 0.01884 0.0570025
2 0.84989 0.691867 0.0657 0.0797543
2 0.78849 0.691364 0.05006 0.0598771
2 0.901 0.799201 0.0558 0.0533415
2 0.65067 0.767162 0.06918 0.057371
2 0.84017 0.767002 0.0265 0.0233415
2 0.71462 0.268133 0.06008 0.0628501
2 0.30956 0.2236 0.01116 0.0129484
2 0.71758 0.578231 0.05424 0.0448649
2 0.63587 0.197838 0.04834 0.0653563
2 0.61149 0.743268 0.01462 0.0229975
2 0.30119 0.233612 0.01982 0.0234889
2 0.59537 0.191007 0.03286 0.0287469
2 0.30904 0.546523 0.07028 0.0842015
2 0.90117 0.85188 0.06014 0.0726044
2 0.31451 0.263022 0.01878 0.02
2 0.78443 0.910344 0.04422 0.0469287
2 0.62781 0.357531 0.05146 0.0600246
