0 0.509656 0.549024 0.049625 0.0222824
0 0.432812 0.500894 0.039125 0.0334118
0 0.452164 0.548929 0.0300156 0.0184235
0 0.501914 0.4898 0.0235469 0.0217647
0 0.603875 0.607988 0.0230625 0.0212471
0 0.374484 0.5512 0.0404687 0.0183529
0 0.5115 0.599647 0.03325 0.0183529
0 0.386406 0.518141 0.037375 0.0219765
0 0.45118 0.535529 0.0327031 0.0155765
0 0.532523 0.610482 0.0423594 0.0196471
0 0.394164 0.580353 0.0456719 0.0348706
0 0.358086 0.498624 0.0477656 0.0191294
0 0.346422 0.574329 0.0241875 0.0172706
0 0.551102 0.619624 0.0351406 0.0314824
0 0.376422 0.505176 0.0427812 0.0220706
0 0.592867 0.652671 0.0382031 0.0348471
0 0.551859 0.604165 0.0375625 0.0337412
0 0.520555 0.548506 0.0443594 0.0264706
0 0.383008 0.500506 0.0286094 0.0124
0 0.493125 0.505929 0.03275 0.0351529
0 0.397023 0.593341 0.0382031 0.0261176
0 0.415172 0.513059 0.0491562 0.0292235
0 0.587234 0.632059 0.0311875 0.0227059
0 0.393914 0.55 0.0404531 0.0233882
0 0.50925 0.529553 0.04175 0.0166588
0 0.520641 0.566259 0.0425625 0.0163294
0 0.548578 0.5328 0.0301563 0.0587765
0 0.364086 0.577553 0.0272031 0.0188706
0 0.345094 0.514012 0.039 0.0134353
0 0.607172 0.645729 0.0284375 0.0338118
0 0.555789 0.524612 0.0276719 0.0613647
0 0.347109 0.608671 0.00640625 0.00962353
