0 0.67399 0.922868 0.03394 0.0446547
0 0.88451 0.542943 0.04378 0.0804805
0 0.15908 0.647808 0.03112 0.111411
0 0.11249 0.321607 0.07242 0.0730631
0 0.34823 0.962793 0.0581 0.0476877
0 0.41109 0.921592 0.0343 0.0340541
0 0.74874 0.595751 0.04464 0.131261
0 0.19486 0.0672372 0.06024 0.0482282
0 0.32804 0.666261 0.01476 0.0341441
0 0.56008 0.972913 0.03584 0.0533934
0 0.42739 0.810946 0.03526 0.0778078
0 0.43099 0.105751 0.03094 0.0232132
0 0.18002 0.816952 0.02948 0.086036
0 0.20013 0.316727 0.05622 0.0698498
0 0.6302 0.7547 0.05132 0.0802102
0 0.75278 0.761381 0.04064 0.103423
0 0.50866 0.813198 0.02372 0.0415916
0 0.42944 0.176381 0.02768 0.0281381
0 0.25918 0.0556907 0.04048 0.0500601
0 0.11952 0.576712 0.04724 0.0598498
0 0.30256 0.271832 0.0514 0.119219
0 0.91782 0.425511 0.03432 0.0564865
0 0.51707 0.94473 0.04398 0.0332432
0 0.02022 0.868093 0.03864 0.0622523
0 0.16645 0.934114 0.02854 0.0524324
0 0.07857 0.450676 0.06774 0.0658559
0 0.34061 0.301622 0.06014 0.0297898
0 0.37034 0.621832 0.015 0.0446246
0 0.36277 0.345315 0.03826 0.0585586
0 0.02535 0.892988 0.02954 0.0711411
0 0.94771 0.618003 0.03618 0.142793
0 0.02059 0.425511 0.04118 0.049039
0 0.20765 0.882402 0.02046 0.0350751
0 0.14505 0.792838 0.02006 0.0766667
0 0.20308 0.83458 0.01792 0.0592492
0 0.49993 0.174069 0.02282 0.0308408
0 0.28013 0.737432 0.03474 0.0509009
0 0.56915 0.387523 0.0485 0.0529429
0 0.6135 0.421667 0.0318 0.0518619
0 0.12975 0.621486 0.0547 0.0945045
0 0.65437 0.353964 0.04858 0.110811
0 0.28639 0.782117 0.02842 0.0269369
0 0.97968 0.305165 0.04064 0.157417
0 0.47813 0.435931 0.04002 0.0536637
0 0.04687 0.960105 0.0315 0.0727027
0 0.35817 0.609354 0.01414 0.0262763
0 0.76982 0.0195495 0.02108 0.0186186
0 0.88437 0.833619 0.03798 0.0143844
0 0.44506 0.338183 0.0406 0.0372673
0 0.72114 0.349009 0.03536 0.0996396
0 0.25402 0.844144 0.01208 0.043964
0 0.22564 0.456231 0.04452 0.104354
0 0.41122 0.701907 0.03496 0.0414715
0 0.30646 0.874234 0.02848 0.0347147
0 0.63486 0.494444 0.04308 0.0941742
0 0.37228 0.705886 0.01648 0.0447447
0 0.26704 0.543964 0.06416 0.0449249
0 0.81365 0.495616 0.09326 0.0505105
0 0.5392 0.865465 0.0486 0.0590991
0 0.37099 0.884925 0.00874 0.0432432
0 0.62378 0.969745 0.03908 0.04003
0 0.6638 0.946336 0.02956 0.0470871
0 0.48033 0.32527 0.0093 0.0415916
0 0.42172 0.390165 0.02968 0.0827928
0 0.61126 0.27982 0.05116 0.0451051
0 0.68357 0.377583 0.0401 0.123514
0 0.86201 0.743784 0.0219 0.0406607
0 0.6784 0.545571 0.06904 0.0818919
0 0.5787 0.212718 0.01944 0.0256156
0 0.76403 0.275616 0.0587 0.0738739
0 0.18906 0.942282 0.02628 0.046006
0 0.6084 0.794234 0.03444 0.102703
0 0.50516 0.768078 0.02096 0.0651652
0 0.67039 0.284595 0.06078 0.0813213
0 0.46298 0.181622 0.01964 0.0422222
0 0.8905 0.310315 0.092 0.155646
0 0.2672 0.098018 0.04736 0.0687087
0 0.62927 0.60994 0.03838 0.078018
0 0.52938 0.837703 0.04116 0.0306006
0 0.52068 0.958619 0.05972 0.031952
0 0.0161 0.350676 0.03164 0.0986486
0 0.54595 0.660661 0.01622 0.0512312
0 0.90538 0.132282 0.01836 0.0284084
0 0.17359 0.78476 0.02386 0.0698799
0 0.45678 0.145526 0.01844 0.0380781
0 0.69962 0.657207 0.04208 0.102222
0 0.80743 0.71006 0.0493 0.0995796
0 0.97212 0.622012 0.02044 0.101201
0 0.15602 0.829369 0.01964 0.0601201
0 0.88102 0.093979 0.04008 0.0471171
0 0.58254 0.683423 0.04092 0.0428228
0 0.66665 0.606201 0.0541 0.097988
0 0.26783 0.41015 0.05106 0.0741742
0 0.78294 0.642372 0.0414 0.126126
0 0.08999 0.591967 0.05506 0.0921021
0 0.80301 0.532538 0.10742 0.0696396
0 0.7055 0.590976 0.04484 0.123634
0 0.24114 0.79503 0.01868 0.0226727
0 0.94666 0.974279 0.0378 0.0514414
0 0.09176 0.656997 0.03652 0.101982
0 0.23402 0.843108 0.01492 0.0467568
0 0.34403 0.791892 0.02446 0.0855856
0 0.39498 0.859414 0.04332 0.045015
0 0.23143 0.249535 0.0783 0.0403303
0 0.59497 0.626532 0.02594 0.025976
0 0.93701 0.123859 0.01986 0.029039
0 0.16685 0.967748 0.03478 0.0474474
0 0.85726 0.660601 0.04996 0.0705105
0 0.80314 0.970916 0.0544 0.0581682
0 0.89242 0.462733 0.07108 0.0571171
0 0.78523 0.249414 0.07282 0.0564264
0 0.89687 0.0571021 0.03414 0.037988
0 0.64246 0.984144 0.04232 0.0317117
0 0.48117 0.779414 0.02542 0.0323423
0 0.59497 0.169039 0.03806 0.0251652
0 0.48384 0.238679 0.01964 0.0390991
0 0.69985 0.759159 0.07254 0.112372
0 0.2422 0.72006 0.01716 0.0645646
0 0.03052 0.532162 0.03424 0.11009
0 0.60502 0.981156 0.03416 0.0376877
0 0.5425 0.892402 0.06252 0.0345946
0 0.62244 0.840255 0.02764 0.105315
0 0.47207 0.160826 0.01178 0.0341441
0 0.84209 0.687988 0.04814 0.0761562
0 0.43628 0.0353904 0.01052 0.0189489
0 0.39566 0.717793 0.00992 0.0247147
0 0.46413 0.713318 0.02734 0.0572072
0 0.20685 0.155345 0.0369 0.066967
0 0.21762 0.849865 0.02048 0.0573874
0 0.50981 0.672943 0.0239 0.0472072
0 0.49719 0.719535 0.01738 0.0331231
0 0.32629 0.342447 0.03462 0.0522823
0 0.90563 0.319985 0.08682 0.15955
0 0.43825 0.843994 0.06462 0.0561562
0 0.94488 0.323093 0.05728 0.175135
0 0.1755 0.0877477 0.03724 0.0672673
0 0.10208 0.216982 0.05236 0.0844745
0 0.57702 0.592447 0.01836 0.0330631
0 0.64921 0.703589 0.04982 0.0713814
0 0.23823 0.102973 0.04338 0.0422222
0 0.31039 0.237477 0.03842 0.0682282
0 0.43936 0.43518 0.02532 0.0688589
0 0.67521 0.480015 0.06606 0.0570871
0 0.51423 0.296877 0.02378 0.0183183
0 0.79969 0.312763 0.06098 0.0663063
0 0.50568 0.145781 0.02148 0.0268769
0 0.59464 0.947793 0.03508 0.0364264
0 0.52149 0.692658 0.02614 0.0321021
0 0.18854 0.637898 0.0382 0.109309
0 0.21193 0.96018 0.02522 0.0524324
0 0.58307 0.243498 0.02974 0.0298799
0 0.76362 0.435751 0.03596 0.13967
0 0.75562 0.81048 0.02672 0.0681081
0 0.37744 0.352462 0.02168 0.0667267
0 0.86968 0.163979 0.09768 0.0642342
0 0.25749 0.725 0.01594 0.053003
0 0.14174 0.0471772 0.02956 0.0440841
0 0.23042 0.164174 0.06044 0.0824625
0 0.11109 0.48003 0.0599 0.0986186
0 0.43986 0.115015 0.02684 0.0315916
0 0.40779 0.354144 0.02458 0.0618018
0 0.49116 0.319039 0.01632 0.0448048
0 0.32709 0.27515 0.02886 0.0265766
0 0.14847 0.0991441 0.02902 0.0848949
0 0.12041 0.137703 0.02418 0.0822523
0 0.48846 0.990225 0.02356 0.0170871
0 0.69554 0.714715 0.04336 0.0715916
0 0.81519 0.304264 0.04566 0.0603003
0 0.12156 0.0893994 0.02908 0.0916517
0 0.77362 0.393544 0.04132 0.0980781
0 0.47565 0.272357 0.01914 0.0397297
0 0.11258 0.39958 0.02764 0.0762162
0 0.09079 0.366081 0.04134 0.067958
0 0.62775 0.899595 0.02786 0.0573874
0 0.18618 0.40036 0.037 0.0887688
0 0.64983 0.151426 0.05014 0.0405105
0 0.5551 0.756081 0.01756 0.0758859
0 0.28407 0.35494 0.05114 0.0432132
0 0.16713 0.181952 0.0331 0.104745
0 0.33897 0.824805 0.02302 0.0440841
0 0.23076 0.885751 0.02124 0.0624324
0 0.72982 0.290075 0.035 0.075045
0 0.86574 0.0333333 0.04608 0.0344144
0 0.62768 0.317372 0.03504 0.0620721
0 0.86389 0.0160961 0.05186 0.0247447
0 0.33859 0.932357 0.04242 0.0808709
0 0.68353 0.186682 0.05974 0.0896997
0 0.72334 0.146201 0.02512 0.0376877
0 0.11848 0.828514 0.02688 0.0456156
0 0.29769 0.691036 0.02442 0.0238138
0 0.54026 0.638814 0.01196 0.0359459
0 0.40552 0.888228 0.02664 0.0415015
0 0.42089 0.130781 0.01886 0.0239039
0 0.01249 0.316351 0.02454 0.0790691
0 0.87361 0.118183 0.04706 0.0358859
0 0.12964 0.672568 0.03556 0.128498
0 0.13175 0.354985 0.04914 0.114414
0 0.40365 0.658018 0.0273 0.0537538
0 0.03196 0.219264 0.06392 0.0456156
0 0.84273 0.429505 0.03466 0.0597297
0 0.54028 0.774805 0.01976 0.057958
0 0.07985 0.193769 0.06846 0.0600901
0 0.13622 0.827177 0.02256 0.056036
0 0.75846 0.332553 0.04424 0.0853453
0 0.92278 0.541892 0.04548 0.158919
0 0.39574 0.357237 0.01832 0.0691892
0 0.53712 0.910811 0.05168 0.0383784
0 0.46793 0.242553 0.01922 0.0350751
0 0.41404 0.792102 0.02148 0.0425826
0 0.58054 0.191426 0.03584 0.0322823
0 0.51371 0.646637 0.01074 0.0257658
0 0.57204 0.79976 0.0146 0.0231231
0 0.4641 0.9747 0.05416 0.0506006
0 0.8418 0.73985 0.0326 0.0792793
0 0.12719 0.767658 0.01878 0.0481682
0 0.32855 0.230511 0.02346 0.0411411
0 0.1945 0.83955 0.018 0.0442643
0 0.09938 0.0856456 0.02868 0.0699099
0 0.48601 0.122432 0.02854 0.0406607
0 0.37387 0.670871 0.02666 0.0518318
0 0.57587 0.349189 0.05838 0.0466066
0 0.79826 0.757042 0.03832 0.10021
0 0.68759 0.0735135 0.01334 0.0177778
0 0.23695 0.397613 0.04602 0.083033
0 0.13905 0.971787 0.0265 0.0493393
0 0.98413 0.23988 0.02874 0.0523724
0 0.04474 0.344249 0.0388 0.0543844
0 0.56113 0.730706 0.01998 0.0642342
0 0.58125 0.978018 0.02994 0.043964
0 0.87775 0.50515 0.06398 0.0538438
0 0.23787 0.335706 0.05394 0.0757958
0 0.56526 0.275871 0.06792 0.0378679
0 0.64326 0.910721 0.03912 0.0513514
0 0.61508 0.498273 0.03548 0.0809309
0 0.43462 0.0595195 0.02492 0.0222823
0 0.64695 0.541441 0.0553 0.0765165
0 0.2392 0.205616 0.04548 0.0574174
0 0.31878 0.694024 0.0156 0.0471471
0 0.73201 0.659444 0.03846 0.164174
0 0.03134 0.183183 0.04608 0.0452252
0 0.22011 0.747958 0.03602 0.0457057
0 0.09576 0.0436787 0.06604 0.0545045
0 0.85964 0.789039 0.01856 0.0198198
0 0.35338 0.259715 0.05216 0.0441742
0 0.16565 0.0341892 0.03486 0.0448348
0 0.25174 0.933589 0.04184 0.0565465
0 0.02762 0.604009 0.04656 0.104294
0 0.39893 0.730751 0.01982 0.0234234
0 0.37113 0.774895 0.00714 0.0271471
0 0.23687 0.261517 0.10218 0.124835
0 0.78147 0.772553 0.03878 0.076036
0 0.43801 0.909805 0.02706 0.0364264
0 0.35863 0.827673 0.02454 0.0474174
0 0.2519 0.982297 0.04672 0.0354054
0 0.25624 0.644024 0.05216 0.0621021
0 0.28482 0.819129 0.016 0.0315315
0 0.65977 0.79515 0.03994 0.136727
0 0.60168 0.776742 0.04404 0.126937
0 0.28072 0.272763 0.03608 0.106847
0 0.57613 0.616246 0.0217 0.0233634
0 0.72499 0.414294 0.04522 0.0986186
0 0.49199 0.980571 0.04958 0.0388589
0 0.00494 0.271802 0.00988 0.053033
0 0.48421 0.0928829 0.01894 0.0213213
0 0.47866 0.0452553 0.01672 0.0299099
0 0.2523 0.526156 0.10084 0.0871471
0 0.8694 0.225375 0.09892 0.0675075
0 0.88156 0.809189 0.02792 0.0403604
0 0.96352 0.417823 0.0178 0.0896997
0 0.7692 0.175435 0.04104 0.0485886
0 0.50296 0.0566366 0.02356 0.0356757
0 0.04644 0.25033 0.02792 0.0266667
0 0.09192 0.10506 0.04156 0.0723423
0 0.44074 0.82961 0.05828 0.0633033
0 0.74344 0.121832 0.01316 0.0152553
0 0.24449 0.816321 0.0155 0.0521622
0 0.23418 0.600195 0.09664 0.0747447
0 0.25264 0.569054 0.09632 0.0530631
0 0.33892 0.36509 0.01856 0.0498799
0 0.30817 0.831922 0.02922 0.0541742
0 0.45291 0.659565 0.02454 0.0484985
0 0.39935 0.780856 0.0353 0.0368468
0 0.05577 0.598243 0.04582 0.0665766
0 0.42697 0.230015 0.03206 0.0184685
0 0.21516 0.633198 0.05732 0.104294
0 0.39505 0.441081 0.0219 0.057958
0 0.61408 0.677102 0.06992 0.0537838
0 0.01743 0.241607 0.03262 0.056967
0 0.35606 0.276096 0.04044 0.0341742
0 0.34172 0.736787 0.0184 0.0646246
0 0.46666 0.323619 0.01932 0.0417718
0 0.91515 0.0725526 0.02214 0.0570571
0 0.65024 0.189489 0.05684 0.0536937
0 0.44737 0.283589 0.0149 0.0487387
0 0.33072 0.453333 0.01364 0.0259459
0 0.33091 0.791517 0.00522 0.0307808
0 0.71667 0.867733 0.07714 0.0489189
0 0.46421 0.115826 0.01426 0.0310511
0 0.38315 0.392207 0.0191 0.051982
0 0.16015 0.704264 0.03322 0.092973
0 0.27353 0.342387 0.03458 0.0398498
0 0.21041 0.915856 0.0317 0.0506306
0 0.44164 0.867958 0.046 0.0400601
0 0.23547 0.788408 0.02314 0.0412012
0 0.8766 0.277748 0.09724 0.103544
0 0.46262 0.0217417 0.02004 0.0221021
0 0.37008 0.807763 0.0146 0.0561862
0 0.43689 0.194294 0.02174 0.0372372
0 0.25611 0.780631 0.01274 0.0190991
0 0.90263 0.0971321 0.02418 0.0583483
0 0.67278 0.137342 0.05312 0.0599099
0 0.4919 0.147568 0.01632 0.0294895
0 0.82628 0.795495 0.03088 0.0287688
0 0.17055 0.552823 0.05186 0.0547748
0 0.15374 0.985195 0.02548 0.0241441
0 0.42467 0.251291 0.0259 0.035976
0 0.09283 0.298168 0.0793 0.0552553
0 0.07664 0.978604 0.03864 0.0427928
0 0.92066 0.115465 0.02228 0.0618018
0 0.44304 0.146967 0.01992 0.0422823
0 0.13202 0.798378 0.02124 0.0431231
0 0.36223 0.673844 0.0263 0.0387988
0 0.58042 0.306246 0.06372 0.0466066
0 0.21977 0.0474775 0.06282 0.0502703
0 0.25277 0.663589 0.03546 0.0805706
0 0.15923 0.77045 0.01838 0.0622222
0 0.46275 0.275931 0.01622 0.0554054
0 0.2423 0.139384 0.06544 0.0554655
0 0.50884 0.278844 0.02244 0.0203904
0 0.50619 0.329279 0.01086 0.0467267
0 0.98769 0.487823 0.02462 0.12958
0 0.5246 0.609129 0.01308 0.0257057
0 0.08716 0.650375 0.04404 0.108318
0 0.51298 0.718273 0.02164 0.029039
0 0.93514 0.0821622 0.02012 0.0591592
0 0.50407 0.109189 0.00674 0.014955
0 0.27824 0.864715 0.03292 0.0335135
0 0.48493 0.18473 0.0163 0.0492192
0 0.47078 0.216021 0.01844 0.0242342
0 0.37948 0.731952 0.02532 0.0350751
0 0.42861 0.285676 0.0173 0.0343544
0 0.31972 0.407357 0.00352 0.00528529
0 0.34658 0.878634 0.0446 0.0374474
0 0.18939 0.980075 0.02742 0.0398498
0 0.64064 0.41991 0.0516 0.0618018
0 0.18851 0.0210511 0.04074 0.0421021
0 0.34691 0.687432 0.00718 0.0172673
0 0.68854 0.457192 0.03316 0.0510811
0 0.0868 0.251997 0.06348 0.0686787
0 0.76795 0.052027 0.0217 0.0211712
0 0.38535 0.418529 0.01902 0.0332132
0 0.79364 0.224219 0.0554 0.0265766
0 0.82765 0.0356757 0.02894 0.0208408
0 0.6058 0.376937 0.04404 0.0624024
0 0.82987 0.574024 0.07918 0.04997
0 0.06354 0.428979 0.06988 0.0526727
0 0.35861 0.447628 0.01122 0.0236637
0 0.49249 0.349474 0.01542 0.0351652
0 0.49688 0.196952 0.0122 0.0438138
0 0.34292 0.991787 0.05816 0.0164264
0 0.42747 0.078994 0.02578 0.0168468
0 0.21956 0.281562 0.07164 0.0479279
0 0.65959 0.236186 0.07374 0.0506907
0 0.84321 0.362342 0.02978 0.0664264
0 0.80864 0.413093 0.05416 0.0962162
0 0.28377 0.755285 0.04198 0.0399399
0 0.52039 0.851712 0.0361 0.080961
0 0.43072 0.760616 0.02296 0.0452553
0 0.42453 0.690961 0.02666 0.0533934
0 0.52876 0.663333 0.02268 0.0407207
0 0.31661 0.77982 0.02366 0.0596396
0 0.77881 0.583003 0.08018 0.113393
0 0.74168 0.983559 0.04368 0.0328829
0 0.0332 0.482988 0.04804 0.0682583
0 0.49274 0.749595 0.01468 0.027958
0 0.491 0.0323423 0.0244 0.0258859
0 0.28136 0.414835 0.05104 0.0855255
0 0.45387 0.25015 0.01386 0.040961
0 0.0773 0.510345 0.04268 0.0997297
0 0.46294 0.375871 0.0404 0.0435736
0 0.82232 0.121667 0.02936 0.0248348
0 0.44983 0.0592793 0.01406 0.0260661
0 0.91079 0.618799 0.0461 0.113453
0 0.15637 0.363544 0.03238 0.104084
0 0.17735 0.131727 0.0317 0.0781682
0 0.47077 0.723679 0.04414 0.0626727
0 0.60966 0.564204 0.03456 0.0702102
0 0.14096 0.137492 0.03064 0.091982
0 0.1757 0.337462 0.0398 0.0826727
0 0.26104 0.897598 0.0242 0.0403604
0 0.28299 0.0406456 0.04726 0.0295195
0 0.64714 0.833964 0.0312 0.144625
0 0.56388 0.65545 0.02216 0.0269369
0 0.98192 0.403198 0.0354 0.179249
0 0.49803 0.112447 0.02194 0.0315616
0 0.87142 0.0664264 0.0308 0.0384985
0 0.25307 0.461937 0.02574 0.0410511
0 0.45717 0.766712 0.02082 0.042973
0 0.69634 0.300601 0.03536 0.0834835
0 0.44452 0.711456 0.0188 0.0847147
0 0.77736 0.103348 0.00768 0.022012
0 0.7683 0.913378 0.02164 0.0162462
0 0.76937 0.70509 0.03778 0.0978078
0 0.13932 0.752688 0.01684 0.0348048
0 0.85436 0.0541742 0.04684 0.0263063
0 0.61254 0.327853 0.02548 0.0582883
0 0.42716 0.667117 0.01608 0.0446246
0 0.44995 0.119324 0.01514 0.0326426
0 0.49764 0.256381 0.01644 0.0202102
0 0.52289 0.378964 0.00894 0.022973
0 0.15375 0.866922 0.0263 0.0339039
0 0.78004 0.977958 0.02216 0.0403604
0 0.29157 0.844264 0.0405 0.0390991
0 0.2698 0.816171 0.01612 0.0660961
0 0.63972 0.942883 0.0504 0.0496697
0 0.46187 0.0500901 0.01974 0.0336937
