0 0.575967 0.17593 0.0223791 0.0628906
0 0.336286 0.205734 0.0312186 0.0241563
0 0.324574 0.20332 0.0132108 0.0219531
0 0.323172 0.191742 0.0266538 0.0461719
0 0.307437 0.185797 0.016499 0.0318125
0 0.291731 0.184805 0.0173501 0.0444531
0 0.597398 0.15582 0.0209865 0.0337344
0 0.571074 0.195047 0.0302708 0.0267812
0 0.589188 0.186945 0.0168279 0.0423281
0 0.647137 0.156953 0.0418569 0.0308437
0 0.364265 0.195023 0.0190522 0.0225781
0 0.637379 0.189687 0.0180851 0.0307812
0 0.273153 0.186953 0.0139652 0.0330937
0 0.213752 0.19 0.0155513 0.0359063
0 0.689874 0.17293 0.0115087 0.0150469
0 0.282756 0.210164 0.0136364 0.0210469
0 0.545077 0.182641 0.0133269 0.0254063
0 0.621915 0.196156 0.0159768 0.028125
0 0.650774 0.195672 0.0196905 0.0182187
0 0.690629 0.185586 0.0263636 0.0204219
0 0.232331 0.203734 0.015029 0.022
0 0.227911 0.193102 0.0181044 0.0325781
0 0.192128 0.199391 0.00951644 0.0095
0 0.627602 0.175914 0.0155513 0.0130781
0 0.551886 0.166297 0.0177756 0.0220625
0 0.650638 0.188234 0.0226692 0.0293438
0 0.60323 0.178539 0.0209284 0.0371719
0 0.679545 0.157359 0.0134043 0.0118125
0 0.338801 0.193477 0.0176402 0.0325156
0 0.628424 0.156125 0.0321663 0.0393437
0 0.265048 0.198797 0.0171373 0.0377188
0 0.351402 0.198055 0.0151451 0.0309531
0 0.554923 0.198297 0.019323 0.0224375
0 0.611306 0.17118 0.0166925 0.0219531
0 0.661934 0.163672 0.0322631 0.0346562
0 0.35148 0.179789 0.0130174 0.0130781
0 0.694894 0.193617 0.0136557 0.0156406
0 0.535832 0.175547 0.0130948 0.0254063
0 0.555503 0.176531 0.017234 0.024875
0 0.312679 0.21557 0.0173501 0.00832813
0 0.306857 0.208039 0.0157253 0.0222344
0 0.244894 0.195156 0.0171373 0.0377188
0 0.541567 0.198273 0.0190329 0.0190156
0 0.543472 0.158602 0.0117408 0.0194844
0 0.526054 0.190719 0.0138878 0.01725
0 0.681412 0.196695 0.0184139 0.0141094
