0 0.450478 0.33245 0.0743778 0.0743667
0 0.417333 0.31565 0.068 0.0756333
0 0.265456 0.33965 0.0156222 0.0588333
0 0.381244 0.162333 0.0255556 0.187133
0 0.430478 0.0311667 0.0158889 0.0623333
0 0.344833 0.12965 0.0299333 0.1329
0 0.479333 0.05455 0.0153333 0.0652333
0 0.407567 0.401267 0.0248222 0.0714667
0 0.451522 0.368317 0.0662889 0.0468333
0 0.293311 0.206633 0.0367556 0.127
0 0.400722 0.1936 0.0294 0.0961333
0 0.4334 0.262517 0.0765333 0.104433
0 0.380356 0.0735833 0.0274667 0.1261
0 0.437778 0.0597333 0.0368889 0.119467
0 0.465189 0.140433 0.0586889 0.0999333
0 0.296133 0.03095 0.0559556 0.0619
0 0.299022 0.3022 0.0307556 0.0837333
0 0.358389 0.334283 0.023 0.0857
0 0.350922 0.21085 0.0432222 0.1409
0 0.464333 0.289367 0.0674222 0.0828
0 0.297822 0.19515 0.0508444 0.1195
0 0.453711 0.108933 0.0524 0.1226
0 0.344456 0.2536 0.0458889 0.1446
0 0.2566 0.411067 0.0306667 0.0506
0 0.313133 0.0182833 0.0437778 0.0365667
0 0.4423 0.0970833 0.0574 0.1343
0 0.463089 0.0230833 0.0175556 0.0439
0 0.279733 0.322117 0.0203111 0.0854333
0 0.447189 0.42695 0.0470889 0.0892333
0 0.265111 0.389717 0.0361333 0.0719
0 0.412567 0.0788167 0.0273111 0.114167
0 0.416156 0.232233 0.0549778 0.1582
0 0.274856 0.222833 0.0209111 0.0652667
0 0.282144 0.0367333 0.0611778 0.0734667
0 0.431578 0.421933 0.0468889 0.0836667
0 0.321478 0.14825 0.0258 0.1279
0 0.466044 0.161717 0.0596444 0.0817667
0 0.327067 0.315833 0.0287111 0.0684667
0 0.3056 0.163417 0.0415111 0.115567
0 0.401844 0.359817 0.0555556 0.0870333
0 0.267256 0.237783 0.0329556 0.0620333
0 0.391889 0.288367 0.0496889 0.1198
0 0.452856 0.387517 0.0664222 0.0349667
0 0.333178 0.0577833 0.0319556 0.1147
0 0.402889 0.05515 0.0324889 0.1103
0 0.360567 0.0692 0.0271778 0.1352
