0 0.35576 0.0278021 0.0979792 0.0556042
0 0.606479 0.777427 0.09625 0.0553542
0 0.55224 0.785687 0.102104 0.07
0 0.115031 0.873177 0.221312 0.245021
0 0.592531 0.892448 0.185104 0.215104
0 0.635552 0.904823 0.107188 0.184271
0 0.389312 0.155865 0.1145 0.187479
0 0.734156 0.903458 0.0316875 0.19
0 0.227948 0.76724 0.0451458 0.0353125
0 0.268208 0.0677292 0.0354583 0.0549167
0 0.143021 0.875375 0.21325 0.24925
0 0.0602188 0.921885 0.120438 0.156229
0 0.42301 0.157094 0.123063 0.185896
0 0.374115 0.128354 0.249771 0.245708
0 0.705406 0.758802 0.0727708 0.0177708
0 0.301812 0.0348958 0.103292 0.0697917
0 0.49125 0.0279375 0.0169167 0.0464167
0 0.01075 0.986792 0.0215 0.0264167
0 0.51676 0.817792 0.0331875 0.05325
0 0.671365 0.906312 0.124604 0.187375
0 0.485302 0.153375 0.0305208 0.194708
0 0.454448 0.00879167 0.0606458 0.0175833
