0 0.704695 0.563361 0.0558281 0.0117799
0 0.852523 0.668689 0.0875156 0.0374239
0 0.386359 0.777693 0.163875 0.0499532
0 0.864563 0.650562 0.112781 0.0771429
0 0.785539 0.586628 0.100672 0.0351288
0 0.834414 0.636534 0.100734 0.061452
0 0.298164 0.663407 0.105578 0.0687354
0 0.804672 0.623841 0.0689687 0.0593911
0 0.258445 0.591276 0.0933281 0.0435831
0 0.284672 0.63411 0.0845313 0.0510304
0 0.333742 0.704274 0.116766 0.0494848
0 0.719477 0.57308 0.0288906 0.0169321
0 0.289695 0.620047 0.0940156 0.0528337
0 0.361781 0.727049 0.139562 0.0504918
0 0.278398 0.60993 0.102266 0.0594848
0 0.688875 0.555129 0.0671875 0.0112881
0 0.362437 0.742564 0.13675 0.0569321
0 0.864023 0.708923 0.104953 0.0628103
