0 0.201095 0.981569 0.0776797 0.0368627
0 0.864028 0.236716 0.121944 0.208693
0 0.0279085 0.878178 0.055817 0.0760621
0 0.412345 0.465147 0.102435 0.10866
0 0.435752 0.39 0.116405 0.0543464
0 0.0642484 0.607574 0.128497 0.234069
0 0.307525 0.625 0.0656046 0.130948
0 0.052933 0.950229 0.100997 0.0985621
0 0.025 0.42768 0.05 0.065817
0 0.32634 0.539755 0.0713399 0.177745
0 0.654183 0.212141 0.193954 0.195719
0 0.909338 0.159469 0.104036 0.0795261
0 0.366225 0.15415 0.0933333 0.0548693
0 0.187941 0.361422 0.118693 0.0714052
0 0.264894 0.543472 0.0725 0.181879
0 0.0872222 0.647067 0.112026 0.152239
0 0.260613 0.407508 0.0712255 0.100474
0 0.0610049 0.194101 0.0951144 0.0784641
0 0.612051 0.140596 0.247108 0.167827
0 0.745359 0.262475 0.106405 0.252631
0 0.926765 0.260605 0.117712 0.231601
0 0.152484 0.135335 0.0270261 0.103676
0 0.330825 0.387745 0.0883824 0.090098
0 0.144739 0.478489 0.0826797 0.104232
0 0.0987582 0.277173 0.0864052 0.0415359
0 0.95451 0.417598 0.0909804 0.199837
0 0.0420016 0.592606 0.0840033 0.191781
0 0.331111 0.237819 0.051732 0.124951
0 0.128587 0.391446 0.19469 0.0715196
0 0.31634 0.208137 0.154673 0.095915
0 0.0461683 0.856479 0.0923366 0.129886
0 0.265229 0.130057 0.18549 0.0905065
0 0.663391 0.279224 0.11067 0.155899
0 0.407549 0.171593 0.085719 0.100343
0 0.203627 0.283489 0.0438235 0.0632843
0 0.156977 0.852908 0.0894444 0.168301
0 0.0485866 0.247165 0.0971732 0.0876307
0 0.207459 0.454681 0.0768791 0.117271
0 0.553652 0.239118 0.176324 0.172222
0 0.175882 0.586699 0.0515359 0.13219
0 0.13 0.830825 0.0779412 0.187173
0 0.0569363 0.335621 0.112271 0.0466013
0 0.0576634 0.476855 0.115327 0.102042
0 0.827974 0.274126 0.0901634 0.307958
0 0.147149 0.319208 0.149134 0.0588072
0 0.207786 0.542794 0.0797222 0.185294
0 0.867418 0.419877 0.111536 0.108971
0 0.383987 0.516585 0.100882 0.155327
0 0.29866 0.290817 0.064085 0.106569
0 0.0506536 0.295809 0.0880392 0.0536111
0 0.428301 0.421846 0.0994771 0.0573529
0 0.0802941 0.755621 0.154183 0.0934314
0 0.498309 0.142704 0.0545915 0.0710948
0 0.261806 0.327614 0.0859641 0.0672549
0 0.216675 0.895801 0.173186 0.124935
0 0.378358 0.326095 0.132239 0.0670261
0 0.234003 0.218252 0.142647 0.122647
0 0.441029 0.372394 0.117647 0.0514216
0 0.467092 0.190752 0.0546078 0.111275
0 0.23915 0.288292 0.0544118 0.0611601
0 0.237761 0.660792 0.0747059 0.147271
0 0.0848121 0.153962 0.0796242 0.107042
0 0.322672 0.106152 0.110768 0.0610294
0 0.38049 0.587688 0.0566667 0.141029
0 0.156658 0.276577 0.0569118 0.0527614
0 0.130498 0.138889 0.0477288 0.11634
0 0.730891 0.0596895 0.0760621 0.0327451
0 0.437108 0.314477 0.11719 0.0638889
0 0.435433 0.225989 0.0602451 0.0798203
0 0.245408 0.082933 0.182876 0.143644
0 0.0443546 0.371103 0.0848203 0.061781
0 0.127614 0.0229493 0.0516993 0.0348203
