0 0.819438 0.317417 0.100469 0.282193
0 0.547969 0.103243 0.0755938 0.206486
0 0.738828 0.40605 0.0610625 0.21158
0 0.766805 0.189351 0.204391 0.36809
0 0.879734 0.191545 0.121969 0.260118
0 0.673398 0.188196 0.132266 0.211061
0 0.8375 0.479917 0.0771875 0.0939387
0 0.463805 0.504233 0.0434844 0.135212
0 0.469758 0.278219 0.0564844 0.259033
0 0.882477 0.39217 0.0660469 0.14566
0 0.944805 0.412347 0.110391 0.170118
0 0.671352 0.43638 0.0675781 0.230071
0 0.951813 0.470825 0.096375 0.103302
0 0.560695 0.363384 0.134922 0.449505
0 0.967914 0.515861 0.0641719 0.0628538
0 0.519328 0.10645 0.0809688 0.207429
0 0.536461 0.281274 0.158297 0.366981
0 0.497008 0.155283 0.0420156 0.143019
0 0.633336 0.308208 0.0647031 0.0933019
0 0.689297 0.049717 0.101969 0.0929245
0 0.945547 0.247488 0.108906 0.199835
0 0.902961 0.566392 0.0724844 0.102547
0 0.922492 0.0793986 0.155016 0.158797
0 0.446008 0.20046 0.0823906 0.39559
0 0.471641 0.145283 0.0187187 0.15533
0 0.82982 0.438361 0.0558281 0.0914387
0 0.685844 0.466757 0.0755313 0.187571
0 0.400289 0.343585 0.0806719 0.307358
0 0.882953 0.507335 0.0826875 0.190094
0 0.593781 0.379151 0.081875 0.339717
0 0.47 0.483526 0.0336875 0.0746934
