0 0.819625 0.714542 0.0493437 0.12025
0 0.726297 0.641833 0.0451562 0.0932917
0 0.635414 0.700469 0.0331094 0.149771
0 0.836508 0.589021 0.100328 0.134917
0 0.189094 0.228375 0.0483438 0.0672083
0 0.801258 0.581448 0.110734 0.121354
0 0.54907 0.654667 0.0716094 0.1015
0 0.662523 0.66024 0.0363906 0.155646
0 0.173352 0.282573 0.0165469 0.0358958
0 0.889703 0.691021 0.0248125 0.0420417
0 0.227 0.25575 0.0379688 0.0659583
0 0.409406 0.682229 0.030375 0.0925417
0 0.474437 0.641208 0.0451562 0.119875
0 0.260883 0.648469 0.0837031 0.0758958
0 0.472289 0.737354 0.0518906 0.099125
0 0.263641 0.718125 0.0858125 0.0608333
0 0.605711 0.692948 0.0278906 0.0443542
0 0.278406 0.255646 0.0811562 0.0666667
0 0.291687 0.613698 0.0948125 0.0792292
0 0.529328 0.594792 0.0336562 0.123333
0 0.605164 0.596646 0.0753594 0.123833
0 0.603789 0.722385 0.0315469 0.0553542
0 0.211242 0.23449 0.0569219 0.0658958
0 0.185203 0.283073 0.0119063 0.0291042
0 0.4515 0.667656 0.0359688 0.135771
0 0.511617 0.72474 0.0319219 0.0792292
0 0.620102 0.636458 0.0514219 0.0978333
0 0.573164 0.710469 0.0514844 0.0853125
0 0.35182 0.66 0.0330781 0.0877083
0 0.950258 0.728208 0.0213281 0.0697917
0 0.980094 0.743042 0.0342812 0.0565833
0 0.937445 0.625 0.0871094 0.1105
0 0.283617 0.321885 0.0772344 0.0376458
0 0.305422 0.707573 0.0648125 0.0525625
0 0.388789 0.600427 0.0292656 0.0684375
0 0.310484 0.250302 0.0719063 0.0492708
0 0.301227 0.659417 0.0905781 0.0869167
0 0.922195 0.688104 0.0452031 0.159667
0 0.443227 0.605875 0.0550156 0.0927083
0 0.285125 0.284135 0.0823438 0.0496042
0 0.908789 0.718615 0.0208281 0.0702292
0 0.867391 0.661417 0.040375 0.0766667
0 0.298016 0.293667 0.0765938 0.044375
0 0.849047 0.734833 0.0425 0.0880417
0 0.431898 0.717594 0.0372031 0.137854
0 0.849305 0.661333 0.0402031 0.06925
0 0.248031 0.673479 0.086 0.072125
0 0.381508 0.693646 0.0277969 0.104417
0 0.782867 0.583208 0.107703 0.0720417
0 0.50532 0.646 0.0355156 0.101542
0 0.424594 0.691792 0.020625 0.0811667
0 0.991484 0.677208 0.0166875 0.0837917
0 0.979641 0.642198 0.0150937 0.0847708
0 0.692047 0.651969 0.045 0.135646
0 0.351586 0.733271 0.0392344 0.0870833
0 0.945586 0.681833 0.0768906 0.15225
0 0.369945 0.630094 0.0327344 0.0888958
0 0.555492 0.691594 0.0734219 0.110937
0 0.49182 0.581229 0.0511719 0.0415833
0 0.757516 0.681625 0.0534063 0.056125
0 0.556234 0.602823 0.0342187 0.0641042
0 0.255586 0.251812 0.0690156 0.0742917
0 0.404023 0.628333 0.0359531 0.07975
0 0.795094 0.705833 0.0465 0.115708
0 0.891773 0.633167 0.0372969 0.0927917
0 0.737656 0.714229 0.072875 0.091625
0 0.252906 0.316833 0.015 0.0230833
0 0.878187 0.725781 0.0289687 0.0717292
