0 0.268625 0.701292 0.527187 0.596333
0 0.274188 0.474844 0.225719 0.559437
0 0.52143 0.237062 0.137609 0.469667
0 0.679828 0.255844 0.162688 0.403104
0 0.637695 0.539958 0.247672 0.12375
0 0.633883 0.238323 0.0830469 0.313479
0 0.31643 0.157073 0.0792031 0.0600625
0 0.411805 0.499177 0.240484 0.657854
0 0.277602 0.210385 0.0755781 0.0753125
0 0.19743 0.734156 0.394859 0.531687
0 0.496594 0.358219 0.118156 0.522437
0 0.701039 0.35349 0.297172 0.358021
0 0.126078 0.411323 0.13425 0.278354
0 0.594383 0.303104 0.100047 0.333458
0 0.395391 0.244885 0.171187 0.442771
0 0.182016 0.247969 0.0521875 0.0590625
