0 0.565461 0.763021 0.160172 0.125667
0 0.641531 0.481827 0.0218125 0.0489461
0 0.739867 0.765059 0.155109 0.112131
0 0.567906 0.492693 0.0202813 0.0532553
0 0.537492 0.484578 0.0237656 0.0482201
0 0.577055 0.645937 0.162391 0.123349
0 0.667273 0.489555 0.0144531 0.0481499
0 0.341336 0.489614 0.0126719 0.0475644
0 0.550102 0.88007 0.140359 0.122717
0 0.541063 0.485059 0.0326875 0.0623888
0 0.403406 0.489871 0.0193125 0.0400234
0 0.605633 0.496276 0.0140156 0.0528337
0 0.41657 0.490258 0.0158906 0.0366745
0 0.758031 0.885281 0.13025 0.101522
0 0.480352 0.476604 0.00885937 0.0296019
0 0.505633 0.481932 0.0172656 0.0671897
0 0.475289 0.470761 0.0119531 0.03
0 0.747906 0.651253 0.162125 0.114403
0 0.303633 0.499028 0.0122344 0.0551522
0 0.388094 0.476897 0.0174375 0.0437237
0 0.298992 0.478185 0.0146719 0.0603044
0 0.621086 0.486534 0.0246094 0.0540984
0 0.288523 0.485867 0.0199219 0.0717799
0 0.366273 0.492002 0.0166406 0.0323888
0 0.593625 0.488712 0.0187187 0.0421546
0 0.433109 0.491932 0.0204375 0.0478923
0 0.594273 0.513981 0.0148594 0.0210304
0 0.662547 0.492834 0.0184687 0.068993
0 0.566859 0.464391 0.0193437 0.0331382
0 0.48593 0.483208 0.0141094 0.0717096
0 0.588781 0.469215 0.0125938 0.0377752
0 0.375375 0.494649 0.0230937 0.0472365
0 0.633555 0.476581 0.0360156 0.0396253
0 0.470414 0.489496 0.0206719 0.0438642
0 0.328336 0.471183 0.0140156 0.0433489
0 0.466 0.749297 0.0136562 0.101499
0 0.32943 0.491546 0.0150469 0.0505386
0 0.531078 0.492646 0.0180937 0.0590632
0 0.385625 0.473208 0.0100938 0.0333489
0 0.314008 0.502693 0.0172656 0.0528337
0 0.700758 0.506534 0.00798438 0.0277752
0 0.458195 0.862787 0.0140156 0.102576
0 0.399781 0.469344 0.0103125 0.0325059
0 0.577891 0.489368 0.0150312 0.0415457
0 0.680211 0.488841 0.0129844 0.0474239
0 0.516656 0.495258 0.013 0.0579625
0 0.446141 0.464988 0.0206875 0.0415457
0 0.495969 0.480141 0.0123125 0.0636066
0 0.459141 0.487354 0.014875 0.0430913
0 0.689344 0.494614 0.0239375 0.0587354
0 0.397227 0.498384 0.0237656 0.0512881
0 0.479438 0.64774 0.005375 0.0618033
0 0.354344 0.498208 0.014875 0.0284543
