0 0.959109 0.271764 0.0817812 0.280771
0 0.274625 0.14229 0.0896563 0.167897
0 0.249859 0.126215 0.06325 0.180093
0 0.336695 0.144988 0.0603906 0.177313
0 0.386711 0.113107 0.0696406 0.183645
0 0.524734 0.214965 0.10475 0.221285
0 0.521523 0.183329 0.0437969 0.138995
0 0.654703 0.20639 0.109719 0.234883
0 0.571781 0.1516 0.058375 0.188621
0 0.967609 0.217687 0.0180312 0.0368692
0 0.541898 0.266834 0.0396719 0.0453505
0 0.9355 0.258061 0.111 0.24986
0 0.591195 0.137395 0.0319844 0.14465
0 0.271445 0.102804 0.0747344 0.205607
0 0.355273 0.146238 0.0706406 0.165421
0 0.774922 0.0608762 0.0375625 0.0505841
0 0.753164 0.165105 0.106859 0.223341
0 0.952609 0.26625 0.0550937 0.0872196
0 0.621836 0.0842523 0.0146719 0.061729
0 0.843828 0.196098 0.0715 0.197897
0 0.869602 0.190491 0.0967969 0.223598
0 0.599844 0.185549 0.11775 0.216565
0 0.368641 0.126063 0.072125 0.189042
0 0.990047 0.362956 0.0199063 0.0270794
0 0.553805 0.146203 0.0787969 0.190584
0 0.614914 0.2159 0.114453 0.203388
0 0.518555 0.14132 0.0166719 0.0529673
0 0.412992 0.212815 0.0304844 0.0368458
0 0.749602 0.146834 0.0901094 0.205537
0 0.615039 0.117967 0.0212344 0.100981
0 0.30925 0.0357243 0.0220312 0.0561215
0 0.94675 0.241986 0.0420625 0.0399065
0 0.492164 0.203995 0.0847969 0.236963
0 0.330375 0.226121 0.0281563 0.0180374
0 0.312773 0.130748 0.0490781 0.180981
0 0.291875 0.0604322 0.0291563 0.104509
0 0.837719 0.181005 0.0738125 0.231589
0 0.32525 0.0403271 0.0168125 0.0370561
0 0.8965 0.178493 0.0975 0.248575
0 0.73143 0.122243 0.0501406 0.15715
0 0.334016 0.0330607 0.0112812 0.0209346
0 0.985359 0.105304 0.0292812 0.0404673
