2 0.629852 0.302273 0.0477031 0.0442344
2 0.615156 0.389617 0.0401875 0.0353906
2 0.593438 0.364063 0.0322812 0.0412187
2 0.591984 0.300859 0.03525 0.0354688
2 0.649594 0.334102 0.0335937 0.0338594
2 0.570625 0.330641 0.04 0.0428125
2 0.648289 0.367625 0.0416719 0.0413437
2 0.778906 0.470437 0.0715313 0.0633438
2 0.548352 0.288039 0.0424219 0.0424219
2 0.902641 0.485734 0.0666563 0.0691875
2 0.65857 0.300078 0.0333906 0.0407813
2 0.810367 0.446664 0.0492344 0.0230781
2 0.623047 0.343156 0.0386875 0.0413437
2 0.569984 0.297758 0.0383437 0.0373594
