2 0.166583 0.376164 0.0623333 0.0348906
2 0.546604 0.436094 0.0501667 0.0332188
2 0.476844 0.680406 0.0639375 0.0537813
2 0.721417 0.777687 0.063 0.0697812
2 0.641594 0.656148 0.109771 0.0395781
2 0.639708 0.726016 0.050375 0.0377813
2 0.701698 0.424164 0.0696458 0.0277344
2 0.268083 0.495719 0.040125 0.02225
2 0.613042 0.702789 0.0724167 0.0529531
2 0.453365 0.401484 0.0701042 0.0424375
2 0.491177 0.336719 0.0626458 0.0291563
2 0.364083 0.480852 0.068625 0.0407969
2 0.80075 0.495117 0.0512083 0.0292656
2 0.911667 0.553773 0.0613333 0.0352031
2 0.0991771 0.537148 0.0416458 0.0344531
2 0.78724 0.393484 0.0393958 0.02725
2 0.839385 0.509844 0.0690208 0.03075
2 0.354188 0.772867 0.0657083 0.0616406
2 0.20524 0.648125 0.0542708 0.0420625
2 0.628208 0.373625 0.063375 0.02625
2 0.0876667 0.510164 0.0575 0.0282344
2 0.636635 0.45868 0.0368958 0.0261406
2 0.713781 0.700344 0.0404375 0.0318125
2 0.822021 0.572531 0.0439583 0.0231875
2 0.464458 0.714797 0.0945833 0.06025
2 0.736458 0.538875 0.0492917 0.0252812
2 0.352854 0.556422 0.0416667 0.0252812
2 0.543271 0.680227 0.104708 0.0403594
2 0.528552 0.523914 0.0353542 0.0241094
2 0.207063 0.482242 0.040625 0.0172031
2 0.166552 0.535516 0.0463125 0.0272188
2 0.639021 0.482477 0.041375 0.0217031
2 0.479542 0.538172 0.0782083 0.0525625
2 0.720458 0.400078 0.0381667 0.0154375
2 0.815677 0.660219 0.0971458 0.0495625
2 0.585042 0.503922 0.082875 0.0456562
2 0.272521 0.672172 0.0646667 0.07025
2 0.756937 0.471039 0.0229167 0.0278281
2 0.141406 0.43418 0.0651875 0.0316094
2 0.416385 0.754109 0.0941875 0.0643125
2 0.4995 0.396586 0.036625 0.0322344
2 0.87376 0.526008 0.0549375 0.0268594
2 0.841458 0.593867 0.0565417 0.0266094
2 0.164458 0.490609 0.0342083 0.0215938
2 0.382865 0.346766 0.0400625 0.028625
2 0.206073 0.362938 0.0694375 0.0274063
2 0.487563 0.605414 0.0275417 0.0232656
2 0.893167 0.664328 0.0443333 0.0316563
2 0.0276875 0.542344 0.0390417 0.0243125
2 0.594792 0.391867 0.067125 0.0452344
2 0.449604 0.460711 0.0539583 0.0268281
2 0.522208 0.375 0.0329583 0.0369063
2 0.60199 0.434922 0.0306458 0.0250312
2 0.524073 0.606852 0.0442292 0.0269219
2 0.678031 0.374969 0.0307708 0.0275938
2 0.37549 0.587578 0.0266042 0.0200625
2 0.706177 0.316805 0.0442292 0.0303594
2 0.415135 0.478695 0.0348542 0.0368906
2 0.17524 0.598133 0.0776458 0.0389531
2 0.559177 0.594219 0.0484375 0.0535312
2 0.378 0.742523 0.0552917 0.0396719
2 0.312771 0.350125 0.0305417 0.0209063
