2 0.59311 0.838837 0.12818 0.09
2 0.04476 0.353977 0.06728 0.0638605
2 0.09186 0.780128 0.05824 0.0838372
2 0.51386 0.216674 0.07624 0.0620465
2 0.33362 0.2125 0.04544 0.051186
2 0.17758 0.865291 0.05264 0.0800233
2 0.04183 0.195453 0.06842 0.0626279
2 0.50526 0.634326 0.0702 0.0431163
2 0.63117 0.612547 0.08126 0.117884
2 0.67313 0.0490233 0.0371 0.0531163
2 0.55055 0.288593 0.0697 0.0598372
2 0.11482 0.733 0.01676 0.0356279
2 0.17311 0.147174 0.09494 0.0456512
2 0.39825 0.876756 0.0569 0.083
2 0.27717 0.535384 0.06134 0.0646279
2 0.7317 0.0779186 0.07368 0.0499302
2 0.46744 0.0969302 0.07036 0.1
2 0.58885 0.15657 0.03074 0.0390465
2 0.66245 0.263326 0.08338 0.0547907
2 0.45073 0.348174 0.0685 0.11086
2 0.09583 0.443349 0.08102 0.0622791
2 0.24551 0.790767 0.04698 0.10614
2 0.25205 0.103942 0.08342 0.0840233
2 0.30349 0.0306744 0.04538 0.057907
2 0.10535 0.744988 0.02474 0.0462093
2 0.79931 0.602081 0.07826 0.11007
2 0.80132 0.453465 0.04368 0.0325581
2 0.23417 0.325907 0.0589 0.0594884
2 0.75334 0.158465 0.05184 0.0564186
2 0.54555 0.401151 0.03242 0.0125814
2 0.44162 0.66293 0.05492 0.0851163
