0 0.381664 0.751874 0.0214531 0.0450585
0 0.533328 0.639368 0.0258125 0.0346136
0 0.539633 0.613513 0.0419219 0.0440281
0 0.297867 0.62692 0.0527031 0.0622717
0 0.452437 0.619262 0.038625 0.0390398
0 0.350891 0.539391 0.0158438 0.0152693
0 0.277484 0.5787 0.0178125 0.0144028
0 0.471422 0.542529 0.01375 0.0204215
0 0.405562 0.661054 0.0270312 0.0844496
0 0.482219 0.574438 0.0469062 0.0437705
0 0.414375 0.615094 0.052125 0.0435831
0 0.370586 0.737307 0.0293594 0.055363
0 0.311055 0.540152 0.0256719 0.0191803
0 0.351094 0.525738 0.0258125 0.0220609
0 0.210672 0.652693 0.045125 0.0674473
0 0.444773 0.582049 0.0340156 0.0379625
0 0.271406 0.672225 0.0396562 0.0778454
0 0.28257 0.563302 0.0337969 0.0386417
0 0.338891 0.543794 0.0171563 0.0125995
0 0.318875 0.597951 0.0210313 0.0261593
0 0.285172 0.691101 0.0656562 0.0572365
0 0.278469 0.685621 0.043 0.0505855
0 0.307469 0.522049 0.0247812 0.0230679
0 0.423273 0.674368 0.0310156 0.108407
0 0.296547 0.558466 0.0326875 0.0613349
0 0.270328 0.770937 0.0554687 0.0782201
0 0.347352 0.617553 0.0180469 0.0383841
0 0.349562 0.712096 0.0348437 0.0339344
0 0.339813 0.552834 0.0195938 0.0148478
0 0.465742 0.688232 0.0478906 0.0773536
0 0.400625 0.544333 0.0297812 0.0207963
0 0.432945 0.663232 0.0232656 0.06726
0 0.398992 0.649028 0.0347344 0.0611007
0 0.543523 0.584028 0.0555469 0.0420141
0 0.505156 0.568255 0.0198438 0.0128571
0 0.348617 0.747951 0.0304219 0.0615222
0 0.362523 0.781253 0.0207344 0.0643794
0 0.243734 0.7824 0.0276875 0.100258
0 0.492328 0.671194 0.051625 0.0323185
0 0.292391 0.704262 0.0533125 0.0375176
0 0.313773 0.548993 0.0151719 0.0164403
0 0.388359 0.797939 0.040875 0.0616393
0 0.3745 0.510925 0.0210938 0.0173536
0 0.519102 0.670234 0.0288281 0.0399532
0 0.339563 0.595632 0.0260312 0.0320141
0 0.543656 0.521019 0.00871875 0.0238642
0 0.292344 0.600258 0.045125 0.0374239
0 0.349727 0.642576 0.0239219 0.0410773
0 0.255812 0.782939 0.0366875 0.10555
0 0.462758 0.67281 0.0477344 0.0574707
0 0.460164 0.528536 0.0446094 0.0266745
0 0.310719 0.665199 0.0310937 0.0254333
0 0.363125 0.496288 0.0214062 0.0290164
0 0.471758 0.738677 0.0629531 0.041007
0 0.335797 0.790878 0.0160625 0.0623653
0 0.507695 0.706581 0.0224219 0.0355504
0 0.341281 0.487494 0.00821875 0.0205152
0 0.445492 0.545105 0.0329844 0.0224824
0 0.340883 0.681698 0.0245781 0.0296253
0 0.581195 0.569801 0.0273594 0.0148712
0 0.207609 0.782822 0.0475 0.110937
0 0.322008 0.684016 0.0156094 0.0339344
0 0.424258 0.73774 0.0192031 0.0396956
0 0.597336 0.518454 0.0164219 0.0210304
0 0.456969 0.712693 0.0436563 0.0571897
0 0.191141 0.792295 0.0220312 0.0724122
0 0.25643 0.667845 0.0267656 0.0952693
0 0.234055 0.556733 0.0250469 0.0565574
0 0.51207 0.49041 0.0109844 0.0244262
0 0.572148 0.544778 0.0526406 0.0387822
0 0.29475 0.740258 0.0617812 0.0551288
0 0.361453 0.605796 0.02 0.0372131
0 0.332344 0.527963 0.0281875 0.0175644
0 0.424125 0.551429 0.0251563 0.0288525
0 0.497414 0.487002 0.0214531 0.0186417
0 0.365125 0.502951 0.0173125 0.0230913
0 0.524266 0.482752 0.0276563 0.0357143
0 0.379828 0.697998 0.0391562 0.0266276
0 0.313477 0.489941 0.0149219 0.019274
0 0.222344 0.785527 0.02575 0.109321
0 0.290242 0.51192 0.0196719 0.0120375
0 0.324727 0.735515 0.00992188 0.0207728
0 0.510719 0.541569 0.0136562 0.0406557
0 0.577055 0.554286 0.0379531 0.0259016
0 0.533289 0.546218 0.0331406 0.0331382
0 0.397 0.633642 0.0320937 0.0314988
0 0.464336 0.549391 0.00842187 0.00852459
0 0.557797 0.51404 0.00884375 0.0234426
0 0.452023 0.568314 0.0396719 0.0453864
0 0.328289 0.500937 0.0152031 0.0387822
0 0.343484 0.694239 0.00665625 0.00374707
0 0.639039 0.515386 0.0230781 0.0254333
0 0.375875 0.55952 0.0255312 0.0615691
0 0.443859 0.607834 0.0249688 0.014356
0 0.280477 0.747927 0.0714531 0.0602576
0 0.234898 0.654016 0.0174531 0.0388525
0 0.488617 0.636967 0.0162344 0.0348712
0 0.385195 0.517436 0.00376563 0.00976581
0 0.195367 0.764742 0.0641094 0.0797424
0 0.186586 0.728361 0.0597031 0.0411241
0 0.359789 0.686124 0.0262031 0.0329977
0 0.381586 0.567143 0.0195156 0.0398126
0 0.497938 0.557049 0.0179375 0.011007
0 0.338031 0.509415 0.0280313 0.0259016
0 0.453437 0.652693 0.0234375 0.0225761
0 0.40175 0.72171 0.031 0.0390164
0 0.486875 0.699485 0.05675 0.0538642
0 0.522961 0.616557 0.0223281 0.0438876
0 0.408734 0.519614 0.0299063 0.0135129
0 0.348828 0.575105 0.0183125 0.0313817
0 0.437086 0.648454 0.0205156 0.0292272
0 0.624289 0.539859 0.0170469 0.0165808
0 0.542992 0.538126 0.0122969 0.0115222
0 0.328281 0.617822 0.018125 0.035644
0 0.404078 0.754778 0.0289687 0.041452
