0 0.43143 0.557438 0.0315469 0.014875
0 0.644383 0.558844 0.0192969 0.0109375
0 0.503273 0.559469 0.0630781 0.0242292
0 0.547734 0.55675 0.0115937 0.0135417
0 0.695414 0.560781 0.0329844 0.0138958
0 0.648562 0.570948 0.0510312 0.0153958
0 0.403781 0.566698 0.05125 0.0264792
0 0.308844 0.579094 0.0285313 0.0178542
0 0.610516 0.557958 0.02025 0.0184583
0 0.411492 0.546688 0.0331406 0.0150833
0 0.547313 0.573281 0.059125 0.0248542
0 0.476492 0.542271 0.0318906 0.0126667
0 0.462094 0.563479 0.0279375 0.0305
0 0.522516 0.545552 0.04975 0.0176875
0 0.672562 0.564365 0.0176563 0.0216458
0 0.724328 0.556719 0.020375 0.0158958
0 0.374641 0.573771 0.009125 0.0160417
0 0.34075 0.576531 0.0186562 0.0141042
0 0.733914 0.573417 0.0105156 0.0129583
0 0.554875 0.548906 0.00615625 0.00872917
