0 0.2008 0.50173 0.0365867 0.03026
0 0.277787 0.57297 0.0518933 0.02198
0 0.22084 0.50231 0.0345333 0.03538
0 0.26216 0.59216 0.0466133 0.02384
0 0.14384 0.57965 0.03344 0.04254
0 0.251347 0.59713 0.0268 0.01422
0 0.232653 0.69223 0.014 0.04334
0 0.198773 0.59218 0.02256 0.04128
0 0.19436 0.61197 0.0321333 0.02026
0 0.28228 0.58451 0.04728 0.0201
0 0.28684 0.59941 0.0153867 0.00794
0 0.216293 0.6791 0.01504 0.01512
0 0.21944 0.69255 0.01952 0.0439
0 0.24496 0.60743 0.0410133 0.02154
0 0.159747 0.58193 0.0355467 0.0489
0 0.218373 0.59216 0.0317867 0.04564
0 0.216547 0.61767 0.0276533 0.01742
