1 0.936945 0.760792 0.0233281 0.0275278
1 0.748789 0.532319 0.0148281 0.0174167
1 0.779883 0.582903 0.0119844 0.0176389
1 0.916758 0.714736 0.00660938 0.02975
1 0.765953 0.466208 0.014125 0.0159722
1 0.828914 0.492694 0.0128594 0.0148333
1 0.131016 0.399236 0.0128125 0.01725
1 0.17475 0.358375 0.01075 0.0191389
1 0.769203 0.575556 0.01125 0.0190556
1 0.854078 0.719556 0.023375 0.0116667
1 0.966906 0.786542 0.0182187 0.0233611
1 0.742391 0.502306 0.01425 0.0187222
1 0.75593 0.47525 0.0135469 0.0157778
1 0.749539 0.488375 0.0131094 0.01675
1 0.912469 0.791639 0.00784375 0.0312222
1 0.336008 0.214278 0.00832813 0.0130556
1 0.273055 0.218639 0.0116406 0.0153889
1 0.0754531 0.157125 0.006625 0.0184167
1 0.880156 0.681667 0.0216875 0.0235
1 0.831719 0.578861 0.0140313 0.0235
1 0.896922 0.710111 0.0175313 0.0311667
1 0.880828 0.767681 0.0197188 0.0196389
1 0.89957 0.755319 0.0185156 0.0254722
1 0.958008 0.712875 0.0113594 0.0183611
1 0.753297 0.549181 0.0116562 0.0165833
1 0.804836 0.588847 0.0146719 0.0230833
1 0.915219 0.682417 0.00946875 0.0232222
1 0.950633 0.826792 0.0220156 0.0456389
1 0.744461 0.519389 0.0109531 0.0168889
1 0.0903906 0.203639 0.0138437 0.0191111
1 0.766352 0.515528 0.0146719 0.0157778
1 0.909016 0.839458 0.0068125 0.0279722
1 0.862313 0.778306 0.021625 0.0280556
1 0.77182 0.53 0.0115156 0.0146111
1 0.94618 0.721375 0.0177656 0.0280833
1 0.842102 0.543167 0.0118594 0.0170556
1 0.787109 0.459819 0.01225 0.0121944
1 0.258609 0.256139 0.00990625 0.0139444
1 0.291461 0.234764 0.0103281 0.0150278
1 0.148078 0.239458 0.0113437 0.0175278
1 0.79418 0.487486 0.0128906 0.01825
1 0.760594 0.564972 0.0125938 0.0195556
1 0.133227 0.28025 0.0106719 0.0179444
1 0.810594 0.471056 0.0115312 0.0167778
1 0.189734 0.31075 0.0100313 0.0197778
1 0.817117 0.544056 0.0138594 0.0179444
1 0.303391 0.241569 0.00896875 0.0164722
1 0.0507656 0.203819 0.0113437 0.0193611
1 0.841258 0.5275 0.0152031 0.0205
1 0.815844 0.508444 0.0139375 0.0168333
1 0.317672 0.214208 0.0094375 0.0135278
1 0.819328 0.585486 0.013625 0.0286389
1 0.975047 0.801917 0.0156875 0.0128333
1 0.778063 0.462389 0.01225 0.0162222
1 0.912266 0.743542 0.0247812 0.0363611
1 0.906922 0.811861 0.00625 0.0288889
1 0.0747188 0.379278 0.0115937 0.0162778
1 0.333484 0.243264 0.0100313 0.0178056
1 0.932297 0.783375 0.0194062 0.0366944
1 0.868242 0.719389 0.0240781 0.0166111
1 0.318367 0.200514 0.00748437 0.0129167
1 0.795023 0.550556 0.0139219 0.0171111
1 0.808109 0.493417 0.0135625 0.0199444
1 0.298773 0.220889 0.00764062 0.00955556
1 0.316484 0.22975 0.00809375 0.0136667
1 0.773531 0.491375 0.0121875 0.0209167
1 0.0784844 0.306833 0.0116562 0.0192778
1 0.309086 0.266222 0.00904687 0.0183333
1 0.791234 0.511125 0.0152812 0.0201944
1 0.779227 0.544736 0.0139531 0.01725
1 0.790695 0.588208 0.0133906 0.0185833
1 0.767797 0.501083 0.0144063 0.0181667
1 0.839938 0.563167 0.0151875 0.0220556
1 0.799266 0.464319 0.0114062 0.0138611
1 0.112953 0.157125 0.0115937 0.0210833
