1 0.526711 0.853735 0.0500156 0.0650351
1 0.530125 0.917927 0.0820937 0.0649883
1 0.400508 0.745258 0.0542031 0.087377
1 0.441563 0.754344 0.0532188 0.070281
1 0.126883 0.392272 0.0489531 0.0914754
1 0.389516 0.69322 0.0622188 0.100164
1 0.0809062 0.392037 0.0489062 0.0823888
1 0.151094 0.494883 0.05675 0.0651288
1 0.290711 0.0737237 0.0297656 0.0415925
1 0.362648 0.697225 0.0392969 0.0959953
1 0.493539 0.780902 0.0492031 0.0367916
1 0.491086 0.854895 0.0532656 0.0494614
1 0.158656 0.381452 0.045 0.064356
1 0.14725 0.340574 0.05675 0.0559016
1 0.490836 0.815995 0.0654844 0.0484309
1 0.408633 0.817225 0.0601719 0.0753864
1 0.0968359 0.357998 0.0263281 0.0579625
1 0.0855 0.337564 0.0250312 0.0346136
1 0.0936328 0.481745 0.0606406 0.106347
1 0.160328 0.462564 0.03675 0.0564169
1 0.25393 0.103431 0.0312969 0.0492037
