0 0.171846 0.727966 0.0949673 0.105637
0 0.146136 0.541871 0.0803431 0.0931863
0 0.491969 0.483971 0.0628268 0.0720588
0 0.0938644 0.550392 0.0869118 0.0767647
0 0.60692 0.241601 0.0577614 0.111634
0 0.526961 0.772386 0.0977451 0.099085
0 0.567141 0.267998 0.0586928 0.0916503
0 0.200776 0.541618 0.0522059 0.0968954
0 0.387819 0.507721 0.054134 0.098317
0 0.293333 0.891667 0.0980392 0.0995752
0 0.586748 0.247467 0.0315359 0.0737908
0 0.53616 0.324902 0.0792484 0.0734641
0 0.31652 0.676422 0.0616667 0.113203
0 0.0833088 0.763317 0.113709 0.140033
0 0.484861 0.794118 0.0796895 0.102614
0 0.769101 0.839918 0.0897386 0.0833333
0 0.504592 0.463979 0.0633333 0.0561601
0 0.104003 0.729624 0.0690196 0.0712092
0 0.0712418 0.565408 0.0714379 0.089281
0 0.607549 0.33076 0.0608497 0.035049
0 0.655735 0.928725 0.103072 0.0837255
0 0.612974 0.927018 0.0638889 0.0886765
0 0.24393 0.922075 0.110082 0.0972222
0 0.221936 0.534265 0.0531209 0.0816667
0 0.118595 0.423562 0.035817 0.0217974
0 0.719583 0.904412 0.0828268 0.0830719
0 0.634804 0.721658 0.089183 0.101716
0 0.249984 0.366405 0.0746078 0.0851307
0 0.63969 0.322933 0.0476144 0.0651471
0 0.296373 0.362892 0.108105 0.0810131
0 0.61433 0.744289 0.0800327 0.0780882
0 0.291119 0.676111 0.0671405 0.109935
0 0.217083 0.921217 0.0870752 0.0991013
0 0.249902 0.705621 0.084281 0.101176
0 0.29598 0.3475 0.0437582 0.0465359
0 0.47781 0.483725 0.0564052 0.0746405
0 0.313007 0.527827 0.0485621 0.13
0 0.58094 0.748848 0.0843627 0.102827
0 0.507565 0.611324 0.0817974 0.0973529
0 0.335964 0.511593 0.0235948 0.0441013
0 0.267941 0.646324 0.0458824 0.0689542
0 0.259641 0.241928 0.150327 0.107288
0 0.410694 0.828676 0.104101 0.0738562
0 0.16634 0.924657 0.0512092 0.0920588
0 0.645425 0.87152 0.039183 0.0349673
0 0.279444 0.319869 0.0780719 0.0128758
0 0.542067 0.721152 0.0470098 0.0505719
0 0.398194 0.842516 0.0935784 0.0922222
0 0.567941 0.330866 0.0360131 0.0623856
0 0.159665 0.533015 0.0625 0.0786111
0 0.554861 0.766373 0.078219 0.0845425
0 0.375123 0.853464 0.0943627 0.111536
0 0.693636 0.317819 0.0594935 0.0669118
0 0.45808 0.815948 0.0743627 0.100523
0 0.186699 0.235245 0.0248693 0.0491176
0 0.667933 0.91893 0.103382 0.0971078
0 0.0653105 0.372181 0.0818954 0.111029
0 0.273652 0.700433 0.0853758 0.0987092
0 0.110752 0.750629 0.117484 0.137075
0 0.571234 0.948382 0.038317 0.0440196
0 0.141585 0.36616 0.109346 0.122353
0 0.668538 0.344428 0.0289706 0.0330392
0 0.469551 0.618897 0.0756373 0.0848856
0 0.370768 0.497353 0.0733333 0.0817974
0 0.291716 0.53219 0.0526471 0.123824
0 0.0541503 0.454967 0.0579412 0.0437908
0 0.57942 0.260915 0.0403105 0.109248
0 0.405368 0.517761 0.0566176 0.0526144
0 0.0577369 0.824461 0.0667157 0.0745425
0 0.745948 0.83969 0.0848039 0.0903595
0 0.584853 0.922059 0.0417974 0.0933333
0 0.440082 0.634894 0.0855556 0.101193
0 0.0460703 0.852663 0.0434804 0.0547386
0 0.332141 0.664828 0.0660131 0.111944
0 0.517181 0.606724 0.0756373 0.0856373
0 0.112369 0.369085 0.111634 0.125458
0 0.391544 0.328905 0.070768 0.0978758
0 0.466201 0.630515 0.079232 0.0774346
0 0.404346 0.648489 0.0813725 0.0950817
0 0.544804 0.321021 0.0765359 0.0677941
0 0.708317 0.829485 0.0384641 0.0789706
0 0.0435294 0.567614 0.0389542 0.122157
0 0.192549 0.713464 0.0915359 0.0782026
0 0.168235 0.515237 0.0233007 0.0444935
0 0.447663 0.486985 0.0633333 0.0802778
0 0.528186 0.248203 0.0530719 0.0882026
0 0.408693 0.498766 0.0666667 0.0328268
0 0.0624837 0.424453 0.0766667 0.0631863
0 0.379428 0.658178 0.078268 0.0946895
0 0.19674 0.250776 0.128088 0.13031
0 0.5771 0.585515 0.0610294 0.0874346
0 0.779608 0.830743 0.0924183 0.0746569
0 0.55009 0.778162 0.094232 0.0873693
0 0.417868 0.463595 0.0484477 0.0497386
0 0.463309 0.487304 0.0489706 0.0715359
0 0.125972 0.721315 0.0763889 0.125572
0 0.520065 0.453358 0.0599673 0.0499183
0 0.605033 0.751217 0.0786928 0.081683
0 0.286332 0.903235 0.115637 0.123464
0 0.140629 0.528946 0.0348856 0.0662582
0 0.478399 0.322688 0.06 0.102304
0 0.609444 0.326217 0.0402288 0.0853758
0 0.202288 0.700384 0.0738562 0.109493
0 0.401593 0.619461 0.0520098 0.0862092
0 0.260662 0.520956 0.0456373 0.111029
0 0.446136 0.330768 0.0653758 0.0846078
0 0.0452124 0.286985 0.0421569 0.0681536
0 0.466716 0.808799 0.074085 0.0848203
0 0.669828 0.689918 0.0717157 0.0833333
0 0.601005 0.707949 0.0515523 0.0953758
0 0.523047 0.58201 0.0541013 0.0671895
0 0.716577 0.884379 0.0654085 0.042549
0 0.394804 0.789175 0.0493791 0.0635131
0 0.329975 0.488587 0.0556373 0.0761601
0 0.512998 0.463056 0.0561928 0.0615359
0 0.0431454 0.709077 0.0376961 0.0671732
0 0.679845 0.318521 0.0702451 0.073415
0 0.685172 0.685515 0.0653758 0.0658987
0 0.432966 0.333987 0.0960948 0.111732
0 0.553529 0.587124 0.0566667 0.0635948
0 0.315719 0.351389 0.0470915 0.0496732
0 0.511716 0.331446 0.0737582 0.0975654
0 0.519551 0.788121 0.0993627 0.111569
0 0.493578 0.452631 0.0263399 0.0388562
0 0.704444 0.911005 0.0805229 0.0938399
0 0.294886 0.844706 0.0685294 0.0783007
0 0.60844 0.576413 0.0664216 0.0743627
0 0.234592 0.533464 0.0687255 0.0830719
0 0.211708 0.758072 0.0310294 0.0115359
0 0.659722 0.715768 0.0712745 0.0879412
0 0.221904 0.869869 0.0449183 0.0728105
0 0.0856536 0.560662 0.0807516 0.0852124
0 0.740253 0.87018 0.110507 0.0658824
0 0.627034 0.323587 0.0428268 0.0758987
0 0.0612827 0.260654 0.0737745 0.0987255
0 0.638056 0.707051 0.0397386 0.0694935
0 0.649649 0.724093 0.0696895 0.0908007
0 0.348954 0.868211 0.118725 0.122565
0 0.344101 0.655384 0.0623203 0.106552
0 0.114355 0.954657 0.0370425 0.0333987
0 0.64826 0.918717 0.0686111 0.070768
0 0.135588 0.596895 0.0287908 0.02
0 0.352026 0.864485 0.0633333 0.0725654
