2 0.436367 0.43036 0.0250781 0.03976
2 0.359969 0.355587 0.027875 0.0521867
2 0.333859 0.379413 0.0284375 0.0512
2 0.448852 0.48128 0.0251094 0.0430933
2 0.385039 0.417173 0.0273594 0.04768
2 0.459883 0.443973 0.0239219 0.0432
2 0.480273 0.47512 0.0285781 0.04256
2 0.429578 0.354173 0.0240625 0.03736
2 0.455781 0.363773 0.0215 0.03976
2 0.336023 0.470733 0.0257969 0.04376
2 0.429008 0.46512 0.0286719 0.0485867
2 0.394281 0.451973 0.0235313 0.0421867
2 0.429539 0.49072 0.0153594 0.0116267
2 0.40625 0.364067 0.0273125 0.06456
2 0.458008 0.406333 0.0252031 0.0404533
2 0.479438 0.386467 0.0370937 0.0635467
2 0.477953 0.350427 0.0246562 0.03616
2 0.383289 0.486853 0.0256406 0.0446933
2 0.485266 0.4362 0.0277187 0.0472267
2 0.413492 0.450387 0.0182031 0.0341067
2 0.382156 0.376467 0.0269375 0.0411467
2 0.349281 0.430813 0.0275 0.0458933
2 0.408602 0.484533 0.0259844 0.0462933
2 0.369211 0.40248 0.0135781 0.0406933
2 0.369969 0.452187 0.0250312 0.04416
2 0.409156 0.416547 0.024625 0.042
2 0.356695 0.4052 0.0245156 0.0421333
2 0.462523 0.480427 0.0147656 0.0363733
2 0.358438 0.494227 0.0261562 0.0469067
2 0.427211 0.389627 0.0284219 0.04128
