2 0.212062 0.436347 0.0113437 0.0249722
2 0.202141 0.425292 0.0125938 0.0238611
2 0.188617 0.432958 0.0155156 0.02825
2 0.127367 0.47625 0.00764062 0.0157778
2 0.148219 0.447611 0.0121875 0.0143333
2 0.192539 0.410597 0.0144531 0.0231389
2 0.0841875 0.449222 0.0120938 0.0126111
2 0.140391 0.438694 0.01425 0.0212778
2 0.0943125 0.441375 0.01125 0.0176944
2 0.0733281 0.454083 0.007875 0.0110556
2 0.109844 0.482972 0.009375 0.00733333
2 0.0834688 0.439722 0.0109063 0.0152222
2 0.132875 0.426375 0.0103125 0.0124167
2 0.120297 0.421569 0.015125 0.0190278
2 0.0642891 0.432528 0.0158906 0.0216667
2 0.103922 0.446875 0.0169375 0.0209167
2 0.119695 0.476403 0.0133594 0.01425
2 0.109984 0.431542 0.0108125 0.0116389
0 0.780859 0.323403 0.0074375 0.0131944
0 0.816516 0.335847 0.0068125 0.0186389
0 0.809758 0.330833 0.0158594 0.0273333
0 0.809414 0.310847 0.0157031 0.0366944
0 0.796602 0.30975 0.0288281 0.0326111
0 0.77443 0.314236 0.0128281 0.0254722
0 0.773531 0.331361 0.0122813 0.0244444
0 0.798 0.332986 0.0146563 0.0231944
0 0.792961 0.327875 0.0205156 0.0361389
0 0.763273 0.333306 0.0117656 0.0198333
0 0.786492 0.302278 0.0247969 0.0255
