0 0.52684 0.141587 0.0314 0.03944
0 0.56138 0.27488 0.05172 0.0512
0 0.38652 0.199107 0.04212 0.108453
0 0.3016 0.934187 0.07184 0.04736
0 0.41115 0.945453 0.04174 0.0235467
0 0.19774 0.17024 0.05424 0.02528
0 0.93964 0.683907 0.04576 0.0613067
0 0.85613 0.71952 0.05614 0.0312533
0 0.29921 0.89424 0.07942 0.0479467
0 0.06952 0.81392 0.06364 0.0333333
0 0.33081 0.191027 0.04846 0.09384
0 0.57155 0.974653 0.03274 0.0506933
0 0.59869 0.43548 0.03422 0.0530933
0 0.2663 0.76812 0.07144 0.0373067
0 0.20043 0.217133 0.0533 0.05736
0 0.23123 0.875373 0.0723 0.02152
0 0.12029 0.7926 0.03618 0.01848
0 0.87216 0.67908 0.0432 0.0816267
0 0.22315 0.24472 0.0255 0.0752
0 0.29912 0.854107 0.06268 0.0456533
0 0.94752 0.796653 0.06384 0.07208
0 0.96495 0.816613 0.0701 0.0583467
0 0.70691 0.967013 0.08382 0.0601067
0 0.21181 0.767307 0.03654 0.0248533
0 0.23609 0.738453 0.0475 0.0333333
0 0.27024 0.210827 0.05528 0.0629333
0 0.34663 0.6762 0.06466 0.046
0 0.54713 0.392973 0.03862 0.04696
0 0.27203 0.184 0.0527 0.0410133
0 0.76475 0.833587 0.06846 0.100507
0 0.63445 0.508 0.0293 0.0592
0 0.67846 0.419413 0.05828 0.0428267
0 0.32067 0.167707 0.06362 0.0746133
0 0.60787 0.876667 0.04694 0.0713067
0 0.68071 0.847027 0.06486 0.0717067
0 0.37344 0.721213 0.04564 0.0363467
0 0.61533 0.485507 0.01066 0.01512
0 0.4111 0.170627 0.06964 0.09048
0 0.5358 0.247813 0.0498 0.0371733
0 0.57116 0.141213 0.02096 0.0566667
0 0.35613 0.7576 0.04462 0.01744
0 0.5375 0.97156 0.03788 0.05688
0 0.60818 0.292213 0.02072 0.04864
0 0.56048 0.94704 0.04156 0.0418667
0 0.44364 0.946493 0.05356 0.0706933
0 0.91155 0.685387 0.0329 0.0679467
0 0.02976 0.812573 0.02648 0.04504
0 0.63982 0.507587 0.03124 0.05864
0 0.56229 0.88564 0.0573 0.0820533
0 0.23864 0.243573 0.03796 0.08592
0 0.63929 0.159853 0.02862 0.0423733
0 0.66717 0.881907 0.0977 0.117947
0 0.70471 0.87236 0.12654 0.0953867
0 0.20912 0.231667 0.03692 0.07768
0 0.39027 0.857853 0.04806 0.0473867
0 0.25876 0.224413 0.04904 0.06952
0 0.16628 0.807067 0.05308 0.0363733
0 0.49526 0.964427 0.04168 0.04544
0 0.61535 0.507987 0.01094 0.03448
0 0.89677 0.840747 0.05558 0.0291733
0 0.88118 0.68432 0.02948 0.0378667
0 0.31882 0.827227 0.05384 0.0492267
0 0.6362 0.134413 0.03268 0.04152
0 0.66469 0.4544 0.03518 0.0507733
0 0.03183 0.821267 0.01406 0.01512
0 0.31489 0.769747 0.03058 0.0271733
0 0.6522 0.301387 0.0378 0.0509333
0 0.66934 0.30024 0.0446 0.0477333
0 0.19767 0.827587 0.06786 0.04616
0 0.17554 0.898147 0.06824 0.0524
0 0.06041 0.870893 0.06038 0.0515467
0 0.21047 0.849267 0.0621 0.0456267
0 0.27669 0.799787 0.05606 0.0510933
0 0.36309 0.7038 0.0557 0.03336
0 0.65902 0.26512 0.04692 0.0317867
0 0.57276 0.903827 0.03664 0.0620533
0 0.57395 0.241867 0.04606 0.03648
0 0.59739 0.268907 0.0233 0.06
0 0.34023 0.197347 0.03706 0.108987
0 0.14801 0.80508 0.04258 0.0346933
0 0.35864 0.69 0.05864 0.0364267
0 0.91915 0.704733 0.0161 0.0369867
0 0.12306 0.870907 0.07096 0.0694933
0 0.28317 0.735573 0.07078 0.0479467
0 0.67054 0.175307 0.03968 0.0380267
0 0.68943 0.298373 0.02558 0.0279467
0 0.07733 0.884453 0.02654 0.03744
0 0.39181 0.969413 0.06366 0.03616
0 0.64097 0.414147 0.02846 0.05384
0 0.79776 0.82648 0.07968 0.0723733
0 0.13383 0.936987 0.02794 0.0477867
0 0.52113 0.390213 0.04518 0.0467733
0 0.38594 0.845507 0.06212 0.05
0 0.6296 0.80508 0.04064 0.111813
0 0.39853 0.183307 0.0569 0.0892267
0 0.24887 0.241227 0.04306 0.0987733
0 0.61682 0.44 0.02804 0.05856
0 0.92047 0.76744 0.03038 0.0143467
0 0.36048 0.916533 0.03532 0.0546667
0 0.55132 0.410387 0.02672 0.0633867
0 0.12589 0.810507 0.03058 0.0333333
0 0.20283 0.841213 0.0581 0.0385867
0 0.18448 0.914373 0.04776 0.0600533
0 0.15895 0.961 0.03942 0.05064
0 0.52416 0.113813 0.052 0.0452267
0 0.90394 0.75416 0.04308 0.04272
0 0.13899 0.888547 0.03294 0.0390133
0 0.51453 0.421533 0.02846 0.0584267
0 0.354 0.20732 0.02692 0.123333
0 0.45259 0.98528 0.0517 0.0289067
0 0.48536 0.911573 0.0352 0.04416
0 0.29464 0.748147 0.02792 0.0244533
0 0.86654 0.769467 0.03244 0.0346133
0 0.57994 0.419813 0.05404 0.03104
0 0.88826 0.871667 0.0452 0.0361333
0 0.63873 0.447947 0.02154 0.0543467
0 0.56567 0.11168 0.0189 0.0416
0 0.25819 0.7332 0.01786 0.0118933
0 0.6171 0.15 0.02136 0.0410133
0 0.66367 0.14308 0.02554 0.0439733
0 0.22989 0.757173 0.0323 0.0241067
0 0.71605 0.840413 0.03994 0.0886133
0 0.37276 0.204333 0.03236 0.113147
0 0.95073 0.70868 0.03386 0.0646667
0 0.67172 0.792573 0.03328 0.0605067
0 0.69272 0.82372 0.02808 0.0705333
0 0.82605 0.769613 0.0225 0.0228
0 0.22417 0.907467 0.0717 0.0442133
0 0.12292 0.781827 0.03884 0.0249333
0 0.15129 0.830973 0.01614 0.0194933
0 0.19592 0.19168 0.06012 0.0340267
0 0.593 0.144467 0.02436 0.0444533
0 0.84724 0.757 0.03316 0.0564533
0 0.39398 0.92296 0.02032 0.0387733
