2 0.606539 0.171594 0.0595469 0.0713958
2 0.662188 0.216844 0.0740625 0.0969792
2 0.623453 0.279125 0.0715937 0.0599167
2 0.720742 0.336625 0.0618594 0.0577083
2 0.617883 0.417865 0.0684844 0.0908958
2 0.622953 0.327469 0.068875 0.0975625
2 0.779 0.325698 0.060875 0.0761875
2 0.765422 0.384135 0.057625 0.0743542
2 0.750477 0.266521 0.0691094 0.0965833
2 0.611414 0.227229 0.0461719 0.071875
2 0.555508 0.157823 0.0436094 0.0506458
2 0.566992 0.274677 0.0433594 0.0594792
2 0.660578 0.354542 0.0549687 0.08375
2 0.566289 0.213708 0.0448594 0.07975
2 0.695133 0.292208 0.0596406 0.0790417
2 0.696805 0.20625 0.0542344 0.0887917
