0 0.279672 0.929836 0.061375 0.13757
0 0.345641 0.675304 0.115 0.104019
0 0.688148 0.822687 0.288172 0.182804
0 0.639273 0.726846 0.291484 0.179393
0 0.391469 0.718131 0.210281 0.233084
0 0.0791016 0.888855 0.158203 0.22229
0 0.456383 0.523271 0.192203 0.075
0 0.497547 0.845421 0.188125 0.141776
0 0.246344 0.939731 0.0665313 0.120537
0 0.582477 0.686472 0.308266 0.214439
0 0.408133 0.577944 0.239547 0.130935
0 0.277031 0.814486 0.073375 0.148972
0 0.356438 0.859171 0.0504062 0.105771
0 0.0996094 0.790572 0.199219 0.149182
0 0.181633 0.903224 0.0898906 0.193551
0 0.387758 0.878645 0.0884219 0.133598
0 0.0879531 0.942921 0.104219 0.114159
