0 0.436531 0.649016 0.0134375 0.0408899
0 0.55157 0.6063 0.0186094 0.044637
0 0.445742 0.646862 0.0161406 0.0444965
0 0.524398 0.670023 0.0161406 0.0362998
0 0.448719 0.603782 0.00971875 0.0285012
0 0.550398 0.5826 0.0222656 0.0283841
0 0.460727 0.60397 0.0159531 0.0254098
0 0.534961 0.599625 0.0174531 0.0427635
0 0.485664 0.668384 0.0139531 0.0425293
0 0.557547 0.603033 0.0200938 0.0394145
0 0.435883 0.606815 0.0112031 0.025808
0 0.476102 0.658923 0.0233906 0.0370023
0 0.420031 0.630445 0.0159688 0.0184075
0 0.481555 0.665422 0.0196094 0.0390398
0 0.508734 0.629614 0.0149062 0.0584309
0 0.523906 0.62767 0.0160313 0.0469555
0 0.502039 0.621944 0.0208281 0.0448712
0 0.542313 0.604169 0.0155312 0.0425761
0 0.515945 0.62959 0.00907812 0.0490632
0 0.45043 0.65719 0.00960937 0.0241686
0 0.489922 0.671569 0.0125938 0.0407494
0 0.430883 0.64281 0.00560937 0.0287119
0 0.506742 0.643478 0.0117031 0.0338407
0 0.554664 0.659754 0.0208594 0.0386651
0 0.553398 0.669262 0.0186094 0.0454098
0 0.532773 0.673794 0.0101094 0.0359251
0 0.546719 0.671628 0.0111562 0.047096
0 0.425273 0.64808 0.0140469 0.0427635
0 0.440594 0.589742 0.0108125 0.0203747
0 0.506359 0.667389 0.01525 0.0359016
