0 0.806484 0.611042 0.0398437 0.129813
0 0.710148 0.683056 0.0836406 0.286112
0 0.646469 0.828548 0.0825937 0.285293
0 0.869391 0.844789 0.121562 0.307049
0 0.696023 0.640445 0.101547 0.2326
0 0.544141 0.873981 0.0349062 0.154895
0 0.852055 0.870749 0.0991719 0.250445
0 0.594648 0.719403 0.103641 0.258525
0 0.804328 0.83171 0.129594 0.279204
0 0.57218 0.925855 0.0387031 0.14829
0 0.953422 0.773981 0.0931562 0.306745
0 0.721398 0.765527 0.0882656 0.190211
0 0.787719 0.607494 0.03075 0.130445
0 0.693781 0.852342 0.101906 0.28534
0 0.606273 0.760152 0.0867656 0.337494
0 0.929 0.722424 0.0586563 0.167892
0 0.59782 0.601311 0.112641 0.107869
0 0.732617 0.736452 0.108828 0.143911
0 0.825102 0.59623 0.0477656 0.15082
0 0.589016 0.692459 0.11925 0.222014
0 0.920234 0.696639 0.0455 0.107471
0 0.75593 0.709438 0.131109 0.0930679
0 0.774266 0.684766 0.148187 0.0471429
0 0.897242 0.683384 0.0223906 0.0815691
0 0.631992 0.704028 0.0405156 0.153724
0 0.917 0.815867 0.0512813 0.251686
0 0.885719 0.130632 0.154719 0.153162
0 0.627531 0.591089 0.0569687 0.0328571
0 0.830617 0.835141 0.130203 0.292482
0 0.606172 0.989848 0.0389062 0.0203044
