2 0.493146 0.570547 0.0336667 0.04325
2 0.299646 0.378977 0.0491667 0.0192031
2 0.730094 0.567672 0.0141042 0.00859375
2 0.399375 0.439617 0.013 0.0135781
2 0.185531 0.214836 0.0277292 0.0279219
2 0.505021 0.356289 0.01775 0.0123594
2 0.72849 0.505336 0.00802083 0.00520313
2 0.490552 0.683445 0.0173958 0.0112969
2 0.458969 0.530867 0.0415625 0.0142031
2 0.733104 0.448414 0.00991667 0.00870313
2 0.279802 0.525383 0.0143542 0.0117969
2 0.581167 0.703375 0.0253333 0.0154062
2 0.366917 0.462109 0.0232083 0.0181562
2 0.21325 0.500664 0.018 0.0140469
2 0.545958 0.427687 0.0150417 0.0076875
2 0.275917 0.34468 0.028375 0.0217969
2 0.367646 0.438898 0.0150417 0.0320469
2 0.6225 0.518672 0.00954167 0.0055625
2 0.253479 0.374102 0.0335 0.0194844
2 0.194875 0.34018 0.0454583 0.0156406
2 0.534333 0.393648 0.0144583 0.0210781
2 0.0773229 0.392102 0.00785417 0.00667187
2 0.571083 0.36 0.013 0.0112812
2 0.27826 0.323078 0.0153958 0.01025
2 0.596896 0.671703 0.018625 0.011375
2 0.702365 0.492695 0.00889583 0.00948437
2 0.623958 0.543039 0.009875 0.0140781
2 0.124927 0.307211 0.0124792 0.00639062
2 0.659521 0.651203 0.0299167 0.0227187
2 0.50174 0.644359 0.0236458 0.0168437
2 0.0772083 0.479563 0.0436667 0.0198438
2 0.588573 0.602055 0.0185208 0.0166719
2 0.292135 0.448281 0.0184792 0.014375
2 0.744135 0.431578 0.0048125 0.0064375
2 0.756552 0.514383 0.0103542 0.0111094
2 0.105948 0.562109 0.0171875 0.0117188
2 0.542542 0.474359 0.01675 0.0112812
2 0.51399 0.382953 0.0136875 0.0187187
2 0.689865 0.447328 0.0088125 0.01025
2 0.457094 0.317086 0.0158125 0.0141094
2 0.779354 0.503641 0.011625 0.00871875
2 0.34901 0.507328 0.0164375 0.005125
2 0.574927 0.610516 0.0218958 0.0210313
2 0.380781 0.418297 0.0149792 0.0109375
2 0.541719 0.669562 0.0191875 0.01975
2 0.7745 0.470508 0.0252917 0.0133281
