2 0.574117 0.54392 0.0614219 0.0812676
2 0.890266 0.499624 0.0373437 0.0633333
2 0.730508 0.475775 0.0634844 0.0823944
2 0.81925 0.689354 0.0769688 0.0575822
2 0.834508 0.582711 0.0427969 0.0412911
2 0.700391 0.591385 0.0598437 0.0843662
2 0.636766 0.542664 0.07175 0.085
2 0.783859 0.552805 0.0420625 0.0690845
2 0.930234 0.700493 0.044125 0.0255869
2 0.935883 0.644366 0.0417344 0.0675117
2 0.651867 0.611291 0.0858906 0.108169
2 0.893031 0.558204 0.0422812 0.0635915
2 0.611789 0.48723 0.0555781 0.0605164
2 0.538578 0.517958 0.042625 0.0912207
2 0.767055 0.616714 0.0662344 0.0993427
2 0.565266 0.571925 0.0449375 0.0364789
2 0.853281 0.499225 0.0645625 0.0851174
2 0.978633 0.631408 0.0427344 0.109484
2 0.594664 0.630481 0.0574844 0.0946244
2 0.742055 0.587171 0.0363281 0.0620892
2 0.905016 0.677207 0.0269375 0.0361502
2 0.726664 0.701138 0.0581094 0.0372066
2 0.8165 0.562089 0.0349375 0.0605164
2 0.906687 0.610106 0.0339687 0.0321362
2 0.916305 0.533674 0.0425156 0.0660329
2 0.896437 0.643991 0.04475 0.0656808
2 0.782789 0.506432 0.0260156 0.0260094
2 0.939227 0.58054 0.0338594 0.0615023
2 0.719562 0.539965 0.0502187 0.0602113
2 0.694406 0.506021 0.038375 0.032277
2 0.960375 0.684812 0.0426562 0.0433333
2 0.970992 0.699871 0.0405781 0.0274413
2 0.834789 0.629941 0.0659219 0.0811033
2 0.830078 0.531467 0.0444688 0.0623239
2 0.64843 0.688721 0.0985469 0.0697418
2 0.918695 0.689026 0.0457031 0.0475352
2 0.687141 0.532969 0.0323125 0.041338
2 0.966664 0.591326 0.0513594 0.0792723
2 0.868734 0.69939 0.0570312 0.0822066
2 0.771805 0.681174 0.0327344 0.0362441
2 0.702812 0.670387 0.0531875 0.0976761
2 0.855883 0.568932 0.0415781 0.0482864
