0 0.719297 0.880714 0.0359375 0.0578689
0 0.727391 0.823536 0.024875 0.0593443
0 0.935672 0.572927 0.0866875 0.179391
0 0.789156 0.752412 0.033375 0.0461358
0 0.829906 0.739836 0.0345312 0.120703
0 0.701664 0.934696 0.0266719 0.0440984
0 0.744563 0.706546 0.0280313 0.0607728
0 0.698453 0.790773 0.0560625 0.123888
0 0.980922 0.636007 0.0379375 0.143958
0 0.90607 0.837611 0.0726406 0.173068
0 0.870852 0.511885 0.0489844 0.225597
0 0.949008 0.766417 0.101984 0.096534
0 0.959773 0.953103 0.0408906 0.0937939
0 0.95118 0.754192 0.0965469 0.0752225
0 0.974969 0.729368 0.0500625 0.0230913
0 0.742484 0.939742 0.0825625 0.0481967
0 0.988312 0.930773 0.0222188 0.0620609
0 0.810664 0.539473 0.0798281 0.18733
0 0.912477 0.959379 0.0815469 0.0812412
0 0.915555 0.54185 0.0662031 0.207354
0 0.971195 0.529953 0.0392344 0.196909
0 0.749656 0.634789 0.121031 0.0894848
0 0.743336 0.536253 0.0361406 0.0785948
0 0.981797 0.984274 0.0312812 0.03
0 0.94257 0.669532 0.0652969 0.117939
0 0.909695 0.653993 0.0741094 0.131499
0 0.984875 0.566054 0.03025 0.143911
0 0.771289 0.909227 0.107359 0.16637
0 0.867859 0.632506 0.0326875 0.120141
0 0.701281 0.849274 0.0357188 0.0754098
0 0.805711 0.77897 0.0143594 0.0287119
0 0.798148 0.701347 0.0998906 0.0669087
0 0.820836 0.609836 0.0637031 0.151569
0 0.681898 0.965269 0.0219844 0.0655269
0 0.713406 0.722822 0.0295625 0.154871
0 0.750336 0.593513 0.105641 0.124356
0 0.754 0.882354 0.0552813 0.0908899
0 0.919648 0.805632 0.0693281 0.139227
