0 0.247891 0.488794 0.0151562 0.0309368
0 0.273289 0.521124 0.00317187 0.0064637
0 0.142742 0.503033 0.0118594 0.0287354
0 0.243805 0.494707 0.00757812 0.0306792
0 0.976875 0.376159 0.038125 0.0215457
0 0.143469 0.489602 0.00859375 0.0253396
0 0.161742 0.496792 0.00435938 0.0142389
0 0.115625 0.547787 0.0055 0.0188525
0 0.160641 0.524356 0.00546875 0.0133489
0 0.137164 0.534614 0.00564062 0.0158782
0 0.263203 0.487892 0.0132188 0.00894614
0 0.177242 0.52274 0.00785938 0.0287588
0 0.154406 0.542482 0.008875 0.0146136
0 0.1265 0.496991 0.0110312 0.0267681
0 0.151594 0.532049 0.0106875 0.0177752
0 0.143578 0.556546 0.00734375 0.0181967
0 0.143742 0.527564 0.00598438 0.0120375
0 0.132203 0.555902 0.00684375 0.00922717
0 0.269297 0.509098 0.00546875 0.0192272
