2 0.708039 0.65999 0.0377656 0.0311458
2 0.747195 0.675104 0.0306094 0.0374167
2 0.730281 0.608458 0.0476875 0.0605
2 0.649602 0.646927 0.0302031 0.0312708
2 0.64643 0.628458 0.0282656 0.0205
2 0.759141 0.647719 0.016625 0.0443958
2 0.689711 0.607552 0.0255469 0.0344792
2 0.659008 0.609813 0.0287969 0.031125
2 0.696578 0.633281 0.0249375 0.0325208
2 0.666375 0.660385 0.0390313 0.0351458
2 0.676797 0.647469 0.0317812 0.0291458
2 0.672422 0.623365 0.0250312 0.0293958
2 0.721719 0.64051 0.032875 0.0323125
2 0.682828 0.596396 0.0301875 0.0264167
