0 0.499157 0.248766 0.0163466 0.034375
0 0.438899 0.49793 0.0651522 0.0591094
0 0.396698 0.578398 0.0532553 0.0565156
0 0.529403 0.488625 0.0260656 0.05475
0 0.311522 0.358664 0.0441686 0.0586094
0 0.405574 0.477008 0.0499297 0.0763906
0 0.358653 0.495133 0.0545902 0.0598594
0 0.497061 0.632594 0.0765574 0.0500625
0 0.294496 0.280039 0.1 0.0929219
0 0.256112 0.637352 0.113396 0.0379219
0 0.434848 0.604508 0.0483841 0.0568594
0 0.303923 0.659438 0.108267 0.0480312
0 0.365597 0.422023 0.0451522 0.0812031
0 0.349742 0.465828 0.0970492 0.0892813
0 0.378419 0.336969 0.0430679 0.0458125
0 0.269871 0.565641 0.0798361 0.0779688
0 0.547857 0.365594 0.0454567 0.0464375
0 0.228091 0.334539 0.0342623 0.0352656
0 0.213044 0.512281 0.041452 0.048625
0 0.372763 0.537547 0.0725995 0.0566562
0 0.457272 0.439969 0.0694848 0.08325
0 0.396944 0.257961 0.0452693 0.123766
0 0.51589 0.444945 0.0669555 0.0616094
0 0.501183 0.578867 0.0537002 0.0460156
0 0.239836 0.599797 0.09363 0.0719063
0 0.481019 0.343086 0.0420843 0.0469531
0 0.306112 0.407055 0.0511007 0.0681094
0 0.349157 0.587898 0.0569087 0.0802969
0 0.532166 0.541492 0.0335597 0.0473594
0 0.441042 0.390906 0.0518267 0.078375
0 0.532904 0.328453 0.0687119 0.080875
0 0.30363 0.56432 0.0484309 0.0710156
0 0.484789 0.242883 0.0311241 0.0821719
0 0.338419 0.615852 0.0633958 0.0571094
0 0.420597 0.540906 0.0551522 0.061625
0 0.526007 0.300625 0.0615691 0.0809375
0 0.226358 0.504297 0.0551522 0.0598125
0 0.489707 0.601586 0.0642857 0.0444531
0 0.510375 0.394898 0.0392506 0.0542656
0 0.304005 0.473602 0.0743326 0.0796719
0 0.459754 0.272031 0.050281 0.11825
0 0.231569 0.458039 0.0441218 0.0527031
0 0.203782 0.46307 0.0403044 0.0424219
0 0.317272 0.511781 0.070281 0.0634062
0 0.389157 0.617984 0.0464637 0.0553125
0 0.24904 0.665797 0.0803747 0.036375
0 0.216417 0.39768 0.0559251 0.0657656
0 0.497763 0.543109 0.061897 0.0613125
0 0.445105 0.635945 0.108431 0.0543594
0 0.245304 0.308609 0.0252225 0.0269688
0 0.450785 0.679477 0.101756 0.0501719
0 0.536885 0.39982 0.0308197 0.0328594
0 0.225667 0.556969 0.0507728 0.0543125
0 0.26589 0.41418 0.0507026 0.0428594
0 0.263138 0.294805 0.0468384 0.0481406
0 0.263864 0.458836 0.0506792 0.0746719
0 0.459637 0.585305 0.0379157 0.0371094
0 0.549192 0.436422 0.0233021 0.0439063
0 0.234508 0.376242 0.0560422 0.0697344
0 0.426616 0.368086 0.0360422 0.0433594
0 0.374941 0.233977 0.0216862 0.0641094
0 0.20733 0.350422 0.0121311 0.0300938
0 0.390972 0.389141 0.0458314 0.0934062
0 0.482681 0.506008 0.0573536 0.0574219
0 0.291956 0.322055 0.0387119 0.0537031
0 0.494005 0.442586 0.0697892 0.0721406
0 0.464742 0.407094 0.0766979 0.1
0 0.41377 0.424547 0.0427166 0.0765625
0 0.344906 0.254703 0.0805386 0.104062
0 0.265937 0.506383 0.0700468 0.0658281
0 0.232155 0.609164 0.0970023 0.0571406
0 0.270492 0.370711 0.0513817 0.0802031
0 0.227939 0.297977 0.0274473 0.0418906
0 0.530667 0.613867 0.0398361 0.0380781
0 0.454532 0.211578 0.027096 0.0299063
0 0.328782 0.267156 0.118126 0.0898125
0 0.356932 0.327141 0.0444496 0.0589063
0 0.247529 0.27643 0.0432084 0.0381406
0 0.491628 0.286953 0.0757143 0.096
0 0.256651 0.329 0.0361124 0.0418125
0 0.452576 0.549266 0.0666042 0.07125
0 0.431288 0.264781 0.0424824 0.123875
0 0.346686 0.38868 0.051733 0.0937344
0 0.51281 0.494906 0.0324122 0.0569375
0 0.280585 0.603281 0.0741452 0.07075
