2 0.619703 0.764953 0.0131562 0.0106003
2 0.705422 0.736769 0.0139375 0.0130648
2 0.862641 0.920561 0.0183125 0.0152765
2 0.853625 0.933049 0.0180937 0.0170616
2 0.864023 0.940585 0.0133594 0.0121011
2 0.405922 0.672046 0.009125 0.0102528
2 0.855555 0.959621 0.0218906 0.0162085
2 0.793687 0.92282 0.01775 0.0143602
2 0.360258 0.662986 0.0122031 0.00853081
2 0.369555 0.667449 0.0109844 0.010316
2 0.910195 0.947883 0.0164844 0.0130806
2 0.830414 0.946303 0.0126094 0.0167457
2 0.628672 0.805016 0.0096875 0.00845182
2 0.62657 0.799479 0.0101094 0.00982622
2 0.84318 0.92128 0.0238281 0.0215482
2 0.684523 0.795411 0.00964062 0.0138547
2 0.66368 0.738918 0.0109531 0.00737757
2 0.855094 0.910513 0.0162188 0.0164139
2 0.713703 0.793578 0.006875 0.00554502
2 0.686063 0.757907 0.00934375 0.00848341
2 0.677211 0.80872 0.00989063 0.0071722
2 0.735945 0.751785 0.0167031 0.0103949
2 0.638266 0.798404 0.0122188 0.011406
2 0.780078 0.922741 0.0111562 0.0105055
2 0.901859 0.941153 0.009875 0.017188
2 0.631906 0.776667 0.0129375 0.0107741
2 0.615328 0.769889 0.00759375 0.00650869
2 0.876719 0.940427 0.01425 0.0160506
2 0.670578 0.778002 0.009625 0.00409163
2 0.390258 0.638784 0.0116719 0.00821485
2 0.728164 0.80184 0.00923437 0.00819905
2 0.871727 0.90737 0.0172031 0.0187836
2 0.395102 0.672417 0.0124219 0.0105845
2 0.927984 0.94207 0.0109375 0.0138389
2 0.642422 0.774107 0.00709375 0.00410742
2 0.675586 0.814155 0.0111406 0.00872038
2 0.802023 0.913855 0.0116406 0.00770932
2 0.808523 0.930774 0.0161719 0.0176619
2 0.364156 0.674581 0.011625 0.0115008
2 0.839906 0.90718 0.0158125 0.0115482
2 0.828461 0.898215 0.00564062 0.00578199
2 0.834453 0.932362 0.01825 0.0164139
2 0.820758 0.899289 0.0138594 0.00979463
2 0.824766 0.923689 0.0194375 0.0160664
2 0.63457 0.781532 0.0101406 0.0112796
2 0.887609 0.978167 0.0162188 0.0161453
2 0.886906 0.966919 0.0200313 0.0138389
2 0.796625 0.932836 0.0129062 0.0173934
2 0.811117 0.918839 0.0129219 0.01
2 0.889695 0.944747 0.0167344 0.0212796
2 0.697492 0.804313 0.0148906 0.0180727
2 0.687289 0.724613 0.0106406 0.00666667
2 0.906695 0.958081 0.0129219 0.00949447
2 0.806562 0.906564 0.01675 0.0126224
2 0.650031 0.774874 0.0131875 0.0102528
2 0.670945 0.80312 0.00864063 0.0112638
2 0.381859 0.653855 0.0119688 0.0101422
2 0.709609 0.746998 0.0119688 0.0121011
2 0.395547 0.679779 0.00784375 0.00657188
2 0.726359 0.756082 0.00971875 0.0119115
2 0.860031 0.98128 0.0185 0.0128278
2 0.870805 0.976919 0.0172344 0.0112796
2 0.609484 0.763578 0.00571875 0.00778831
2 0.642156 0.78139 0.0174375 0.0110269
2 0.810664 0.949874 0.0149531 0.0176935
2 0.602086 0.767646 0.0101406 0.00947867
2 0.673727 0.729866 0.0129219 0.01
2 0.703422 0.797038 0.010625 0.00876777
2 0.405883 0.662528 0.0131094 0.00985782
2 0.884352 0.918476 0.0190781 0.0153081
2 0.917437 0.937662 0.0117813 0.0148815
2 0.716711 0.742962 0.00976562 0.0106635
2 0.694156 0.728768 0.0116562 0.00666667
2 0.712258 0.80564 0.00835937 0.00666667
2 0.642313 0.810513 0.009125 0.00924171
2 0.705305 0.810687 0.0147031 0.0120537
2 0.835898 0.9 0.0147031 0.00922591
2 0.657 0.781027 0.0119063 0.00922591
2 0.648117 0.801667 0.0126719 0.0118009
2 0.695055 0.739858 0.0170469 0.0123223
2 0.699195 0.733096 0.00442188 0.00331754
2 0.697789 0.749755 0.0164844 0.0113902
2 0.78025 0.911793 0.0106563 0.00974724
2 0.638852 0.788349 0.0108906 0.00949447
2 0.369656 0.653397 0.00734375 0.00537125
2 0.647891 0.791327 0.0144375 0.0112796
2 0.820703 0.948254 0.00721875 0.00658768
2 0.354047 0.677006 0.0085 0.00819905
2 0.669055 0.783515 0.0126719 0.01
2 0.362031 0.656872 0.00790625 0.00480253
2 0.379898 0.666153 0.00979688 0.00870458
2 0.668117 0.724368 0.0174219 0.00845182
2 0.663883 0.80154 0.0101406 0.0125592
2 0.687039 0.787891 0.0111719 0.0133491
2 0.869539 0.96564 0.0187656 0.0133333
2 0.670477 0.74549 0.0124219 0.00769352
2 0.641305 0.77034 0.0108906 0.00718799
2 0.678219 0.78376 0.0098125 0.00963665
2 0.829805 0.965719 0.0138594 0.0140284
2 0.839437 0.971667 0.0119063 0.0136019
2 0.397156 0.6509 0.008625 0.0121643
2 0.697828 0.758081 0.0139375 0.00949447
