0 0.14657 0.259364 0.08846 0.12161
0 0.4067 0.359477 0.06352 0.0791808
0 0.25936 0.850636 0.08008 0.110424
0 0.41954 0.781864 0.11012 0.141356
0 0.43523 0.56072 0.07298 0.184209
0 0.23799 0.947627 0.03226 0.0983051
0 0.1642 0.719223 0.04644 0.0900847
0 0.43247 0.172006 0.1035 0.239322
0 0.48412 0.158418 0.15432 0.238983
0 0.18457 0.21904 0.04602 0.0289266
0 0.17722 0.175621 0.09604 0.0977401
0 0.59399 0.171201 0.20922 0.29387
0 0.5298 0.889605 0.122 0.215254
0 0.54045 0.722429 0.0445 0.0743503
0 0.30667 0.550565 0.07486 0.0681356
0 0.64122 0.68024 0.0592 0.140593
0 0.47733 0.536864 0.03082 0.0467797
0 0.26705 0.298503 0.04778 0.114746
0 0.20491 0.812754 0.02738 0.045565
0 0.09948 0.187133 0.07236 0.0772034
0 0.13352 0.514138 0.08688 0.0430791
0 0.55034 0.523842 0.09408 0.200056
0 0.46968 0.371935 0.09644 0.155
0 0.38946 0.612938 0.0296 0.101525
0 0.35314 0.487994 0.04048 0.125593
0 0.18935 0.609124 0.09022 0.134181
0 0.39368 0.312486 0.08548 0.0757062
0 0.22596 0.118362 0.0808 0.0706215
0 0.32378 0.470749 0.02936 0.0924011
0 0.58649 0.743715 0.0511 0.155904
0 0.25613 0.422994 0.02774 0.0642373
0 0.46271 0.45541 0.07774 0.137147
0 0.34004 0.907698 0.05776 0.184605
0 0.25195 0.782218 0.03482 0.131158
0 0.64152 0.308715 0.1026 0.228672
0 0.61975 0.944534 0.0713 0.110932
0 0.35375 0.376398 0.0299 0.0782768
0 0.62825 0.399294 0.1191 0.198814
0 0.2815 0.438305 0.06388 0.0871186
0 0.63466 0.744718 0.067 0.118023
0 0.11796 0.742034 0.01284 0.0274011
0 0.37332 0.812938 0.09164 0.204576
0 0.58412 0.229576 0.17996 0.259492
0 0.26874 0.698531 0.10192 0.174802
0 0.28817 0.743489 0.05382 0.171836
0 0.39451 0.45048 0.0821 0.146158
0 0.16093 0.593983 0.0711 0.133559
0 0.55149 0.653969 0.13506 0.0822881
0 0.63037 0.483475 0.10542 0.185085
0 0.49625 0.854209 0.14242 0.207006
0 0.07373 0.447076 0.02202 0.0350565
0 0.25062 0.309209 0.0328 0.134181
0 0.56064 0.362698 0.22024 0.310593
0 0.04937 0.539929 0.09298 0.0697458
0 0.27779 0.498206 0.03062 0.0835311
0 0.45722 0.818898 0.12456 0.194802
0 0.09375 0.283475 0.03878 0.0700565
0 0.45578 0.291469 0.04888 0.203333
0 0.22176 0.476893 0.02832 0.0514689
0 0.29879 0.93291 0.02734 0.0615254
0 0.25647 0.165565 0.09478 0.131186
0 0.32369 0.393799 0.02946 0.108842
0 0.17397 0.26726 0.07526 0.0952542
0 0.52288 0.196356 0.12352 0.300339
0 0.26964 0.912175 0.04936 0.108701
0 0.3603 0.909689 0.09152 0.140847
0 0.08549 0.728531 0.04174 0.0546893
0 0.4757 0.656977 0.12616 0.0758757
0 0.24488 0.52185 0.05424 0.0875424
0 0.22728 0.39774 0.03612 0.0446893
0 0.13158 0.727966 0.02308 0.0785876
0 0.12839 0.396921 0.0253 0.0179096
0 0.16164 0.247556 0.04288 0.0339831
0 0.58682 0.901949 0.14436 0.196102
0 0.06286 0.406088 0.07296 0.0506497
0 0.19403 0.443616 0.0263 0.080791
0 0.64141 0.574562 0.06862 0.129802
0 0.46903 0.58678 0.07714 0.152599
0 0.21779 0.754703 0.02362 0.0747175
0 0.58184 0.610621 0.06564 0.218305
0 0.34545 0.658008 0.06606 0.260932
0 0.05495 0.632613 0.02986 0.035904
0 0.07827 0.238037 0.08098 0.112232
0 0.22698 0.275819 0.04484 0.114915
0 0.27386 0.207782 0.08172 0.0782203
0 0.3974 0.956073 0.09908 0.0878531
0 0.10265 0.55774 0.09402 0.0637288
0 0.39075 0.183771 0.16166 0.269011
0 0.22871 0.670395 0.10186 0.179153
0 0.0711 0.66654 0.02364 0.0478814
0 0.27391 0.941201 0.02462 0.0761299
0 0.21216 0.443475 0.04548 0.069887
0 0.06908 0.348898 0.07808 0.0657627
0 0.37136 0.568192 0.0296 0.0937288
0 0.18206 0.660932 0.02116 0.0581356
0 0.61633 0.168489 0.16122 0.151158
0 0.11578 0.652825 0.02676 0.0739548
0 0.36635 0.248446 0.05758 0.13661
0 0.29878 0.974972 0.01976 0.0396045
0 0.17145 0.668489 0.0237 0.0537006
0 0.16635 0.795395 0.04282 0.0957627
0 0.15778 0.348814 0.02672 0.0950282
