2 0.781656 0.173062 0.053625 0.0654583
2 0.75793 0.31126 0.0417656 0.0662708
2 0.622586 0.302146 0.0269219 0.0247917
2 0.671641 0.144948 0.0192812 0.0310208
2 0.553406 0.20401 0.0265937 0.0376458
2 0.599164 0.121927 0.0286406 0.0376458
2 0.629852 0.137427 0.0457969 0.0549375
2 0.846953 0.624021 0.0335 0.0335
2 0.548344 0.748844 0.0287187 0.0492292
2 0.760977 0.719302 0.0651094 0.0837708
2 0.705305 0.15524 0.0282969 0.0366458
2 0.719477 0.267958 0.0258906 0.0426667
2 0.651203 0.342312 0.0588437 0.06425
2 0.603016 0.744917 0.024375 0.0418333
2 0.691844 0.188531 0.0259062 0.0321875
2 0.344078 0.192698 0.0506875 0.0503958
2 0.564531 0.19325 0.0343437 0.0250833
2 0.223047 0.219604 0.0429062 0.036375
2 0.566766 0.802792 0.0368125 0.0356667
2 0.406875 0.350885 0.0330625 0.0526042
2 0.773328 0.555906 0.0274063 0.0378958
2 0.17807 0.166823 0.0323281 0.0382708
2 0.70057 0.257906 0.0179844 0.0275625
2 0.733203 0.67601 0.026125 0.0288542
2 0.73132 0.849708 0.0356094 0.046125
2 0.357172 0.107281 0.0365938 0.0488125
2 0.647758 0.519396 0.0329219 0.0341667
2 0.718836 0.795594 0.0380156 0.0429792
2 0.653789 0.244083 0.0238906 0.0361667
