0 0.225664 0.640796 0.0154844 0.0647307
0 0.302172 0.642143 0.0104063 0.0379157
0 0.826984 0.0779391 0.0055 0.0134895
0 0.701695 0.358267 0.00854687 0.00875878
0 0.225375 0.347084 0.0157813 0.0604918
0 0.418055 0.37267 0.0218906 0.0167213
0 0.667172 0.251639 0.0220312 0.0230445
0 0.150711 0.673852 0.0212656 0.0377752
0 0.182297 0.597424 0.00971875 0.0399532
0 0.979242 0.943396 0.0415156 0.113208
0 0.591359 0.383185 0.0148437 0.01363
0 0.295328 0.597248 0.0179687 0.0411475
0 0.667484 0.398232 0.0155937 0.00672131
0 0.190977 0.422705 0.0212656 0.0219906
0 0.633234 0.327705 0.0288438 0.0244028
0 0.598836 0.436311 0.0296719 0.0408197
0 0.332344 0.557119 0.0304687 0.0165808
0 0.205828 0.244684 0.035875 0.0420609
0 0.219789 0.298033 0.0568594 0.0487588
0 0.96843 0.496698 0.00498438 0.0290867
0 0.941461 0.0547658 0.00704687 0.014918
0 0.364039 0.498759 0.0134219 0.0309602
0 0.52307 0.39219 0.0204531 0.0340749
0 0.25893 0.448009 0.0150781 0.0322248
0 0.0626172 0.342927 0.0231406 0.0867447
0 0.0251094 0.474906 0.0171875 0.0693911
0 0.172805 0.266885 0.0493594 0.0443091
0 0.127461 0.702108 0.0148594 0.0216393
0 0.632852 0.25123 0.0246719 0.0325761
0 0.0666797 0.737365 0.0123906 0.0340749
0 0.0232656 0.384344 0.0417187 0.0503747
0 0.120492 0.357319 0.0198281 0.0120609
0 0.591453 0.329075 0.00984375 0.0542155
0 0.717203 0.0698595 0.00846875 0.0102108
0 0.437672 0.459262 0.033875 0.0263466
0 0.09525 0.286393 0.0156875 0.0498829
0 0.0465547 0.531628 0.0310156 0.0428337
0 0.623703 0.214707 0.00509375 0.0105386
0 0.723828 0.0759251 0.0211562 0.0139578
0 0.592461 0.506663 0.0229219 0.025082
0 0.457703 0.208958 0.0173437 0.0213817
0 0.442008 0.402881 0.0202344 0.0170492
0 0.0287656 0.541499 0.031375 0.0333958
0 0.715125 0.395445 0.00528125 0.0335597
0 0.97968 0.2713 0.0222969 0.00789227
0 0.334711 0.428279 0.0415156 0.0219906
0 0.32843 0.299696 0.0182969 0.0169087
0 0.461164 0.264649 0.0166094 0.029719
0 0.0924297 0.745094 0.0444844 0.0203513
0 0.276617 0.485035 0.0285781 0.0622951
0 0.385625 0.346803 0.00825 0.0275644
0 0.296187 0.393068 0.018125 0.0128806
0 0.107734 0.561499 0.0216875 0.0412646
0 0.525938 0.114344 0.00815625 0.0151522
0 0.227039 0.4113 0.0391094 0.0493443
0 0.130766 0.578525 0.00784375 0.0474005
0 0.0797578 0.609977 0.0243594 0.081171
0 0.347719 0.379227 0.0243125 0.0265105
0 0.354023 0.445855 0.0299531 0.034192
0 0.241789 0.442904 0.0229219 0.0269321
0 0.497367 0.304555 0.0257656 0.018103
0 0.0384375 0.43548 0.0239063 0.0815457
0 0.64925 0.172869 0.00475 0.0123888
0 0.753492 0.0496838 0.00948437 0.0125761
0 0.102531 0.357588 0.015625 0.0459953
0 0.0775547 0.359778 0.00848437 0.0759016
0 0.389422 0.441885 0.021625 0.0260656
0 0.179828 0.547588 0.0126875 0.0435597
0 0.149562 0.580855 0.0128125 0.0786651
0 0.514508 0.339883 0.0238594 0.0371429
0 0.0116562 0.448642 0.0233125 0.0109133
0 0.85675 0.12034 0.00525 0.0211007
0 0.472805 0.391358 0.0103594 0.0104918
0 0.122609 0.300141 0.0223438 0.0548946
0 0.312797 0.206991 0.00659375 0.0249415
0 0.161992 0.70397 0.0219531 0.0301405
0 0.490219 0.487096 0.0295625 0.0546604
0 0.192234 0.632155 0.02625 0.0385012
0 0.506742 0.455539 0.0253594 0.0135597
0 0.470633 0.415316 0.0232969 0.0403279
0 0.96375 0.596019 0.01025 0.0469321
0 0.544234 0.397763 0.0156875 0.0260187
0 0.469555 0.336593 0.0113906 0.0411475
0 0.679414 0.465843 0.00979688 0.0468618
0 0.574906 0.240703 0.0362813 0.0142389
0 0.72093 0.409052 0.00607813 0.0198361
0 0.631289 0.411323 0.0262031 0.0139344
0 0.988727 0.923923 0.0212031 0.0662998
0 0.664797 0.431429 0.0133125 0.0334426
0 0.309531 0.586007 0.00571875 0.0239578
0 0.143156 0.404895 0.0247812 0.0408899
0 0.0737656 0.661265 0.0128125 0.0467447
0 0.866922 0.107998 0.0191875 0.0305621
0 0.324336 0.685234 0.00614063 0.0211944
0 0.203313 0.556862 0.0149062 0.0582201
0 0.93582 0.107845 0.0153281 0.022623
0 0.344422 0.622986 0.00971875 0.0198361
0 0.636516 0.396112 0.0369063 0.0203747
0 0.0610703 0.303618 0.0388594 0.0664403
0 0.613273 0.433302 0.0161406 0.0474941
0 0.448883 0.359133 0.0347031 0.0235597
0 0.0582969 0.622763 0.006875 0.0331616
0 0.169125 0.522166 0.0149062 0.0570726
0 0.491258 0.354251 0.0225156 0.0325293
0 0.532555 0.508864 0.00635938 0.0150117
0 0.168258 0.336276 0.0324219 0.0845902
0 0.560281 0.275269 0.0124063 0.0478689
0 0.673414 0.0436768 0.00804688 0.00805621
0 0.0929688 0.605714 0.0232812 0.0793443
0 0.669328 0.306628 0.0286563 0.0116628
0 0.715102 0.524508 0.0148281 0.018103
0 0.645758 0.278244 0.0189219 0.0348946
0 0.0726875 0.452635 0.011875 0.0409602
0 0.483641 0.467611 0.0235938 0.0506323
0 0.907203 0.149321 0.0146563 0.0198126
0 0.897437 0.136522 0.009375 0.0199766
0 0.415906 0.194333 0.0081875 0.0218267
0 0.288352 0.31103 0.0185781 0.0173302
0 0.958625 0.52863 0.0236563 0.0159485
0 0.441695 0.32233 0.0179531 0.0319204
0 0.33225 0.512447 0.0179375 0.029719
0 0.652516 0.362693 0.0263437 0.0401405
0 0.166805 0.59356 0.0212656 0.0960187
0 0.311891 0.976159 0.0103125 0.0167681
0 0.333789 0.629403 0.0118594 0.0251756
0 0.449227 0.45774 0.0319844 0.0446604
0 0.610383 0.288829 0.0162344 0.0141452
0 0.158227 0.571557 0.0232969 0.0694379
0 0.0589141 0.772939 0.0104531 0.0322482
0 0.26432 0.490258 0.0369219 0.0392974
0 0.225578 0.486792 0.0300938 0.0200937
0 0.608102 0.0671429 0.00689063 0.0206557
0 0.853367 0.18911 0.00829687 0.00791569
0 0.242703 0.2926 0.0375937 0.0591569
0 0.363422 0.406909 0.0315937 0.0399532
0 0.20843 0.697553 0.0321719 0.0232084
0 0.677656 0.481253 0.014875 0.038103
0 0.546883 0.344543 0.0125469 0.0268852
0 0.438547 0.249871 0.0218125 0.0282201
0 0.149648 0.475269 0.0217969 0.0315222
0 0.11032 0.479122 0.0123281 0.0246604
0 0.586672 0.435714 0.0271875 0.0237471
0 0.513875 0.263747 0.0214375 0.0418735
0 0.0206719 0.631745 0.0157188 0.0168852
0 0.297906 0.979145 0.0171563 0.0417096
0 0.581805 0.333642 0.0145469 0.0518267
0 0.416578 0.131335 0.0246562 0.0257611
0 0.0893906 0.730316 0.0166875 0.0125293
0 0.52168 0.454286 0.0244531 0.0139578
0 0.911164 0.102143 0.0102969 0.0146838
0 0.10175 0.386148 0.0138437 0.051733
0 0.355422 0.344063 0.0229375 0.0328103
0 0.70832 0.386932 0.0109531 0.0483372
0 0.989789 0.401077 0.0204219 0.0194379
0 0.49943 0.0967096 0.0222969 0.0144965
0 0.690562 0.0891803 0.011 0.0229977
0 0.20575 0.25959 0.0381563 0.0396019
0 0.46732 0.4587 0.0225156 0.0542155
0 0.0469687 0.641885 0.0218125 0.0353864
0 0.282742 0.444098 0.0189844 0.0565808
0 0.500953 0.546311 0.0153437 0.027377
0 0.116711 0.23219 0.00926562 0.0118735
0 0.678602 0.211183 0.00979688 0.0063466
0 0.332484 0.964122 0.0184375 0.0431382
0 0.218844 0.60103 0.0125312 0.0622951
0 0.662578 0.484977 0.0132188 0.0337471
0 0.940023 0.430117 0.0212031 0.0134426
0 0.555953 0.364766 0.0319375 0.0309368
0 0.231383 0.255375 0.0388281 0.0403044
0 0.586859 0.464274 0.035 0.0147307
0 0.477625 0.294766 0.0200313 0.0238642
0 0.697844 0.0354567 0.0122813 0.0150351
0 0.0608359 0.559133 0.0179219 0.0259953
0 0.312109 0.963981 0.013625 0.0182201
0 0.260742 0.471628 0.0276094 0.0343091
0 0.227109 0.565984 0.01425 0.0501874
0 0.0405234 0.676042 0.0343594 0.0160187
0 0.683375 0.107119 0.0111875 0.0223888
0 0.497664 0.432611 0.0245469 0.0195082
0 0.0632812 0.497365 0.0173437 0.0220843
0 0.0946719 0.249192 0.00896875 0.0168852
0 0.672906 0.148689 0.00578125 0.0216862
0 0.616102 0.313923 0.0112656 0.00943794
0 0.150719 0.320749 0.0200313 0.0700703
0 0.26618 0.542014 0.0342344 0.0348009
0 0.638305 0.10534 0.0117656 0.0216862
0 0.44132 0.512892 0.0430156 0.0196019
0 0.0489219 0.448888 0.0155937 0.0761827
0 0.262023 0.277775 0.0410469 0.0510539
0 0.247648 0.625141 0.0222969 0.0588993
0 0.197914 0.174087 0.00364063 0.0107026
0 0.0139844 0.33671 0.0181875 0.0234895
0 0.569531 0.0733255 0.0085 0.015644
0 0.657836 0.10623 0.0123906 0.0196721
0 0.241125 0.403384 0.0275313 0.0319204
0 0.518547 0.468337 0.0298438 0.0120843
0 0.680844 0.405995 0.0209375 0.012178
0 0.506648 0.322482 0.0313906 0.0161124
0 0.626359 0.447108 0.02275 0.0313583
0 0.255641 0.522272 0.0480938 0.0219672
0 0.329266 0.527834 0.031625 0.0368852
0 0.370758 0.317377 0.00867187 0.0139578
0 0.105063 0.92356 0.01475 0.0609836
0 0.618484 0.126546 0.0080625 0.0102342
0 0.258508 0.530913 0.0462969 0.0331616
0 0.355156 0.98637 0.0105313 0.02726
0 0.672789 0.42589 0.0125156 0.025363
0 0.147125 0.255831 0.006625 0.0202342
0 0.192625 0.880258 0.0377813 0.0201405
0 0.544875 0.30452 0.0241875 0.0326932
0 0.554359 0.266417 0.0111562 0.0483372
0 0.224523 0.23466 0.0446094 0.0368618
0 0.591453 0.0974473 0.00590625 0.0150351
0 0.328469 0.345129 0.0182812 0.0177049
0 0.961367 0.963841 0.0459844 0.0632319
0 0.563523 0.526311 0.0219531 0.0535597
0 0.726992 0.437939 0.00876563 0.00922717
0 0.565164 0.394227 0.0259219 0.0412412
0 0.93932 0.465457 0.0239531 0.0220141
0 0.131016 0.510562 0.0130625 0.0535363
0 0.91732 0.0858197 0.00557812 0.00929742
0 0.314992 0.654122 0.0173594 0.0424356
0 0.527195 0.281593 0.00598438 0.0266511
0 0.478148 0.267658 0.00826563 0.0266511
0 0.119937 0.466581 0.0200313 0.0812178
0 0.542789 0.231417 0.0123906 0.00681499
0 0.384992 0.965703 0.0165156 0.0401639
0 0.966375 0.0621077 0.00990625 0.0126932
0 0.929211 0.411194 0.0170469 0.0571429
0 0.266047 0.966815 0.0109063 0.0154567
0 0.849133 0.0834426 0.00560937 0.0152693
0 0.722641 0.124087 0.00759375 0.0255504
0 0.40925 0.318724 0.0180312 0.0270492
0 0.597477 0.323044 0.00879687 0.053911
0 0.473055 0.120012 0.0126406 0.0264403
0 0.302094 0.486417 0.0245 0.0405152
0 0.980797 0.159895 0.011625 0.0272365
0 0.694078 0.327658 0.0142813 0.0432319
0 0.971414 0.442927 0.0102344 0.00866511
0 0.238859 0.980269 0.024625 0.0235831
0 0.257477 0.400785 0.0165781 0.0248478
0 0.144828 0.733407 0.016375 0.0240984
0 0.703781 0.13445 0.00434375 0.01363
0 0.57382 0.475656 0.0325156 0.01
0 0.0844531 0.5624 0.0194375 0.0313115
0 0.618 0.0640867 0.013375 0.0251288
0 0.986375 0.209672 0.007625 0.00866511
0 0.98625 0.333888 0.011625 0.00871194
0 0.0155234 0.57822 0.0107344 0.0157845
0 0.691195 0.253782 0.0174219 0.014356
0 0.974367 0.118326 0.00926562 0.0190398
0 0.953125 0.162201 0.0146875 0.0267916
0 0.181367 0.745199 0.0272656 0.0486183
0 0.453781 0.519133 0.0134375 0.0111944
0 0.457195 0.382611 0.0376406 0.025082
0 0.966461 0.225527 0.00932812 0.0148478
0 0.450469 0.151019 0.0206563 0.011452
0 0.100547 0.334649 0.0223438 0.0559953
0 0.0328672 0.322564 0.0191406 0.0167447
0 0.638711 0.0538759 0.0169531 0.00971897
0 0.620344 0.36082 0.0141875 0.0266042
0 0.558875 0.551347 0.0205625 0.0300937
0 0.233875 0.987974 0.0224375 0.0173068
0 0.829172 0.127459 0.01225 0.0183841
0 0.572656 0.323794 0.0140313 0.0577986
0 0.98875 0.482658 0.0225 0.0155269
