0 0.218516 0.503101 0.0113125 0.00492925
0 0.661484 0.640531 0.006625 0.0151651
0 0.291484 0.481132 0.0063125 0.017217
0 0.587117 0.656333 0.00795313 0.0120047
0 0.32325 0.76217 0.0068125 0.0181132
0 0.252953 0.622559 0.0075 0.0343632
0 0.483641 0.853408 0.02125 0.0109198
0 0.206328 0.631781 0.018 0.0325708
0 0.826266 0.624729 0.0078125 0.0148821
0 0.903398 0.626887 0.0184531 0.0265566
0 0.451008 0.729929 0.00942187 0.0205189
0 0.305789 0.821993 0.0137969 0.0214858
0 0.884719 0.62533 0.004125 0.0121698
0 0.348984 0.757028 0.0086875 0.0140566
0 0.565945 0.69559 0.00648438 0.0114151
0 0.130742 0.509575 0.00895313 0.0124528
0 0.274711 0.666403 0.00764062 0.0377123
0 0.476469 0.685719 0.00775 0.0178538
0 0.714789 0.720861 0.00882813 0.0220519
0 0.141852 0.603479 0.0117031 0.00615566
0 0.212906 0.631722 0.015125 0.028066
0 0.282141 0.608573 0.0083125 0.0297406
0 0.530953 0.722559 0.0165937 0.0264387
0 0.115508 0.431238 0.00748437 0.00794811
0 0.46632 0.690967 0.00748437 0.02
0 0.762516 0.631427 0.00425 0.0143632
0 0.729336 0.719233 0.0107031 0.0201179
0 0.339367 0.797358 0.00848437 0.0246226
0 0.238422 0.66237 0.0133125 0.0317689
0 0.406055 0.716439 0.00964062 0.0296698
0 0.0901016 0.487689 0.0104531 0.0105189
0 0.561719 0.661486 0.006 0.015566
0 0.350281 0.598785 0.0130625 0.0366745
0 0.629852 0.756958 0.00754687 0.0156132
0 0.628336 0.719835 0.00545313 0.0110849
0 0.880641 0.680908 0.0054375 0.0102594
0 0.869344 0.616392 0.010875 0.0243868
0 0.406836 0.795472 0.00935937 0.0262264
0 0.919219 0.604894 0.007 0.01125
0 0.369516 0.768302 0.00846875 0.0284434
0 0.714258 0.624116 0.00367188 0.0182311
0 0.624859 0.742854 0.0059375 0.0146226
0 0.190336 0.625932 0.0197656 0.0442217
0 0.323539 0.736733 0.00417188 0.0186085
0 0.338211 0.60408 0.0221719 0.0182075
0 0.141594 0.636792 0.0105313 0.0246226
0 0.948859 0.589257 0.0112187 0.0207783
0 0.293797 0.618974 0.0080625 0.0280425
0 0.918727 0.678561 0.0105156 0.0276415
0 0.307055 0.805755 0.00854687 0.0191981
0 0.220555 0.628455 0.0144531 0.0330896
0 0.496094 0.721686 0.0185312 0.0461557
0 0.704148 0.620684 0.00779687 0.0208019
0 0.397375 0.753113 0.0096875 0.020283
0 0.294594 0.794033 0.0144375 0.0164151
0 0.432484 0.619186 0.00865625 0.0324292
0 0.734687 0.718314 0.00765625 0.0185142
0 0.891992 0.622606 0.0137656 0.0295047
0 0.480289 0.500967 0.00867187 0.01
0 0.580438 0.739634 0.0105313 0.018467
0 0.138812 0.508809 0.00865625 0.0102123
0 0.371852 0.611568 0.00810938 0.0231368
0 0.282516 0.665696 0.010875 0.0382311
0 0.258484 0.651592 0.0218438 0.0397877
0 0.417156 0.725873 0.0119063 0.022217
0 0.922641 0.613184 0.008125 0.00886792
0 0.773531 0.595873 0.00978125 0.025283
0 0.0902031 0.424517 0.0083125 0.0125708
0 0.657984 0.558644 0.00771875 0.0179953
0 0.615687 0.715531 0.00765625 0.00974057
0 0.42457 0.59625 0.00714063 0.00462264
0 0.378328 0.605389 0.0144375 0.0292217
0 0.712359 0.70592 0.0073125 0.0151415
0 0.350414 0.717547 0.0108594 0.0203774
0 0.658367 0.654705 0.00770312 0.0204953
0 0.53418 0.514811 0.00442188 0.00745283
0 0.421758 0.752983 0.0142656 0.0195047
0 0.374688 0.654741 0.01325 0.0276887
0 0.150336 0.653502 0.00617188 0.0162972
0 0.261445 0.662099 0.0182344 0.0429245
0 0.0939531 0.524587 0.0090625 0.0132783
0 0.426547 0.619292 0.0121875 0.0306604
0 0.677258 0.576285 0.0111719 0.0208255
0 0.117023 0.638396 0.0153281 0.0217453
0 0.272602 0.79092 0.00851563 0.0246226
0 0.163422 0.659623 0.0160625 0.0301887
0 0.638383 0.664493 0.0137656 0.0174292
0 0.849562 0.641828 0.0074375 0.0082783
0 0.68207 0.695047 0.00473437 0.0150943
0 0.589086 0.716745 0.0101719 0.0156604
0 0.618594 0.746804 0.00653125 0.0183726
0 0.709945 0.722288 0.00679687 0.0205189
0 0.513773 0.731946 0.0187344 0.0308726
0 0.700664 0.620495 0.00507813 0.0158019
0 0.168273 0.4277 0.00389063 0.00997642
0 0.44368 0.766085 0.0129219 0.0224528
0 0.216398 0.587358 0.00723437 0.0245283
0 0.400789 0.63171 0.0157969 0.0320519
0 0.561672 0.459682 0.0054375 0.0153538
0 0.540148 0.844693 0.0101094 0.0125943
0 0.116094 0.441828 0.00771875 0.0129481
0 0.127234 0.468774 0.0078125 0.0128302
0 0.689461 0.572182 0.00729687 0.0272877
0 0.185594 0.442618 0.00475 0.016934
0 0.53443 0.527877 0.00482812 0.0102358
0 0.348164 0.739646 0.0179531 0.0234906
0 0.604898 0.68796 0.00442188 0.0120519
0 0.451789 0.686533 0.0228906 0.022783
0 0.293773 0.446262 0.00798438 0.00898585
0 0.375453 0.748101 0.00984375 0.0189858
0 0.65025 0.555908 0.00809375 0.0143632
0 0.859508 0.615767 0.0155781 0.0218632
0 0.397313 0.440554 0.0093125 0.0092217
0 0.757805 0.635755 0.00442188 0.0117925
0 0.566391 0.644847 0.00728125 0.0121462
0 0.296961 0.778125 0.0154531 0.0230896
0 0.235078 0.477913 0.0040625 0.0102594
0 0.420289 0.477252 0.00529688 0.00865566
0 0.119078 0.592276 0.0103438 0.0170519
0 0.241297 0.613267 0.0178125 0.038467
0 0.182109 0.517889 0.00459375 0.0125708
0 0.906859 0.675047 0.00746875 0.0287264
0 0.448547 0.442217 0.007 0.0100472
0 0.415391 0.673255 0.0244688 0.02
0 0.118828 0.409269 0.00765625 0.00820755
0 0.180938 0.47434 0.00528125 0.0120755
0 0.449086 0.658172 0.0100156 0.0238443
0 0.830141 0.600035 0.020375 0.0188443
0 0.85593 0.67625 0.00773437 0.0200472
0 0.29307 0.418797 0.00323437 0.00410377
0 0.201602 0.449623 0.00698437 0.0111321
0 0.121742 0.484186 0.0108594 0.0152123
0 0.945672 0.600979 0.015125 0.0195047
0 0.514016 0.468432 0.00440625 0.0120519
0 0.267844 0.66691 0.010875 0.0391981
0 0.368648 0.789917 0.00854687 0.0221462
0 0.942562 0.629564 0.00865625 0.0138443
0 0.448109 0.631285 0.0138437 0.0336085
0 0.17207 0.452842 0.0140156 0.00860849
0 0.929141 0.626144 0.0130938 0.0320519
0 0.267109 0.61263 0.0112187 0.0333255
0 0.758352 0.619717 0.00832813 0.0105189
0 0.460086 0.633585 0.0105156 0.0314151
0 0.347586 0.795495 0.00917187 0.026934
0 0.116133 0.516403 0.00439063 0.0132311
0 0.555656 0.469646 0.00415625 0.00792453
0 0.150078 0.679328 0.0110312 0.036533
0 0.456984 0.607524 0.0119688 0.0195755
0 0.583914 0.691934 0.0151094 0.0194811
0 0.914164 0.625472 0.0162969 0.03
0 0.291414 0.644057 0.0228281 0.0353302
0 0.156094 0.677005 0.0096875 0.0367453
0 0.622367 0.652653 0.00567187 0.0120047
0 0.278531 0.509941 0.006625 0.00898585
0 0.204781 0.481604 0.00775 0.0225472
0 0.194742 0.451592 0.00676562 0.00808962
0 0.101078 0.514634 0.008375 0.00917453
0 0.0978828 0.430554 0.00573437 0.0120519
0 0.891492 0.682193 0.0188906 0.0230189
0 0.141672 0.678302 0.0135625 0.0360849
0 0.402344 0.606309 0.00984375 0.0238443
0 0.757461 0.583172 0.0112031 0.0200236
0 0.475609 0.650259 0.0059375 0.0146226
0 0.627812 0.648927 0.00759375 0.0236557
0 0.461008 0.501167 0.0115469 0.015967
0 0.288945 0.739104 0.0102969 0.0176415
0 0.396992 0.712323 0.00985938 0.0330896
0 0.208617 0.473573 0.00373438 0.0110142
0 0.537344 0.690483 0.00765625 0.0213915
0 0.276289 0.522807 0.00560937 0.0167925
0 0.283797 0.814929 0.00746875 0.020283
0 0.681023 0.57283 0.0146094 0.0264151
0 0.259461 0.471663 0.00654688 0.00691038
0 0.39107 0.795825 0.0131094 0.0251887
0 0.483633 0.671851 0.00985938 0.0195047
0 0.612539 0.652948 0.0141094 0.0179717
0 0.465938 0.74816 0.0120625 0.0123113
0 0.801539 0.599752 0.0127344 0.0138443
0 0.86268 0.681851 0.00789063 0.0125708
0 0.187977 0.416321 0.00645312 0.00537736
0 0.812594 0.601509 0.00765625 0.0141038
0 0.362461 0.680519 0.00645312 0.0176887
0 0.391086 0.612158 0.00457813 0.0154009
0 0.350312 0.694634 0.00628125 0.0289858
0 0.394156 0.685696 0.0101875 0.0161557
0 0.176289 0.466698 0.00610938 0.0210377
0 0.652211 0.739776 0.00867187 0.0177123
0 0.679055 0.686415 0.00629688 0.01
0 0.60093 0.724729 0.00585938 0.0119104
0 0.132852 0.479139 0.00751562 0.010967
0 0.571695 0.667241 0.00782813 0.0223113
0 0.442219 0.627217 0.0112187 0.0366981
0 0.697695 0.712736 0.00467188 0.0129717
0 0.278406 0.467182 0.007125 0.0128066
0 0.812172 0.448762 0.0054375 0.00667453
0 0.588625 0.633868 0.00584375 0.0137736
0 0.748586 0.501167 0.00348438 0.00511792
0 0.407477 0.737134 0.0100469 0.0201179
0 0.79018 0.593467 0.0105469 0.0209906
0 0.322547 0.697724 0.00653125 0.0199764
0 0.726039 0.586639 0.00407813 0.011533
0 0.331391 0.798125 0.0124375 0.0241274
0 0.172711 0.436274 0.0110781 0.00712264
0 0.736641 0.627252 0.003875 0.0163915
0 0.226383 0.656981 0.0208906 0.026934
0 0.118375 0.550696 0.0074375 0.0180425
0 0.510945 0.847759 0.0173281 0.0115566
0 0.325422 0.775672 0.0142813 0.0130425
0 0.748531 0.47967 0.004125 0.00566038
0 0.35382 0.643514 0.0153281 0.027783
0 0.731156 0.583974 0.0054375 0.00950472
0 0.123922 0.595743 0.0120625 0.0241274
0 0.80393 0.624858 0.0192031 0.0141038
0 0.293016 0.564505 0.00678125 0.0254717
0 0.781078 0.593172 0.0085 0.0179481
0 0.43718 0.611474 0.00832813 0.023467
0 0.674469 0.716557 0.00934375 0.0174528
0 0.859359 0.485318 0.00475 0.0141274
0 0.376227 0.688491 0.00842187 0.0142925
0 0.315016 0.561509 0.0154375 0.0281132
0 0.101328 0.471722 0.0125625 0.0187264
0 0.173914 0.681427 0.0115469 0.0225708
0 0.156547 0.58625 0.006125 0.00976415
0 0.305539 0.612158 0.0193594 0.0230896
0 0.242359 0.509104 0.0035625 0.00820755
0 0.192906 0.501097 0.00815625 0.0138443
0 0.745781 0.585483 0.00815625 0.0195047
0 0.466352 0.507123 0.00560937 0.0151415
0 0.710578 0.619788 0.00365625 0.0217925
0 0.651672 0.700637 0.00540625 0.00971698
0 0.500398 0.726392 0.0130781 0.0417925
0 0.369031 0.725047 0.0080625 0.028066
0 0.332047 0.472158 0.00425 0.0107783
0 0.297391 0.480696 0.00475 0.0125708
0 0.263594 0.476179 0.0045 0.0103302
0 0.672687 0.663078 0.0129062 0.0202594
0 0.47043 0.727583 0.0181094 0.0245519
0 0.667352 0.718467 0.00682812 0.0211792
0 0.601508 0.680896 0.00651562 0.0191509
0 0.611648 0.749752 0.00595313 0.018467
0 0.386336 0.689163 0.00832813 0.0169104
0 0.430219 0.655743 0.0068125 0.0125236
0 0.478219 0.455731 0.00971875 0.0126887
0 0.566555 0.452311 0.00723437 0.0112264
0 0.82207 0.634894 0.0126094 0.0245047
0 0.170445 0.610024 0.0156406 0.0274528
0 0.591539 0.650377 0.0116094 0.0238208
0 0.311742 0.658078 0.0164844 0.0323349
0 0.328406 0.666285 0.0093125 0.0254953
0 0.806945 0.615649 0.0135781 0.0155425
0 0.30868 0.752547 0.00810938 0.0175472
0 0.599352 0.714363 0.00682812 0.0124528
0 0.753703 0.500236 0.00278125 0.0115566
0 0.296195 0.417594 0.00373438 0.00948113
0 0.589008 0.743715 0.0112344 0.0298349
0 0.345023 0.680259 0.00882813 0.0203774
0 0.336992 0.61316 0.0192344 0.0164151
0 0.318227 0.7375 0.00989063 0.0229245
0 0.785328 0.630755 0.0178437 0.0151415
0 0.434656 0.747535 0.0150312 0.0128538
0 0.554344 0.713243 0.0086875 0.0250708
0 0.22507 0.672854 0.0153281 0.0281132
0 0.42257 0.776061 0.00870313 0.0152358
0 0.798703 0.632807 0.0152187 0.0253774
0 0.405461 0.752748 0.0133906 0.0153538
0 0.320586 0.668667 0.00707813 0.0282311
0 0.338586 0.706356 0.00707813 0.0229953
0 0.667875 0.583137 0.0095625 0.0125
0 0.428289 0.702064 0.00629688 0.0300236
0 0.467703 0.516038 0.00509375 0.00948113
0 0.137875 0.56921 0.00934375 0.0220519
0 0.479008 0.438632 0.0107031 0.00589623
0 0.550453 0.710224 0.00978125 0.0224292
0 0.227156 0.625731 0.0146875 0.0343868
0 0.170953 0.511863 0.0146875 0.00872642
0 0.472281 0.430731 0.00821875 0.00566038
0 0.414883 0.43967 0.00679687 0.0110377
0 0.31132 0.622677 0.0107031 0.0200236
0 0.417039 0.698986 0.00901562 0.0141981
0 0.641 0.731309 0.006625 0.0136085
0 0.6585 0.74645 0.00696875 0.0202594
0 0.502656 0.448903 0.00390625 0.00794811
0 0.560898 0.439917 0.00882813 0.011533
0 0.265063 0.822311 0.00946875 0.0182547
0 0.224672 0.513149 0.0085 0.0143632
0 0.120297 0.536804 0.00740625 0.0226179
0 0.502508 0.850118 0.0209844 0.0154717
0 0.100648 0.466203 0.0112031 0.0117925
0 0.633539 0.72987 0.00698437 0.0198349
0 0.445922 0.701415 0.02475 0.0245283
0 0.912508 0.672736 0.0103594 0.026934
0 0.561367 0.426321 0.00407813 0.01
0 0.689469 0.655259 0.007 0.0133491
0 0.211852 0.68171 0.0118281 0.0241274
0 0.550695 0.680825 0.00967187 0.0110377
0 0.407047 0.626144 0.00934375 0.0202594
0 0.113391 0.615755 0.0152812 0.00976415
0 0.291422 0.724021 0.00390625 0.011816
0 0.700117 0.693774 0.00710937 0.0148113
0 0.456875 0.634623 0.0125625 0.04
0 0.682094 0.616851 0.0129062 0.0175708
0 0.552961 0.474929 0.00439063 0.00924528
0 0.144992 0.469021 0.00985938 0.00974057
0 0.207984 0.421321 0.0054375 0.0123113
0 0.266719 0.769068 0.0112187 0.021816
0 0.241641 0.480861 0.00771875 0.00785377
0 0.334984 0.621297 0.0214688 0.0178774
0 0.428172 0.785236 0.00859375 0.0129717
