0 0.545287 0.779492 0.0333493 0.0102344
0 0.516053 0.552328 0.0847368 0.0531563
0 0.379163 0.712141 0.07 0.0152187
0 0.257632 0.776141 0.045311 0.0267188
0 0.289988 0.775547 0.0434689 0.0423125
0 0.453624 0.723773 0.0321292 0.0252969
0 0.287835 0.720633 0.0532297 0.0241719
0 0.321208 0.975414 0.124761 0.0332344
0 0.502177 0.936711 0.0830144 0.0549844
0 0.468529 0.741695 0.0318421 0.0254844
0 0.29951 0.742984 0.0307895 0.0401875
0 0.512392 0.767969 0.102344 0.017125
0 0.42866 0.9075 0.0489474 0.072
0 0.389522 0.75393 0.0181818 0.0233906
0 0.355263 0.733289 0.052823 0.0267344
0 0.330742 0.992164 0.0737321 0.0156719
0 0.512201 0.755211 0.0993301 0.0210469
0 0.480419 0.91875 0.0684928 0.0845
0 0.266579 0.707656 0.0665072 0.013625
0 0.257081 0.784547 0.0629665 0.0235938
0 0.342045 0.698945 0.0284928 0.0218281
0 0.344988 0.869242 0.0463397 0.0465156
0 0.317943 0.698367 0.0233014 0.0235156
0 0.327799 0.967516 0.052201 0.052125
0 0.513026 0.71225 0.0383493 0.0201563
0 0.347763 0.931734 0.0761483 0.0563125
0 0.545897 0.730672 0.0245215 0.0158125
0 0.566435 0.71418 0.0321053 0.0197969
0 0.518349 0.745719 0.0894258 0.0279375
0 0.357452 0.704922 0.0401196 0.0163438
0 0.444175 0.745375 0.026244 0.0203438
0 0.436986 0.758453 0.0251196 0.0123438
0 0.376065 0.858664 0.0405981 0.0343906
0 0.536591 0.697266 0.0276794 0.0249375
0 0.543254 0.716141 0.0278947 0.0140313
0 0.321507 0.769758 0.0300478 0.0516406
0 0.573672 0.774922 0.028445 0.0189687
0 0.272105 0.751875 0.0312919 0.0449062
0 0.456842 0.912305 0.0377512 0.0792031
0 0.556208 0.884992 0.0913636 0.0351094
0 0.22628 0.738383 0.031555 0.0106406
0 0.25622 0.72043 0.050622 0.0163281
0 0.239904 0.745406 0.0498086 0.0175625
0 0.333218 0.745 0.0358612 0.039875
0 0.422344 0.748844 0.0238278 0.0165937
0 0.500861 0.700313 0.0493301 0.0120625
0 0.424557 0.727555 0.021555 0.0301406
0 0.414462 0.863828 0.0473445 0.03225
0 0.409844 0.910867 0.0241866 0.0698281
0 0.252045 0.73268 0.0364354 0.00960937
0 0.291352 0.697195 0.0695933 0.0328906
0 0.577524 0.726781 0.0364833 0.016125
0 0.451411 0.869023 0.0338278 0.0263906
0 0.51323 0.968055 0.142775 0.0502969
0 0.375754 0.92107 0.0508373 0.0665469
0 0.35427 0.774117 0.0361962 0.0297656
