0 0.513461 0.779552 0.0226406 0.0136875
0 0.807727 0.639531 0.0195781 0.0137708
0 0.269984 0.591417 0.043375 0.025375
0 0.460477 0.594698 0.0287344 0.0410625
0 0.228047 0.869719 0.0169375 0.0288958
0 0.552266 0.852958 0.0451875 0.0111667
0 0.76068 0.629625 0.00826563 0.0214583
0 0.447633 0.488073 0.0239844 0.0350208
0 0.422516 0.786521 0.0361563 0.046875
0 0.448156 0.573729 0.0448438 0.026875
0 0.586984 0.720187 0.0279063 0.0435833
0 0.172422 0.771854 0.0225312 0.0450417
0 0.415297 0.787115 0.0281563 0.0488958
0 0.824602 0.616354 0.0125156 0.0339583
0 0.197687 0.806531 0.0208438 0.0536042
0 0.598859 0.798312 0.01425 0.0181667
0 0.76218 0.56125 0.00970312 0.0173333
0 0.17443 0.524583 0.0101719 0.00825
0 0.557859 0.815635 0.0264375 0.0148542
0 0.737234 0.611469 0.0146563 0.0198125
0 0.132141 0.749729 0.0282187 0.026375
0 0.355664 0.681896 0.0404531 0.037
0 0.247156 0.521312 0.0085 0.027375
0 0.635297 0.681875 0.036125 0.0242083
0 0.402047 0.880833 0.0123125 0.056375
0 0.439 0.858615 0.00909375 0.0290625
0 0.740516 0.765083 0.0045 0.011625
0 0.0491328 0.676042 0.0122656 0.025125
0 0.496836 0.557813 0.0117656 0.0159583
0 0.924063 0.700125 0.0315 0.011125
0 0.0293203 0.750698 0.0149219 0.0390625
0 0.475687 0.570896 0.0162813 0.0194583
0 0.360133 0.504938 0.0292031 0.0306667
0 0.26675 0.798125 0.0311875 0.032125
0 0.229836 0.81749 0.0341719 0.0416042
0 0.832766 0.648813 0.0095 0.028875
0 0.806648 0.593646 0.0145469 0.0310833
0 0.19375 0.863844 0.024875 0.0173542
0 0.548477 0.673812 0.0204844 0.0511667
0 0.308102 0.614615 0.0227344 0.0546042
0 0.603883 0.62451 0.0126406 0.0349375
0 0.15632 0.497156 0.0136719 0.0220625
0 0.694391 0.705406 0.0173125 0.0300208
0 0.525016 0.808656 0.0085625 0.0136042
0 0.108883 0.644896 0.0202344 0.0145833
0 0.291398 0.730469 0.0137656 0.0430625
0 0.655969 0.646406 0.0145 0.0305208
0 0.525906 0.607385 0.00709375 0.0150625
0 0.17468 0.733729 0.0136406 0.0205833
0 0.0924844 0.918417 0.0288438 0.0503333
0 0.472031 0.750781 0.0193125 0.0200208
0 0.627609 0.727844 0.016625 0.0142708
0 0.307234 0.452563 0.0150937 0.0244583
0 0.570664 0.757167 0.0388281 0.0222917
0 0.0739766 0.731417 0.0359844 0.0155
0 0.112906 0.611885 0.0121875 0.0354792
0 0.357852 0.622687 0.0341094 0.0322917
0 0.0274922 0.875729 0.0293906 0.0291667
0 0.201609 0.955344 0.0395 0.0278958
0 0.0363828 0.841042 0.0399531 0.0190417
0 0.350516 0.519021 0.0119688 0.034125
0 0.723555 0.577698 0.00864063 0.0181875
0 0.384109 0.708229 0.0300938 0.031375
0 0.446789 0.888552 0.0192031 0.0548125
0 0.794695 0.592635 0.0131719 0.0222292
0 0.476797 0.622917 0.0239375 0.0169583
0 0.382734 0.507698 0.0174687 0.0326458
0 0.150867 0.62401 0.0327656 0.0368542
0 0.505859 0.689823 0.034125 0.0373542
0 0.528391 0.742927 0.0122813 0.0543958
0 0.244609 0.66551 0.009 0.0493542
0 0.291867 0.86174 0.0165156 0.0276042
0 0.402758 0.517229 0.0218906 0.020625
0 0.662711 0.704875 0.00726563 0.0169583
0 0.762805 0.58825 0.00995313 0.00775
0 0.361273 0.460125 0.0188594 0.023125
0 0.271945 0.909042 0.0151406 0.049125
0 0.787008 0.680948 0.0299531 0.0211875
0 0.381719 0.795802 0.0229062 0.0593125
0 0.422953 0.868208 0.0267188 0.049625
0 0.0468203 0.715 0.0279531 0.0141667
0 0.195945 0.596427 0.0236406 0.0417292
0 0.135484 0.830063 0.0151562 0.0295
0 0.505719 0.757604 0.0139375 0.036375
0 0.352852 0.637073 0.0307969 0.0145208
0 0.373734 0.840385 0.0440938 0.0311042
0 0.179883 0.77325 0.0234531 0.04425
0 0.425672 0.652031 0.02575 0.0197708
0 0.341242 0.797479 0.0152656 0.03525
0 0.602953 0.816469 0.0155625 0.0163542
0 0.407102 0.533281 0.0148594 0.0145208
0 0.447703 0.583552 0.0409062 0.0238125
0 0.281039 0.868385 0.0129531 0.0310208
0 0.489195 0.535813 0.0175469 0.0291667
0 0.48025 0.748677 0.0221562 0.0291042
0 0.213742 0.492052 0.0233906 0.0129375
0 0.494141 0.767938 0.0114687 0.0133333
0 0.922305 0.694125 0.0304844 0.0127917
0 0.110953 0.803906 0.0179687 0.0494375
0 0.367484 0.768521 0.0387188 0.0240833
0 0.177258 0.62675 0.0272656 0.0205833
0 0.280484 0.678906 0.0415937 0.0346875
0 0.311117 0.584729 0.0182969 0.00745833
0 0.257578 0.515344 0.008375 0.0179375
0 0.145664 0.618802 0.0264531 0.0278542
0 0.286242 0.639146 0.0176406 0.021125
0 0.330891 0.482 0.0145313 0.0145417
0 0.293297 0.700208 0.0104375 0.0264167
0 0.221828 0.62899 0.0212812 0.0433542
0 0.0417031 0.75901 0.03175 0.0367708
0 0.214734 0.529667 0.018875 0.027125
0 0.423539 0.844448 0.0287031 0.0421042
0 0.761352 0.599063 0.00820313 0.011625
0 0.250094 0.751646 0.0128125 0.0341667
0 0.290664 0.524396 0.0356094 0.0111667
0 0.09225 0.830365 0.008875 0.0294375
0 0.327148 0.63501 0.0192656 0.0150208
0 0.924055 0.719156 0.0342969 0.0194375
0 0.237125 0.527312 0.0101563 0.0447083
0 0.27968 0.724448 0.0115156 0.0488542
0 0.526469 0.85926 0.0132188 0.0316458
0 0.646086 0.543229 0.0231406 0.0174583
0 0.407914 0.482323 0.00779687 0.0213125
0 0.112211 0.740292 0.0235781 0.0319583
0 0.272648 0.546938 0.0264531 0.0359583
0 0.684891 0.617771 0.0120938 0.0287083
0 0.606906 0.599948 0.0277813 0.0155208
0 0.855148 0.761385 0.0130469 0.0258958
0 0.210922 0.734792 0.0322188 0.047875
0 0.167 0.889573 0.03775 0.0281875
0 0.34082 0.864948 0.0437969 0.0434792
0 0.190648 0.914542 0.0477656 0.0414167
0 0.157234 0.650281 0.0309687 0.0203542
0 0.0221172 0.753656 0.0149531 0.0426458
0 0.159391 0.909937 0.0274687 0.0167917
0 0.53618 0.708323 0.0171094 0.0275208
0 0.557766 0.823385 0.0294063 0.0197292
0 0.366687 0.466917 0.0173125 0.017125
0 0.200195 0.785417 0.0104531 0.0294167
0 0.549297 0.800094 0.0139375 0.0152292
0 0.460289 0.872875 0.0113594 0.0473333
0 0.310859 0.796781 0.0380625 0.0509375
0 0.159266 0.746708 0.013625 0.03825
0 0.718195 0.709667 0.00842187 0.0217083
0 0.375984 0.619 0.018375 0.0356667
0 0.44575 0.626979 0.0215 0.039
0 0.230359 0.484552 0.01475 0.0117292
0 0.114281 0.715781 0.0339062 0.0160625
0 0.446859 0.67999 0.019625 0.0258542
0 0.588844 0.608135 0.008625 0.0182292
0 0.565367 0.670312 0.0166094 0.0482083
0 0.347484 0.665396 0.0376875 0.016875
0 0.38368 0.570594 0.00767187 0.0122708
0 0.785977 0.568823 0.0196094 0.0280625
0 0.656586 0.654312 0.0140469 0.0348333
0 0.766977 0.629625 0.0113594 0.0319167
0 0.449398 0.547417 0.0213594 0.03175
0 0.533031 0.570219 0.0286563 0.0188958
0 0.750625 0.55375 0.00578125 0.00945833
0 0.583633 0.684427 0.0306719 0.0363958
0 0.396 0.480146 0.01525 0.01925
0 0.90607 0.724833 0.0202344 0.0297083
0 0.276078 0.597437 0.0375625 0.0263333
0 0.795625 0.66551 0.0168437 0.0101875
0 0.572133 0.618406 0.0181719 0.0225625
0 0.188969 0.685073 0.0108438 0.0503958
0 0.231836 0.879938 0.0171094 0.025
0 0.313766 0.881094 0.0148437 0.0464375
0 0.347711 0.674385 0.0397031 0.0221875
0 0.0749531 0.815115 0.0245938 0.0529375
0 0.632758 0.786281 0.0154219 0.0150208
0 0.265742 0.888156 0.0193906 0.0565208
0 0.340469 0.845198 0.0341875 0.0535208
0 0.562727 0.880302 0.0303594 0.0148542
0 0.03525 0.856646 0.0365625 0.0209167
0 0.45325 0.718396 0.0212812 0.0362917
0 0.369055 0.820448 0.0424844 0.0361042
0 0.156437 0.66224 0.0344375 0.0286875
0 0.171117 0.568115 0.0198594 0.0110625
0 0.698609 0.709292 0.0233437 0.0355
0 0.284562 0.451552 0.0114687 0.0306875
0 0.328227 0.721083 0.0377656 0.0192917
0 0.271711 0.469052 0.0142969 0.0205625
0 0.292336 0.472375 0.0137656 0.0102917
0 0.00766406 0.746354 0.0153281 0.0407083
0 0.432859 0.706896 0.0203125 0.029875
0 0.0894687 0.797344 0.0342812 0.0514375
0 0.505719 0.705688 0.0429688 0.0377917
0 0.165281 0.675646 0.0262188 0.0482917
0 0.269383 0.670615 0.0337969 0.0462292
0 0.413477 0.6875 0.0225156 0.0166667
0 0.149977 0.747594 0.0166719 0.0419375
0 0.24193 0.569656 0.0209531 0.0200625
0 0.640516 0.796531 0.0116875 0.0151875
0 0.641984 0.809208 0.012875 0.0131667
0 0.583391 0.620448 0.0168125 0.0239792
0 0.293273 0.513323 0.0423906 0.0187708
0 0.568805 0.83151 0.0166406 0.0216042
0 0.189789 0.930021 0.0475781 0.0450417
0 0.371883 0.50276 0.0277969 0.0283125
0 0.270422 0.745396 0.010375 0.0473333
0 0.688266 0.57476 0.00665625 0.0148958
0 0.387992 0.640479 0.0211719 0.0190417
0 0.755031 0.569667 0.0103125 0.0146667
0 0.841852 0.648677 0.0136406 0.0280625
0 0.458648 0.79874 0.0320156 0.0283958
0 0.0328516 0.746396 0.0168906 0.0292083
0 0.327219 0.685875 0.017875 0.00966667
0 0.0579766 0.76225 0.0223281 0.033625
0 0.390586 0.545021 0.0235469 0.0322083
0 0.744922 0.621708 0.019 0.031375
0 0.579242 0.849833 0.00960937 0.010625
0 0.343492 0.91099 0.0140469 0.0476042
0 0.830711 0.62224 0.0130156 0.0230208
0 0.311672 0.76049 0.00871875 0.0341875
0 0.68275 0.685896 0.0169063 0.021125
0 0.245172 0.472188 0.011125 0.0189583
0 0.0941094 0.708604 0.0109375 0.0390833
0 0.816523 0.708927 0.0256406 0.0222708
0 0.353195 0.528792 0.0260156 0.0310833
0 0.445633 0.704542 0.0276406 0.02975
0 0.259125 0.61725 0.0307812 0.0132083
0 0.305492 0.61674 0.00754687 0.0318125
0 0.0108281 0.664167 0.0155312 0.056375
0 0.331055 0.520271 0.0305781 0.0375
0 0.476516 0.842208 0.0265312 0.0242083
0 0.531953 0.700625 0.0148437 0.0327083
0 0.215453 0.47999 0.0177813 0.0104792
0 0.457031 0.486042 0.005125 0.013625
0 0.357516 0.595635 0.0419375 0.0266875
0 0.12775 0.621333 0.01 0.0175
0 0.0517109 0.651771 0.0163594 0.0234167
0 0.338992 0.744437 0.0204531 0.0242083
0 0.859203 0.748885 0.0105938 0.0315625
0 0.489711 0.66499 0.0313906 0.0492708
0 0.872289 0.715792 0.0125781 0.0302917
0 0.508758 0.807542 0.0290469 0.0282083
0 0.625375 0.773125 0.0185625 0.0159583
0 0.190938 0.836094 0.0244688 0.0326042
0 0.108352 0.668031 0.0262969 0.0163958
0 0.520586 0.464885 0.0112656 0.0173958
0 0.0335 0.799406 0.0115625 0.0115625
0 0.629172 0.716448 0.022 0.0180625
0 0.56632 0.596167 0.0117031 0.01625
0 0.417484 0.564229 0.0312812 0.03225
0 0.260172 0.465135 0.00971875 0.0280625
0 0.472609 0.818167 0.0174063 0.0293333
0 0.251289 0.449865 0.00517188 0.0107292
0 0.118906 0.871313 0.0153125 0.0282917
0 0.181047 0.502396 0.0156563 0.0125
0 0.922492 0.738208 0.0162656 0.0124167
0 0.211094 0.562865 0.0234375 0.0266875
0 0.188906 0.888969 0.037375 0.0178958
0 0.814672 0.594885 0.0140313 0.0361875
0 0.818719 0.693875 0.0256563 0.0130833
0 0.408055 0.648656 0.0238594 0.0174375
0 0.200992 0.72924 0.0371719 0.0517292
0 0.0789219 0.670552 0.0294063 0.0242292
0 0.331617 0.706271 0.0372031 0.024125
0 0.0745625 0.718333 0.029625 0.0169583
0 0.286922 0.898552 0.0170937 0.0529792
0 0.401125 0.591938 0.0139687 0.03475
0 0.677031 0.623979 0.0109687 0.0205417
0 0.354617 0.578552 0.0451719 0.0186458
0 0.308266 0.923323 0.018625 0.0582708
0 0.424508 0.561469 0.0210469 0.0272292
0 0.879945 0.683281 0.0113594 0.0280625
0 0.299398 0.492323 0.0344844 0.0280625
0 0.166094 0.522635 0.0109687 0.0106875
0 0.167117 0.867302 0.0371406 0.0364375
0 0.407469 0.566281 0.0194375 0.0267292
0 0.13825 0.583885 0.0176875 0.0218958
0 0.409141 0.713948 0.02875 0.0201875
0 0.484852 0.861865 0.0208594 0.0324792
0 0.600164 0.703406 0.0179844 0.0179792
0 0.40882 0.724375 0.0320156 0.0169167
0 0.340328 0.474854 0.0111562 0.0113333
0 0.145164 0.851313 0.0189844 0.031125
0 0.260531 0.80399 0.023125 0.0298542
0 0.114406 0.841729 0.0154375 0.0275
0 0.627344 0.822208 0.0344062 0.0172083
0 0.413961 0.51224 0.0188594 0.0075625
0 0.0173828 0.669531 0.0235469 0.0561458
0 0.820688 0.68651 0.0274063 0.0133958
0 0.0617578 0.897177 0.0480156 0.0140625
0 0.353742 0.561917 0.0281406 0.0200833
0 0.211258 0.62075 0.0355156 0.0465
0 0.323883 0.533365 0.0131406 0.00639583
0 0.391922 0.67174 0.0229375 0.0198125
0 0.376422 0.856063 0.0411562 0.0295833
0 0.643883 0.736531 0.0163281 0.0140208
0 0.0881484 0.651271 0.0132344 0.01675
0 0.0990781 0.620198 0.0146563 0.0239375
0 0.421578 0.617333 0.0149687 0.0224167
0 0.068 0.686229 0.02025 0.0195417
0 0.505102 0.696792 0.0387969 0.0362083
0 0.010625 0.799208 0.0110625 0.0469583
0 0.604055 0.85524 0.0205156 0.0261875
0 0.282656 0.605094 0.0375625 0.0359375
0 0.303133 0.481677 0.0177344 0.0108542
0 0.230063 0.581927 0.0172813 0.0331042
0 0.526258 0.528969 0.00960937 0.0306458
0 0.820945 0.676438 0.0230469 0.0131667
0 0.33282 0.892229 0.0195781 0.0443333
0 0.386867 0.724281 0.0293281 0.0148542
0 0.389156 0.743167 0.0314375 0.0166667
0 0.879984 0.70974 0.0114375 0.0219792
0 0.241969 0.452562 0.00878125 0.0166667
0 0.556852 0.590583 0.0124531 0.010875
0 0.245352 0.807646 0.0258281 0.0194167
0 0.569328 0.743417 0.0361563 0.0248333
0 0.152062 0.846292 0.0255937 0.0233333
0 0.448789 0.623062 0.0196094 0.02975
0 0.860047 0.67799 0.0145625 0.0248542
0 0.0688125 0.856469 0.0389062 0.0265625
0 0.234695 0.845385 0.0479219 0.0184375
0 0.41182 0.753042 0.0236094 0.016
0 0.715625 0.538156 0.0086875 0.0211458
0 0.271078 0.503437 0.0181875 0.008875
0 0.00936719 0.752677 0.0151406 0.0510208
0 0.777367 0.626875 0.0147656 0.0330417
0 0.0823672 0.624281 0.00807813 0.0115625
0 0.254805 0.463771 0.0130156 0.0214583
0 0.264594 0.668146 0.0295312 0.049
0 0.636781 0.633167 0.0182187 0.0250833
0 0.863125 0.681417 0.00971875 0.0269583
0 0.18582 0.483167 0.0117656 0.0255833
0 0.328875 0.755792 0.02175 0.022625
0 0.322836 0.676135 0.0177656 0.0187292
0 0.837508 0.729094 0.00735937 0.0262708
0 0.237445 0.891448 0.0266406 0.0244792
0 0.133664 0.866687 0.00660938 0.020625
0 0.57443 0.602021 0.0114531 0.013625
0 0.217625 0.695177 0.0338125 0.0211458
0 0.484852 0.614896 0.0263594 0.0173333
0 0.284359 0.701302 0.00778125 0.0169375
0 0.637813 0.763312 0.018375 0.0155833
0 0.0173281 0.883979 0.01425 0.0374167
0 0.182594 0.584844 0.0198125 0.0346875
0 0.832156 0.705896 0.00653125 0.0120417
0 0.497445 0.632385 0.0236094 0.0196458
0 0.130141 0.727792 0.0259375 0.0273333
0 0.228883 0.467208 0.0228906 0.0184583
0 0.50393 0.514635 0.0271406 0.0166875
0 0.0246719 0.670646 0.02875 0.0471667
0 0.311914 0.653187 0.0260469 0.019125
0 0.463828 0.695292 0.0176875 0.0336667
0 0.0871641 0.779583 0.0386094 0.052625
0 0.352219 0.781135 0.0266562 0.0568958
0 0.692625 0.59174 0.00959375 0.0305625
0 0.616547 0.757979 0.0164687 0.0159583
0 0.174008 0.598792 0.0181719 0.0407083
0 0.111477 0.865531 0.0116406 0.0200625
0 0.316977 0.667667 0.0230469 0.021125
0 0.205117 0.666083 0.0196406 0.0225
0 0.259875 0.719594 0.020875 0.0428542
0 0.381391 0.882781 0.0175625 0.0231042
0 0.170734 0.501969 0.00703125 0.0227708
0 0.162766 0.479094 0.0196563 0.0195625
0 0.726672 0.553583 0.0100625 0.0204583
0 0.60725 0.737354 0.016125 0.0225
0 0.230195 0.673958 0.0210781 0.0372083
0 0.438297 0.513573 0.0305625 0.0203542
0 0.487227 0.779865 0.0256094 0.0176042
0 0.503242 0.721948 0.0435781 0.0327292
0 0.504398 0.50199 0.0113906 0.0147708
0 0.802102 0.566385 0.0194531 0.0243125
0 0.070625 0.903281 0.0514063 0.0437708
0 0.257883 0.876406 0.0270469 0.0477708
0 0.543117 0.514333 0.0156406 0.0162917
0 0.0325625 0.870542 0.0328437 0.02725
0 0.178945 0.794615 0.0220156 0.0388958
0 0.610211 0.62974 0.0167031 0.0327708
0 0.777352 0.56274 0.0150469 0.0278958
0 0.42407 0.7735 0.0370469 0.03825
0 0.471953 0.506219 0.01775 0.0294375
0 0.848023 0.650073 0.0157031 0.0251875
0 0.481336 0.821729 0.0120156 0.0337917
0 0.0475 0.704604 0.041 0.0200417
0 0.321141 0.476219 0.0141563 0.0145625
0 0.149922 0.498437 0.0122813 0.0215417
0 0.193625 0.676073 0.0160313 0.0416875
0 0.3855 0.534229 0.02825 0.0263333
0 0.420242 0.584146 0.0212969 0.0307083
0 0.334117 0.71724 0.0283281 0.0135208
0 0.110328 0.841646 0.0206563 0.026125
0 0.700211 0.595896 0.00892187 0.0259167
0 0.222281 0.510073 0.0137813 0.0211875
0 0.85168 0.657771 0.0156719 0.020875
0 0.492313 0.674542 0.0245625 0.040375
0 0.467406 0.81201 0.0202188 0.0230208
0 0.130648 0.661833 0.0163594 0.0334167
0 0.671453 0.694448 0.010875 0.0111042
0 0.529875 0.55826 0.0186875 0.0080625
0 0.706461 0.569375 0.00557812 0.00716667
0 0.364375 0.720583 0.0105313 0.038125
0 0.571328 0.734812 0.0344375 0.026125
0 0.248063 0.727365 0.0165625 0.0412708
0 0.158906 0.568354 0.0274687 0.0102083
0 0.230375 0.743344 0.0140313 0.0366042
0 0.810656 0.724292 0.00825 0.0209167
0 0.85857 0.669865 0.0160156 0.0213125
0 0.0704687 0.636406 0.0175625 0.0145625
0 0.411234 0.881823 0.014875 0.0630208
0 0.114898 0.749573 0.0182656 0.0176042
0 0.253242 0.559187 0.0185781 0.0401667
0 0.501234 0.673969 0.0260625 0.0503958
0 0.138734 0.473771 0.017375 0.016375
0 0.311188 0.413115 0.0240938 0.0181875
0 0.666047 0.573458 0.00575 0.015375
0 0.782117 0.69226 0.0174219 0.0173125
0 0.204445 0.585417 0.0259219 0.0393333
0 0.249555 0.912146 0.00879687 0.00970833
0 0.846523 0.726667 0.00760937 0.0158333
0 0.568844 0.740229 0.0349375 0.0213333
0 0.232156 0.470177 0.0185625 0.0127708
0 0.601484 0.658031 0.00928125 0.00989583
0 0.488039 0.483521 0.0162031 0.0186667
0 0.0726094 0.867615 0.029375 0.0276042
0 0.51107 0.585875 0.00948437 0.03
0 0.273656 0.634792 0.0332188 0.0327917
0 0.59893 0.82801 0.0166719 0.0157708
0 0.727008 0.743948 0.0167969 0.0346458
0 0.682719 0.587437 0.0127188 0.0302917
0 0.652266 0.675396 0.0148125 0.015
0 0.541742 0.644219 0.0337031 0.0190625
0 0.580195 0.673677 0.0273281 0.0412292
0 0.197305 0.936333 0.0390156 0.034375
0 0.617016 0.716865 0.0173125 0.0188958
0 0.298445 0.552167 0.0198594 0.0122083
0 0.477563 0.66025 0.0309063 0.044
0 0.333336 0.940823 0.0141094 0.0200208
0 0.473063 0.765229 0.0233437 0.027125
0 0.398141 0.655094 0.0257812 0.0166875
0 0.370977 0.750281 0.0380156 0.0246042
0 0.197133 0.622875 0.0397031 0.0362917
0 0.581641 0.644052 0.016625 0.0130208
0 0.52932 0.579823 0.0212344 0.0282292
0 0.433773 0.745365 0.0272344 0.0147708
0 0.254836 0.923979 0.0173906 0.0162917
0 0.675164 0.670167 0.0232656 0.0394583
0 0.79607 0.619156 0.0224531 0.0118958
0 0.392086 0.493167 0.0190156 0.0164583
0 0.540039 0.613146 0.0131406 0.02
0 0.820219 0.656979 0.0191562 0.0131667
0 0.724156 0.590594 0.008375 0.00797917
0 0.0231406 0.79951 0.019625 0.0465208
0 0.355836 0.48351 0.0152656 0.0166042
0 0.526938 0.624448 0.0120625 0.0233125
0 0.312508 0.604146 0.0302344 0.039875
0 0.745977 0.596094 0.0111406 0.00672917
0 0.242102 0.905729 0.0206094 0.0238333
0 0.199086 0.670531 0.0206406 0.0331042
0 0.205484 0.530406 0.00865625 0.0208958
0 0.441469 0.493094 0.02625 0.0332708
0 0.268125 0.719396 0.014875 0.0346667
0 0.24982 0.938406 0.0136094 0.0156875
0 0.32232 0.893 0.0110469 0.043875
