1 0.756929 0.79875 0.114646 0.104031
1 0.794862 0.726406 0.111693 0.109438
1 0.568307 0.751945 0.17248 0.127953
1 0.677421 0.748352 0.118031 0.126547
2 0.436663 0.300164 0.0449016 0.0215469
2 0.808199 0.498305 0.0947441 0.0494531
2 0.699862 0.445383 0.11689 0.0947031
2 0.398307 0.554734 0.110315 0.0637812
2 0.7306 0.534289 0.0599409 0.0421406
2 0.59186 0.461391 0.112067 0.0956562
2 0.398474 0.669727 0.0890354 0.0763594
2 0.570719 0.60857 0.179823 0.0778281
2 0.469823 0.474867 0.0659449 0.115109
