1 0.571711 0.399021 0.0293594 0.0338333
1 0.147609 0.298927 0.0650625 0.0606875
1 0.495289 0.358927 0.0368594 0.0432708
1 0.20925 0.770417 0.0770312 0.0906667
1 0.732719 0.329927 0.0464375 0.0482708
1 0.591969 0.375927 0.042 0.0469375
1 0.176594 0.6935 0.0520625 0.09625
1 0.703945 0.542615 0.0648906 0.0829792
1 0.150164 0.760719 0.0564219 0.0669792
1 0.127492 0.408979 0.0437656 0.0576667
1 0.732383 0.250604 0.0546094 0.0594583
1 0.358969 0.602396 0.0412187 0.0443333
1 0.117398 0.355792 0.0545469 0.07025
1 0.165297 0.343583 0.0645938 0.0642083
1 0.742602 0.29474 0.0391719 0.0390625
1 0.701711 0.353885 0.0419219 0.0441042
1 0.529406 0.332208 0.0256875 0.0552083
1 0.482836 0.305219 0.0439844 0.0667292
1 0.693555 0.219771 0.0361719 0.0470417
1 0.251063 0.723833 0.0614375 0.131583
1 0.669117 0.34449 0.0332969 0.0508125
1 0.620906 0.3555 0.04 0.0515833
1 0.505984 0.335552 0.0341562 0.0533125
1 0.337438 0.563771 0.0533125 0.0603333
1 0.520797 0.371531 0.0224375 0.0276458
1 0.212961 0.696427 0.0441719 0.0843125
1 0.176391 0.404062 0.07825 0.0693333
