2 0.342973 0.74991 0.03432 0.04162
2 0.86944 0.73485 0.0700267 0.04466
2 0.63276 0.67255 0.06472 0.04562
2 0.67288 0.82032 0.08192 0.06332
2 0.318147 0.75315 0.0766133 0.04106
2 0.387773 0.80074 0.03448 0.03472
2 0.445013 0.74219 0.0296533 0.03938
2 0.664187 0.77671 0.07824 0.04058
2 0.49824 0.77723 0.0409067 0.04566
2 0.806027 0.70166 0.0519467 0.03564
2 0.789067 0.6781 0.0560533 0.03332
2 0.905907 0.77905 0.0628533 0.04702
2 0.61968 0.7073 0.0635733 0.03256
2 0.440667 0.79339 0.0844267 0.04974
2 0.34664 0.80901 0.07616 0.05394
2 0.376707 0.737 0.042 0.03216
2 0.41116 0.83296 0.08904 0.0372
2 0.599 0.77064 0.06392 0.04744
2 0.54704 0.73628 0.0611733 0.0346
2 0.539427 0.7692 0.06472 0.04912
2 0.571747 0.80145 0.0292 0.0189
2 0.832547 0.7695 0.0617333 0.03572
2 0.816387 0.81536 0.105093 0.06684
2 0.599067 0.82094 0.07264 0.05796
2 0.873347 0.80103 0.0492 0.0359
2 0.68428 0.7474 0.0623733 0.03392
2 0.4038 0.75446 0.082 0.06204
2 0.759573 0.75073 0.0866667 0.0477
2 0.766413 0.83929 0.04232 0.02978
2 0.540733 0.70525 0.0457867 0.03718
2 0.56696 0.72936 0.04272 0.03872
2 0.512133 0.73571 0.0376533 0.03802
2 0.62164 0.73013 0.0700533 0.04794
2 0.743253 0.79623 0.08096 0.0647
2 0.69176 0.67979 0.0536533 0.03882
2 0.681413 0.71001 0.0675733 0.04938
2 0.749627 0.69218 0.0614933 0.03616
2 0.53048 0.68911 0.0365867 0.02646
2 0.834453 0.69651 0.03312 0.02698
2 0.502827 0.84548 0.09184 0.0326
2 0.474187 0.82415 0.05056 0.04358
2 0.39292 0.71572 0.02344 0.0168
2 0.707867 0.74308 0.0261333 0.02596
2 0.825493 0.75231 0.04512 0.01538
2 0.701267 0.67269 0.0632267 0.03462
2 0.62704 0.80077 0.0235733 0.01334
2 0.875693 0.76833 0.05144 0.03202
2 0.591733 0.66517 0.0272 0.0143
2 0.911973 0.75364 0.0310933 0.01744
2 0.674 0.85498 0.0218667 0.00872
2 0.79544 0.72258 0.0674133 0.052
2 0.477267 0.74329 0.0649333 0.04378
2 0.51076 0.70813 0.0246133 0.0223
2 0.562067 0.84771 0.0419467 0.03202
2 0.47328 0.70088 0.0682133 0.0498
2 0.80148 0.77964 0.0588533 0.0346
2 0.528693 0.81034 0.07952 0.052
2 0.422973 0.70835 0.0500533 0.04866
2 0.854467 0.72811 0.0529867 0.04062
2 0.717493 0.83897 0.0758933 0.03794
2 0.650653 0.69385 0.0285067 0.01642
2 0.734147 0.71475 0.0574133 0.04334
2 0.46024 0.77003 0.04032 0.02258
2 0.503467 0.6918 0.01504 0.01384
2 0.467173 0.67513 0.05888 0.02222
2 0.618773 0.85234 0.08432 0.02572
2 0.32332 0.79406 0.0814133 0.04764
2 0.57688 0.68889 0.0645867 0.04846
2 0.74028 0.67166 0.0215733 0.01308
