0 0.0272891 0.52575 0.0178906 0.04275
0 0.462391 0.408719 0.020375 0.0261458
0 0.665891 0.421021 0.0158438 0.0374167
0 0.412484 0.560073 0.00884375 0.0388125
0 0.0209922 0.52775 0.0170156 0.0370833
0 0.2395 0.500625 0.00884375 0.0412917
0 0.401727 0.559104 0.0116719 0.039625
0 0.466023 0.409958 0.0166406 0.025125
0 0.634133 0.496719 0.0103906 0.0369375
0 0.469805 0.520437 0.0232656 0.0305
0 0.062625 0.427281 0.0214375 0.0469375
0 0.677375 0.417167 0.0160625 0.043125
0 0.671578 0.420375 0.0148125 0.0451667
0 0.0735781 0.516583 0.00596875 0.0286667
0 0.682023 0.415021 0.0146406 0.036375
0 0.474742 0.405458 0.0166094 0.0380417
0 0.0384453 0.431031 0.0155781 0.0456458
0 0.0546406 0.423021 0.01825 0.0497083
0 0.0556563 0.504625 0.01 0.04
0 0.414703 0.557875 0.0119063 0.0424167
0 0.0371016 0.527177 0.0152031 0.0389792
0 0.646781 0.492406 0.0126875 0.0256875
0 0.411414 0.469792 0.0186406 0.0425833
0 0.482078 0.522854 0.0142187 0.044875
0 0.639984 0.492437 0.0117188 0.0289583
0 0.0687969 0.507031 0.011 0.0380208
0 0.23382 0.500104 0.00717187 0.0432083
0 0.0355937 0.434313 0.013125 0.0443333
0 0.244484 0.492031 0.0126875 0.0371875
0 0.466953 0.541156 0.0113437 0.0141875
