0 0.51369 0.692402 0.0197 0.0645646
0 0.66771 0.781802 0.01946 0.0376577
0 0.15113 0.775075 0.05882 0.064024
0 0.22744 0.596306 0.02092 0.0362763
0 0.41665 0.657688 0.0283 0.0666667
0 0.11591 0.686351 0.02066 0.0185886
0 0.37215 0.577072 0.02562 0.0294595
0 0.64018 0.92039 0.04852 0.0886486
0 0.61565 0.649474 0.03802 0.0856757
0 0.16402 0.901892 0.03636 0.128048
0 0.4703 0.917462 0.033 0.055045
0 0.16557 0.688994 0.0743 0.0701802
0 0.37727 0.649384 0.0613 0.0620721
0 0.42032 0.891967 0.02024 0.057988
0 0.98486 0.66527 0.02904 0.113303
0 0.2932 0.67006 0.03572 0.072012
0 0.14502 0.67482 0.05244 0.0626126
0 0.71316 0.708078 0.05208 0.0844444
0 0.15348 0.848258 0.01652 0.0294294
0 0.77815 0.712913 0.0235 0.0805405
0 0.57871 0.872267 0.02958 0.113604
0 0.93344 0.723423 0.06348 0.173514
0 0.62694 0.878829 0.04312 0.097958
0 0.03895 0.715075 0.0393 0.063003
0 0.06999 0.62545 0.0281 0.0275976
0 0.4367 0.704895 0.0486 0.104985
0 0.8104 0.696517 0.03808 0.0601201
0 0.70367 0.661967 0.01818 0.0263363
0 0.3961 0.88964 0.043 0.100721
0 0.60929 0.912432 0.03718 0.0963964
0 0.93458 0.638198 0.06948 0.0596396
0 0.05692 0.659925 0.02904 0.0386486
0 0.37913 0.612327 0.0305 0.0366066
0 0.82474 0.761907 0.0344 0.0902402
0 0.59174 0.958303 0.02272 0.0802703
0 0.50935 0.633739 0.04462 0.0889189
0 0.3056 0.708769 0.0254 0.0499099
0 0.64113 0.704369 0.0261 0.0807508
0 0.57976 0.620435 0.03056 0.110661
0 0.32253 0.683664 0.02666 0.0312913
0 0.60732 0.711246 0.04688 0.0455556
0 0.32769 0.627087 0.03738 0.0371772
0 0.18615 0.64497 0.0469 0.0429129
0 0.37402 0.698859 0.05916 0.098979
0 0.4696 0.75452 0.03868 0.156787
0 0.25132 0.726577 0.05076 0.0618018
0 0.35527 0.556922 0.02242 0.0487387
0 0.53298 0.669009 0.03412 0.15994
0 0.31457 0.651577 0.03114 0.0309009
0 0.16399 0.627523 0.0341 0.0303604
0 0.04144 0.642042 0.03404 0.0360961
0 0.45889 0.862793 0.03762 0.0601802
0 0.12085 0.730961 0.0569 0.0733333
0 0.08384 0.771021 0.01676 0.066006
0 0.19527 0.702162 0.02062 0.0266066
0 0.65576 0.900511 0.02396 0.0314114
0 0.05023 0.776366 0.04998 0.0357958
0 0.33098 0.596997 0.03908 0.0436637
0 0.43683 0.84012 0.03162 0.0636036
0 0.44479 0.942117 0.0261 0.0712012
0 0.10454 0.592057 0.02148 0.0223123
0 0.09146 0.71527 0.02136 0.0645345
0 0.54878 0.877087 0.02808 0.123664
0 0.2429 0.702012 0.03972 0.0815015
0 0.42058 0.803453 0.05776 0.0965766
0 0.25224 0.841667 0.05392 0.057027
0 0.88832 0.674414 0.04504 0.048048
0 0.11466 0.833694 0.02064 0.0393393
0 0.20752 0.60961 0.02124 0.0296096
0 0.79753 0.741321 0.02398 0.0852853
0 0.90326 0.736667 0.058 0.176997
0 0.08906 0.720511 0.0474 0.0332132
0 0.24921 0.611021 0.03806 0.044024
0 0.44734 0.892853 0.02932 0.0693694
0 0.4736 0.8447 0.0128 0.0433934
0 0.05011 0.741066 0.01806 0.0313213
0 0.26556 0.655135 0.04684 0.0584384
0 0.45374 0.763799 0.0426 0.0517417
0 0.97096 0.725856 0.05076 0.145225
0 0.09391 0.627898 0.02514 0.048048
0 0.49031 0.737312 0.06022 0.0986486
0 0.11132 0.867958 0.01864 0.0378378
0 0.73751 0.717462 0.0365 0.106216
0 0.61426 0.568844 0.06796 0.0585285
0 0.28824 0.750225 0.0192 0.0454955
0 0.50809 0.66461 0.03098 0.0874174
0 0.84952 0.758048 0.02152 0.0398799
0 0.2384 0.795886 0.03304 0.0243243
0 0.77016 0.655225 0.03108 0.0466667
0 0.70402 0.756757 0.02372 0.0698498
0 0.59846 0.7553 0.02456 0.110721
0 0.4836 0.941832 0.02648 0.0831832
0 0.28993 0.781907 0.0359 0.0444745
0 0.62686 0.634129 0.0698 0.103213
0 0.85315 0.702688 0.05146 0.0733033
0 0.0138 0.646712 0.0262 0.0303604
0 0.39929 0.577342 0.03298 0.0337838
0 0.02394 0.701051 0.04324 0.0652853
0 0.48012 0.753589 0.01704 0.0617718
0 0.11334 0.622462 0.0234 0.033994
0 0.6747 0.685165 0.00988 0.0413213
0 0.8454 0.663198 0.04672 0.0625526
0 0.06936 0.686727 0.02716 0.0510511
0 0.47257 0.677613 0.06874 0.0887387
