0 0.301461 0.52354 0.0259844 0.0489953
0 0.619828 0.0760397 0.0786563 0.0582477
0 0.690813 0.223061 0.0345312 0.15771
0 0.510586 0.277512 0.108891 0.124603
0 0.759102 0.0880491 0.0716406 0.131051
0 0.878516 0.463914 0.0680313 0.0765187
0 0.967945 0.029521 0.0427969 0.0590421
0 0.421523 0.476542 0.0157031 0.0561682
0 0.397687 0.406846 0.0185 0.0585981
0 0.678703 0.0857009 0.0418125 0.0650467
0 0.532062 0.309568 0.111563 0.124696
0 0.306961 0.405093 0.0282969 0.0280841
0 0.537352 0.401928 0.0683594 0.0496495
0 0.788883 0.157617 0.0419219 0.0626168
0 0.588203 0.564217 0.0207188 0.0276402
0 0.791 0.1066 0.0577187 0.126986
0 0.762055 0.568586 0.0598281 0.048715
0 0.716258 0.272535 0.0183906 0.0876402
0 0.718523 0.228703 0.0567969 0.159836
0 0.826242 0.0504439 0.0446406 0.0957477
0 0.515859 0.371098 0.0630313 0.0693925
0 0.860547 0.527769 0.036875 0.0626869
0 0.448859 0.386694 0.0266875 0.0990421
0 0.335586 0.568586 0.0190156 0.031472
0 0.593156 0.134953 0.105906 0.0885047
0 0.808211 0.493598 0.0387656 0.111589
0 0.458891 0.230093 0.0111875 0.0163551
0 0.430836 0.377523 0.0512344 0.088271
0 0.47725 0.430093 0.0322812 0.104813
0 0.564141 0.565432 0.0295938 0.0265187
0 0.555562 0.247722 0.0875313 0.0995561
0 0.687945 0.0277336 0.0545781 0.0554673
0 0.35482 0.497629 0.0276406 0.0383411
0 0.311602 0.485829 0.0492031 0.0396963
0 0.586945 0.598388 0.0202656 0.0366822
0 0.653445 0.0354556 0.0281094 0.0631075
0 0.399625 0.462044 0.0181875 0.0604907
0 0.40793 0.357161 0.0608906 0.0635748
0 0.561484 0.438329 0.0649375 0.0654439
0 0.833969 0.420257 0.0305 0.041215
0 0.562156 0.19903 0.0899375 0.0735748
0 0.92007 0.0141589 0.0482344 0.028271
0 0.828609 0.494369 0.0314063 0.103318
0 0.559063 0.120362 0.0744062 0.095771
0 0.570516 0.0794393 0.0575312 0.053785
0 0.554156 0.0513318 0.025375 0.0401869
0 0.541664 0.0937266 0.0511719 0.066285
0 0.347836 0.350759 0.0408906 0.0360047
0 0.587844 0.37153 0.101875 0.101752
0 0.813617 0.493493 0.0279219 0.111565
0 0.492914 0.172839 0.0299531 0.0376402
0 0.339031 0.342103 0.0439375 0.0376636
0 0.591914 0.0300467 0.100859 0.0600935
0 0.282422 0.513072 0.02875 0.0296495
0 0.581445 0.323002 0.0860469 0.121752
0 0.694148 0.301706 0.0320469 0.111121
0 0.408055 0.339895 0.0788281 0.0547897
0 0.884508 0.500269 0.0496406 0.0775
0 0.317914 0.378096 0.0254219 0.0425935
0 0.686852 0.601799 0.0235469 0.0581308
0 0.6615 0.192512 0.0480312 0.143481
0 0.640602 0.24278 0.0357969 0.158364
0 0.376875 0.448353 0.0191562 0.102921
0 0.659031 0.366238 0.0440625 0.107477
0 0.804469 0.434322 0.0336562 0.0425701
0 0.849398 0.472301 0.0466094 0.0772196
0 0.447492 0.43896 0.0278906 0.0928271
0 0.617836 0.209556 0.0633906 0.118832
0 0.781445 0.428201 0.0357344 0.0602804
0 0.87332 0.413189 0.0588906 0.0530607
0 0.480305 0.370374 0.0464844 0.0759346
0 0.663141 0.293785 0.0375313 0.111121
0 0.63743 0.128598 0.0666094 0.0935047
0 0.336023 0.466671 0.0202031 0.0305841
0 0.437539 0.474533 0.0134219 0.0317757
0 0.353078 0.44646 0.024875 0.0739019
0 0.703195 0.131998 0.0411094 0.0385748
0 0.666102 0.605829 0.0247969 0.0568458
0 0.313578 0.411086 0.00975 0.0194159
0 0.578398 0.293563 0.0855469 0.103668
0 0.647266 0.366904 0.0568125 0.126799
0 0.483961 0.147932 0.0372969 0.0336215
0 0.324453 0.520082 0.022875 0.0473131
0 0.788484 0.0381425 0.0531875 0.0754439
0 0.569813 0.606624 0.0244375 0.0470794
0 0.555008 0.607535 0.0372969 0.0413318
0 0.842562 0.37743 0.0434688 0.0433178
0 0.418945 0.419755 0.0345156 0.0845561
0 0.476859 0.202991 0.024375 0.025
0 0.759109 0.527827 0.055125 0.0542523
0 0.517359 0.202956 0.0537813 0.0961916
0 0.70368 0.0368808 0.0397344 0.0737617
0 0.934937 0.0312266 0.0623125 0.0603037
0 0.844586 0.548271 0.0247656 0.0379907
0 0.579531 0.546402 0.044125 0.0281308
0 0.290617 0.431939 0.0381719 0.036729
0 0.345539 0.530502 0.0254531 0.0382944
0 0.807273 0.392582 0.0301719 0.0543224
0 0.876398 0.0239136 0.0397656 0.0429673
0 0.828172 0.12382 0.0383437 0.117921
0 0.30043 0.568528 0.0232656 0.0426636
