0 0.725153 0.352813 0.089554 0.0715313
0 0.346561 0.426133 0.165094 0.0794844
0 0.640094 0.326906 0.132676 0.111969
0 0.469941 0.666531 0.167629 0.0589063
0 0.792418 0.349789 0.0833333 0.0560156
0 0.466373 0.363812 0.0853756 0.127312
0 0.5225 0.192258 0.101338 0.154547
0 0.537582 0.288984 0.0869014 0.127406
0 0.393275 0.579781 0.159648 0.0624062
0 0.422148 0.69443 0.122887 0.0472031
0 0.783791 0.629914 0.146268 0.0617969
0 0.333474 0.299758 0.0439906 0.107828
0 0.810469 0.677609 0.116056 0.0284687
0 0.732723 0.506055 0.166103 0.122953
0 0.437899 0.622953 0.145892 0.0469062
0 0.539812 0.3485 0.0746948 0.132
0 0.764413 0.176391 0.0855869 0.0525625
0 0.716174 0.315148 0.0925822 0.0583594
0 0.802195 0.399289 0.137207 0.0755781
0 0.542324 0.612766 0.133239 0.105719
0 0.651315 0.621805 0.0811737 0.106734
0 0.530305 0.755266 0.0695775 0.0393437
0 0.403603 0.149398 0.119836 0.100547
0 0.886479 0.473016 0.0658685 0.04875
0 0.746197 0.225305 0.158826 0.112453
0 0.830552 0.563922 0.166268 0.0869687
0 0.625364 0.297625 0.0945305 0.0659375
0 0.485223 0.0978906 0.110822 0.174875
0 0.396573 0.53132 0.141972 0.110297
0 0.551538 0.0861406 0.0889437 0.110187
0 0.747876 0.560789 0.170258 0.0633594
0 0.409812 0.0861797 0.072723 0.123203
0 0.615516 0.670555 0.0922066 0.0785156
0 0.802946 0.65468 0.194812 0.0533906
0 0.62858 0.39657 0.160211 0.113922
0 0.914061 0.547297 0.0542723 0.0291875
0 0.803967 0.503023 0.133146 0.0773906
0 0.799683 0.696641 0.175986 0.0602812
0 0.380857 0.323031 0.0864085 0.11725
0 0.860798 0.438227 0.0950704 0.0542344
0 0.723415 0.612812 0.0950469 0.113656
0 0.892254 0.587875 0.143474 0.0603125
0 0.901702 0.632844 0.0327934 0.0195
0 0.756761 0.454398 0.1223 0.0679844
0 0.459061 0.304469 0.094554 0.114281
0 0.50358 0.526227 0.0851878 0.0792344
0 0.851925 0.409203 0.0716432 0.0252812
0 0.574354 0.480258 0.0867371 0.104609
0 0.470293 0.582555 0.0215728 0.0607656
0 0.565951 0.545586 0.108427 0.0898594
0 0.782441 0.740375 0.040892 0.02975
0 0.640094 0.172398 0.0765258 0.0492656
0 0.673028 0.20082 0.141455 0.131109
0 0.701256 0.405156 0.167394 0.0994687
0 0.399977 0.257109 0.0679343 0.0446875
0 0.772418 0.244352 0.152441 0.107641
0 0.438627 0.260422 0.086784 0.0818438
0 0.334272 0.539578 0.0262441 0.0295
0 0.791138 0.636156 0.17777 0.06825
0 0.795869 0.266641 0.0864319 0.0818438
0 0.621843 0.757398 0.128239 0.0927344
0 0.514354 0.453672 0.0893662 0.0938125
0 0.454824 0.494937 0.0698357 0.114688
0 0.777406 0.314953 0.0573944 0.0315312
0 0.346655 0.394172 0.155469 0.102469
0 0.909624 0.608961 0.0960094 0.0507656
0 0.665857 0.455031 0.105329 0.0964688
0 0.64466 0.51575 0.1073 0.124188
0 0.539871 0.692773 0.130681 0.0568906
0 0.852218 0.531156 0.0638732 0.0156563
0 0.372958 0.494359 0.127512 0.0740313
0 0.405223 0.386898 0.11669 0.102297
0 0.659977 0.747188 0.0903756 0.0815312
0 0.487289 0.753016 0.0908216 0.0844688
0 0.349343 0.162578 0.174507 0.0969688
0 0.35304 0.117727 0.087723 0.118141
