0 0.486781 0.361675 0.009875 0.00794195
0 0.554953 0.0315172 0.00696875 0.0134301
0 0.600125 0.425646 0.0128438 0.0402639
0 0.853383 0.818654 0.0192969 0.022058
0 0.815367 0.759551 0.0126406 0.056095
0 0.40425 0.0870712 0.0113437 0.051715
0 0.752094 0.343232 0.0095 0.0296834
0 0.524391 0.394578 0.0113437 0.0531135
0 0.883039 0.809011 0.0189219 0.0458839
0 0.669391 0.32967 0.0244688 0.0212929
0 0.906203 0.787599 0.0155625 0.0191557
0 0.606531 0.35033 0.0100313 0.0563852
0 0.504922 0.399828 0.0173125 0.0466755
0 0.639852 0.401293 0.00698437 0.0217942
0 0.744602 0.76 0.0335156 0.0223219
0 0.38382 0.102665 0.0132969 0.0396834
0 0.660094 0.363087 0.0162188 0.0643799
0 0.731594 0.373509 0.0310625 0.0465963
0 0.558266 0.40657 0.0215938 0.0524011
0 0.817609 0.692559 0.0221875 0.0258575
0 0.677102 0.425567 0.0272344 0.0682322
0 0.307984 0.128179 0.0099375 0.0294987
0 0.589805 0.394565 0.0215781 0.0643799
0 0.505133 0.386042 0.00301563 0.0138259
0 0.915016 0.802625 0.0111562 0.015277
0 0.880945 0.85496 0.0182344 0.046438
0 0.913086 0.655 0.0199531 0.0435092
0 0.531328 0.413931 0.0235313 0.0408443
0 0.316156 0.113931 0.0139687 0.0462269
0 0.879008 0.755963 0.0352344 0.0562005
0 0.836641 0.863034 0.014125 0.0164116
0 0.519688 0.397269 0.0078125 0.0487335
0 0.357227 0.0921504 0.0169844 0.0452507
0 0.871828 0.815119 0.0175 0.0468074
0 0.4405 0.0765435 0.0189375 0.0328232
0 0.89575 0.672559 0.0229375 0.0357256
0 0.832852 0.666834 0.0341719 0.0214248
0 0.361117 0.119908 0.00745312 0.0218734
0 0.91043 0.849314 0.0194531 0.0474406
0 0.707086 0.364644 0.0134531 0.0359367
0 0.546148 0.366319 0.0138281 0.0218734
0 0.854523 0.809142 0.0268281 0.0210818
0 0.76757 0.668193 0.0198594 0.0273087
0 0.908578 0.647968 0.0186562 0.047124
0 0.583875 0.347982 0.0189687 0.0461478
0 0.628797 0.402652 0.00940625 0.0473615
0 0.718945 0.770646 0.0137969 0.0203958
0 0.875062 0.743918 0.03725 0.0456728
0 0.694109 0.398773 0.0104375 0.0175989
0 0.573836 0.395646 0.00864063 0.049657
0 0.600383 0.393061 0.0183281 0.0417942
0 0.781094 0.682124 0.0132188 0.0302639
0 0.637117 0.356781 0.0180781 0.0548813
0 0.494367 0.426306 0.0307656 0.0243799
0 0.72443 0.725462 0.0237031 0.0240633
0 0.861211 0.73219 0.0192969 0.0779947
0 0.690859 0.419828 0.0186562 0.0274142
0 0.844984 0.782401 0.0184375 0.021847
0 0.329367 0.112559 0.0126094 0.0456464
0 0.80657 0.632678 0.0106094 0.0132718
0 0.717938 0.347375 0.0109375 0.0282058
0 0.641492 0.431346 0.0145156 0.0540369
0 0.30718 0.108179 0.0227344 0.0436939
0 0.807531 0.826821 0.0270625 0.0516359
0 0.673086 0.416741 0.0168281 0.0586016
0 0.853234 0.714274 0.0076875 0.0208971
0 0.843711 0.659657 0.0232969 0.0250132
0 0.774937 0.818325 0.019625 0.0229815
0 0.438375 0.0837863 0.0185312 0.041029
0 0.694383 0.344683 0.0121406 0.0276781
0 0.759031 0.737071 0.0121875 0.0285488
0 0.532352 0.396003 0.0143594 0.0456728
0 0.770773 0.736372 0.0147031 0.0370712
0 0.769437 0.799855 0.017625 0.0251451
0 0.790922 0.752269 0.0246875 0.0444855
0 0.730828 0.790303 0.026125 0.0398153
0 0.831992 0.710989 0.0329844 0.0229288
0 0.799898 0.680132 0.0121406 0.0325594
