0 0.39875 0.344731 0.0294063 0.0843091
0 0.759859 0.368958 0.019625 0.085644
0 0.73775 0.424731 0.02975 0.105948
0 0.723992 0.434297 0.0251406 0.0999297
0 0.281312 0.446276 0.0205938 0.0708197
0 0.665969 0.238361 0.0353125 0.0844028
0 0.383359 0.342494 0.0295938 0.119087
0 0.509086 0.309169 0.0353281 0.105316
0 0.682406 0.243021 0.0377188 0.0857611
0 0.325984 0.301838 0.061875 0.154356
0 0.525523 0.317951 0.0408281 0.106253
0 0.358125 0.49 0.0312812 0.12103
0 0.116602 0.620234 0.0362031 0.146885
0 0.300164 0.305937 0.0651406 0.132951
0 0.154375 0.669649 0.0462187 0.143981
0 0.449563 0.320644 0.0179375 0.0802576
0 0.76875 0.361604 0.0293125 0.0865808
0 0.113797 0.417096 0.0494062 0.102295
0 0.60443 0.341019 0.0391406 0.0630679
0 0.690883 0.350562 0.0334531 0.0799063
0 0.590422 0.337084 0.0424375 0.0926698
0 0.569484 0.330386 0.0338437 0.0889696
0 0.664914 0.318384 0.0333281 0.0404684
0 0.142688 0.641651 0.0302187 0.155527
0 0.176992 0.648618 0.0413281 0.140094
0 0.353727 0.500925 0.0151406 0.105457
0 0.673703 0.352178 0.0239375 0.0884778
0 0.67332 0.45952 0.0153906 0.101756
0 0.792297 0.596276 0.02375 0.0751288
0 0.780938 0.5926 0.00934375 0.0587354
0 0.285367 0.474988 0.0481406 0.157752
0 0.746664 0.547424 0.0315469 0.0950351
0 0.770859 0.465351 0.0214062 0.0794614
0 0.785461 0.602049 0.0227344 0.0835831
0 0.764102 0.70822 0.0279844 0.0804215
0 0.132547 0.616288 0.0355625 0.147939
0 0.761203 0.476499 0.0102188 0.0751054
0 0.369906 0.330902 0.0352188 0.102834
0 0.716539 0.435492 0.0263594 0.0939813
0 0.535516 0.325059 0.038 0.0979859
0 0.655352 0.249157 0.0332031 0.0731616
0 0.310758 0.323431 0.0500781 0.119274
0 0.123258 0.441499 0.0306406 0.119766
0 0.794188 0.436885 0.0298438 0.0637002
0 0.165187 0.440375 0.027375 0.111944
0 0.152125 0.440714 0.0215625 0.125504
0 0.749305 0.532049 0.0352031 0.0733255
0 0.462719 0.30603 0.0141875 0.0879391
0 0.340531 0.524227 0.0152187 0.0676581
0 0.321445 0.47192 0.0343594 0.118735
0 0.730945 0.55281 0.0136094 0.0777986
0 0.685758 0.452295 0.0159531 0.0937237
0 0.774141 0.462752 0.0234062 0.0777752
0 0.677844 0.459754 0.04325 0.0846136
0 0.288711 0.545304 0.0314531 0.0269087
0 0.752703 0.358255 0.0208125 0.0714988
0 0.787125 0.447927 0.0285 0.0786651
0 0.778766 0.704098 0.0275625 0.0770023
0 0.775773 0.369637 0.0312031 0.0942623
0 0.308125 0.467342 0.0386562 0.136136
0 0.475977 0.311827 0.0151719 0.0777518
0 0.138672 0.450375 0.0189062 0.120094
0 0.737688 0.548396 0.0185937 0.0887822
0 0.467984 0.348162 0.0071875 0.00929742
