2 0.339615 0.775594 0.0607708 0.0350312
2 0.249875 0.867617 0.0519583 0.0510156
2 0.512479 0.282617 0.02975 0.0189844
2 0.220833 0.204492 0.0482083 0.0520469
2 0.209833 0.621352 0.0294583 0.0315156
2 0.488146 0.421875 0.0459167 0.0445
2 0.589958 0.370969 0.0442083 0.0195625
2 0.266469 0.623719 0.0362292 0.015125
2 0.627323 0.288891 0.0448125 0.029625
2 0.273198 0.708664 0.0458542 0.0251406
2 0.55074 0.814453 0.0401042 0.0304687
2 0.424552 0.713813 0.0783958 0.0280938
2 0.650729 0.492484 0.0447917 0.0376875
2 0.397573 0.592031 0.0568542 0.0272812
2 0.278094 0.333719 0.0628958 0.0495
2 0.580313 0.673719 0.0512917 0.0335937
2 0.620146 0.716141 0.038375 0.0332812
2 0.110281 0.263781 0.0519375 0.0335
2 0.5345 0.347898 0.034875 0.0415469
2 0.35926 0.301906 0.0317708 0.027
2 0.322396 0.543234 0.0485417 0.0356875
2 0.476146 0.779625 0.054 0.035875
2 0.389083 0.544836 0.0205417 0.0177656
2 0.601865 0.802547 0.0401458 0.0380313
2 0.268698 0.836539 0.0458125 0.0392344
2 0.370406 0.384828 0.0532292 0.0258437
2 0.227833 0.671281 0.0417083 0.0312812
2 0.655875 0.390664 0.05475 0.0424219
2 0.337302 0.80918 0.0574375 0.0246094
2 0.421833 0.78482 0.0581667 0.0314531
2 0.368688 0.598203 0.0512917 0.0364063
2 0.600958 0.384375 0.053625 0.0183437
2 0.335083 0.443828 0.0885417 0.0459375
2 0.603052 0.568461 0.0488958 0.0358906
2 0.272823 0.515055 0.0625625 0.0541094
2 0.284927 0.743719 0.0656458 0.0628125
2 0.559656 0.314617 0.0263125 0.0271719
