0 0.856156 0.507391 0.0705208 0.0200938
0 0.857323 0.473336 0.0215208 0.0482031
0 0.876135 0.52882 0.0472292 0.0299531
0 0.96874 0.591859 0.0454792 0.0520625
0 0.928083 0.538312 0.07225 0.04325
0 0.927594 0.58882 0.0393958 0.0257031
0 0.902354 0.591586 0.0700833 0.0446094
0 0.815646 0.483312 0.0547083 0.03025
0 0.891125 0.537055 0.0354167 0.0394531
0 0.87851 0.46975 0.0239375 0.0374375
0 0.784687 0.44025 0.0382917 0.0425625
0 0.869042 0.523336 0.0550417 0.0266719
0 0.895896 0.472227 0.0150417 0.0366719
0 0.964125 0.546531 0.068375 0.0362188
0 0.829031 0.494102 0.0352292 0.0353906
0 0.76451 0.431211 0.0574375 0.0341719
0 0.916583 0.569367 0.0281667 0.00617188
0 0.978781 0.488758 0.0274792 0.0319219
0 0.839042 0.488156 0.0188333 0.0251875
0 0.768083 0.438836 0.054375 0.0402344
0 0.990583 0.588945 0.0188333 0.0272969
0 0.952792 0.490258 0.0570833 0.0348594
0 0.964417 0.490125 0.038625 0.0259062
0 0.935354 0.519102 0.0700833 0.0289844
0 0.940312 0.596414 0.0266667 0.0405156
0 0.984042 0.516922 0.0305417 0.0292187
0 0.828094 0.453211 0.0642708 0.0182031
0 0.913844 0.497898 0.0301875 0.0125781
0 0.945187 0.476922 0.0782917 0.0210313
0 0.879469 0.494352 0.0585208 0.0184844
0 0.79224 0.443438 0.0307708 0.04025
0 0.973573 0.55282 0.0528542 0.0333281
0 0.978229 0.637102 0.0273333 0.0218281
0 0.99101 0.60257 0.0179792 0.0256406
0 0.982927 0.557813 0.0261458 0.0241563
1 0.298521 0.470211 0.0453333 0.0211719
1 0.279323 0.411109 0.0224792 0.015875
1 0.131083 0.399875 0.0198333 0.0135937
1 0.350062 0.652438 0.053 0.03975
1 0.292656 0.376461 0.0348542 0.0148594
1 0.322135 0.653047 0.0519792 0.0230625
1 0.298531 0.665438 0.0651875 0.0272188
1 0.403562 0.706922 0.04925 0.0205
1 0.362104 0.749617 0.045125 0.0341094
1 0.309375 0.740133 0.065375 0.0483906
1 0.309521 0.343359 0.015125 0.00715625
1 0.105906 0.431406 0.0307292 0.0121875
1 0.0105417 0.334297 0.0210833 0.0142187
1 0.254417 0.449023 0.0362083 0.0218906
1 0.272594 0.423453 0.0318958 0.0162188
1 0.296719 0.450641 0.0341875 0.0125625
1 0.342135 0.432727 0.0243542 0.0164219
1 0.284115 0.637453 0.0493958 0.0275625
1 0.160542 0.617086 0.033875 0.0177031
1 0.310385 0.714297 0.0823958 0.0338125
1 0.105292 0.595945 0.0447917 0.0405156
1 0.32374 0.418336 0.0242708 0.0110156
1 0.345781 0.728977 0.0171042 0.0169219
1 0.181365 0.441305 0.0321875 0.0162031
1 0.154188 0.390234 0.021875 0.0102813
1 0.0658125 0.609023 0.0507917 0.0239844
1 0.16424 0.458164 0.0381458 0.0215781
1 0.418427 0.751336 0.0659375 0.0261094
1 0.340771 0.476273 0.0455 0.00989063
1 0.278062 0.386945 0.038625 0.00917187
1 0.313292 0.638672 0.0197083 0.0090625
1 0.0754375 0.55025 0.0440833 0.0261562
1 0.276427 0.369328 0.0139792 0.0045
1 0.0879271 0.390367 0.0311042 0.0158906
1 0.13851 0.563734 0.0534375 0.0335
1 0.00670833 0.316391 0.0134167 0.0085625
1 0.361979 0.7145 0.0325 0.0130938
1 0.20549 0.564555 0.0406875 0.0294844
1 0.0690625 0.583492 0.038625 0.0441094
1 0.322135 0.383664 0.0299792 0.0284531
1 0.0131146 0.296344 0.0192708 0.0154687
1 0.385562 0.672273 0.0625 0.0177344
1 0.143312 0.594148 0.0499583 0.0394219
1 0.177229 0.40282 0.02325 0.0112969
1 0.249167 0.413594 0.0436667 0.0267812
1 0.260771 0.468086 0.0247083 0.0129844
1 0.3385 0.458516 0.00720833 0.00590625
1 0.37399 0.731281 0.0447708 0.0323125
1 0.132875 0.446703 0.0430833 0.0212812
1 0.24476 0.375641 0.0358958 0.0189687
1 0.338531 0.675398 0.0310625 0.0181094
1 0.25099 0.345555 0.0344792 0.0106406
1 0.291208 0.352039 0.030875 0.0115781
1 0.142375 0.350383 0.0382917 0.0217969
1 0.129656 0.433531 0.0178958 0.0105938
1 0.249823 0.334609 0.0355625 0.02025
1 0.25551 0.360883 0.0246875 0.0129844
1 0.223812 0.334328 0.0264583 0.025125
1 0.111375 0.395 0.026125 0.0145625
