0 0.90725 0.38829 0.012125 0.0608431
0 0.320914 0.389707 0.0195156 0.05637
0 0.579828 0.678244 0.00953125 0.0694614
0 0.575734 0.788384 0.0194375 0.0508197
0 0.606914 0.678653 0.0153594 0.0458314
0 0.377109 0.482892 0.0144063 0.0659719
0 0.945219 0.381464 0.0119688 0.0592272
0 0.342398 0.589614 0.0194844 0.0618033
0 0.569664 0.683735 0.0168281 0.0843326
0 0.417125 0.599742 0.0215312 0.0384543
0 0.579914 0.510187 0.0227031 0.0720843
0 0.393336 0.69411 0.00889063 0.0451288
0 0.457609 0.611979 0.038125 0.0397424
0 0.688469 0.46897 0.0141875 0.0594848
0 0.673836 0.779356 0.0278594 0.0418033
0 0.374297 0.697529 0.0300938 0.05
0 0.336758 0.593642 0.0227344 0.061007
0 0.377937 0.597307 0.0265 0.0535831
0 0.795203 0.441979 0.0248438 0.0935129
0 0.670922 0.420187 0.0364063 0.0448712
0 0.647945 0.67774 0.0153906 0.0646136
0 0.70468 0.766206 0.0170469 0.0547541
0 0.583313 0.523876 0.0266875 0.0774005
0 0.245281 0.375796 0.0440938 0.0509368
0 0.702375 0.466838 0.00803125 0.0669321
0 0.657789 0.677775 0.00957812 0.0624356
0 0.606398 0.777564 0.00751562 0.015644
0 0.619477 0.753724 0.00992188 0.0669321
0 0.377523 0.616206 0.0365781 0.0461358
0 0.633375 0.757365 0.0225625 0.0515457
0 0.349406 0.475562 0.0265 0.0607728
0 0.669227 0.673384 0.0132344 0.0591803
0 0.614445 0.708993 0.0147656 0.0443091
0 0.558445 0.693349 0.0187344 0.0724122
0 0.605195 0.540258 0.0138281 0.0587354
0 0.61343 0.517178 0.0220781 0.0759016
0 0.643367 0.733642 0.0177656 0.0404918
0 0.333281 0.419227 0.0124688 0.0179391
0 0.435844 0.591803 0.0155625 0.0507728
0 0.341211 0.388607 0.0200781 0.0590867
0 0.653641 0.729098 0.0282813 0.0337002
0 0.679414 0.459859 0.0224844 0.0595316
0 0.565414 0.501721 0.0308594 0.0817564
0 0.669609 0.441218 0.0364063 0.049274
0 0.60343 0.703618 0.0131406 0.051452
0 0.696656 0.467307 0.0065 0.0633255
0 0.673258 0.712529 0.00870313 0.048993
0 0.565898 0.77897 0.0340156 0.0712881
0 0.565164 0.770012 0.0237656 0.0643794
0 0.711672 0.442436 0.0172813 0.0564871
0 0.593789 0.709871 0.0114531 0.0571663
0 0.355477 0.589672 0.0198594 0.0576581
0 0.408672 0.695129 0.0173437 0.0547541
0 0.936562 0.384918 0.00975 0.06
0 0.388859 0.479813 0.0219688 0.0570023
0 0.260703 0.369625 0.0356563 0.064356
0 0.310211 0.390351 0.0247969 0.0572365
0 0.627477 0.752916 0.0142969 0.0561827
0 0.561258 0.729742 0.0212031 0.0563934
0 0.425539 0.598056 0.0145469 0.0361124
0 0.356258 0.480386 0.0184531 0.0581967
0 0.2705 0.373595 0.0304375 0.0753864
0 0.68118 0.714098 0.0114531 0.0507728
0 0.328727 0.389508 0.0181719 0.0589227
0 0.695805 0.768407 0.0135781 0.0470258
0 0.688141 0.721464 0.0207188 0.0472834
0 0.383992 0.482073 0.0224844 0.0588525
0 0.626125 0.730878 0.0085625 0.0382904
0 0.572891 0.506077 0.0273438 0.0747307
0 0.708617 0.462049 0.0143594 0.0630679
0 0.58507 0.705761 0.0147031 0.064356
0 0.383406 0.691288 0.0197813 0.0512412
0 0.633703 0.68637 0.0246875 0.0622014
0 0.544961 0.705152 0.0181719 0.0595316
0 0.681703 0.769977 0.0152187 0.0508665
0 0.370258 0.714918 0.0355469 0.0415457
0 0.603961 0.753653 0.0172344 0.0615457
0 0.366187 0.484859 0.0113437 0.0626932
0 0.656875 0.752553 0.00940625 0.02
0 0.623508 0.700937 0.0234219 0.0489461
0 0.665195 0.714415 0.0133281 0.0495316
0 0.411781 0.61856 0.0324688 0.0361827
0 0.711953 0.774485 0.0268437 0.0510304
0 0.952984 0.372178 0.02 0.0530679
0 0.54993 0.763829 0.0109844 0.0685012
0 0.777609 0.445539 0.0215 0.0850351
0 0.417383 0.722178 0.0329844 0.0392506
0 0.637125 0.760761 0.0253125 0.0559016
0 0.370625 0.586581 0.0169375 0.0620141
0 0.96332 0.382131 0.00379688 0.0338642
0 0.398141 0.687576 0.0183437 0.0597892
0 0.528609 0.776311 0.0225312 0.0626932
0 0.445664 0.592471 0.0139219 0.05
0 0.33007 0.612646 0.0413906 0.0510539
0 0.670484 0.794754 0.0363125 0.0383138
