0 0.0926276 0.08142 0.0699399 0.03836
0 0.590796 0.06769 0.03 0.03746
0 0.151471 0.17293 0.121502 0.08022
0 0.967072 0.01165 0.062973 0.02038
0 0.92961 0.0974 0.135556 0.05772
0 0.103994 0.07788 0.0754354 0.04492
0 0.398318 0.03257 0.0988589 0.03782
0 0.941952 0.19815 0.116096 0.08158
0 0.522297 0.13784 0.0510811 0.06272
0 0.112312 0.06312 0.0783183 0.03328
0 0.0233784 0.07332 0.0242342 0.03772
0 0.620991 0.1246 0.0313514 0.0164
0 0.913453 0.04851 0.064024 0.0471
0 0.841246 0.17504 0.0787087 0.06492
0 0.379565 0.15251 0.0498799 0.08498
0 0.409384 0.18986 0.0375676 0.0234
0 0.138769 0.19825 0.153033 0.05266
0 0.2597 0.02438 0.0910511 0.02464
0 0.249039 0.14606 0.0750751 0.10932
0 0.482898 0.13528 0.0471171 0.07464
0 0.0148198 0.14937 0.0296396 0.04894
0 0.947733 0.1378 0.0992492 0.07256
0 0.0291441 0.08288 0.0582883 0.08108
0 0.146847 0.23818 0.0677477 0.04004
0 0.0424024 0.19524 0.0685285 0.08392
0 0.473438 0.05779 0.0138438 0.02154
0 0.0388589 0.1478 0.0777177 0.08776
0 0.978874 0.05583 0.0422523 0.0321
0 0.376997 0.05601 0.0625225 0.04114
0 0.728483 0.01122 0.065976 0.0216
0 0.435375 0.15708 0.0297898 0.04848
0 0.138724 0.01466 0.148799 0.02932
0 0.170345 0.16325 0.143093 0.0891
0 0.92015 0.19461 0.109129 0.07902
0 0.546336 0.12872 0.0457057 0.0922
0 0.508483 0.01412 0.0959459 0.02824
0 0.945 0.18828 0.11 0.08032
0 0.0894895 0.2124 0.0731532 0.04952
0 0.716892 0.04249 0.0223123 0.03766
0 0.393228 0.0135 0.114685 0.0254
0 0.421652 0.13591 0.0457658 0.09102
0 0.0397447 0.2251 0.0794895 0.06056
0 0.503168 0.10889 0.040991 0.04362
0 0.60958 0.04004 0.0381982 0.0334
0 0.529204 0.16815 0.0561862 0.0489
0 0.0835435 0.13843 0.0575375 0.08002
0 0.199354 0.08545 0.0342643 0.0349
0 0.301532 0.17153 0.0298498 0.05626
0 0.36967 0.20208 0.0565766 0.05108
0 0.466697 0.07602 0.0297297 0.04808
0 0.338333 0.14478 0.0788889 0.07596
0 0.284805 0.00936 0.0357958 0.01668
0 0.692192 0.06743 0.0188589 0.03026
0 0.288393 0.20128 0.0410511 0.03384
0 0.134865 0.04118 0.103784 0.02932
0 0.962913 0.06951 0.0591592 0.03326
0 0.458093 0.13602 0.0488589 0.05144
0 0.176742 0.08618 0.0721021 0.07288
0 0.592643 0.05581 0.0396396 0.03874
0 0.312177 0.06049 0.0211712 0.02694
0 0.236502 0.08379 0.0500601 0.0331
0 0.675556 0.07024 0.0333333 0.04576
0 0.968228 0.06454 0.0592793 0.04592
0 0.335495 0.18465 0.0601802 0.0835
0 0.436592 0.07421 0.0636336 0.0755
0 0.196532 0.14963 0.0966667 0.10222
0 0.300541 0.00532 0.0284685 0.01016
0 0.947898 0.16908 0.104204 0.07036
0 0.646126 0.07421 0.0727327 0.0857
0 0.364805 0.08251 0.0757357 0.06978
0 0.548408 0.06691 0.0964565 0.12178
0 0.501697 0.03041 0.0496396 0.03002
0 0.0754054 0.08829 0.0992192 0.05754
0 0.327447 0.08797 0.146006 0.09286
0 0.234384 0.09418 0.0596396 0.03388
0 0.699024 0.05113 0.0152252 0.02186
0 0.239144 0.06911 0.0361862 0.02514
0 0.366502 0.07422 0.0681381 0.04644
0 0.980255 0.03246 0.0381081 0.03568
0 0.566577 0.0717 0.0406607 0.05688
0 0.497538 0.07085 0.0506306 0.06522
0 0.244414 0.04974 0.0281682 0.03016
0 0.594655 0.11919 0.0488889 0.06082
0 0.323919 0.22244 0.0573273 0.02948
0 0.711456 0.02827 0.0316817 0.03118
0 0.612763 0.01899 0.0446246 0.03798
0 0.0625526 0.07745 0.0302703 0.03374
0 0.594384 0.14726 0.047988 0.0374
0 0.317823 0.07215 0.131622 0.09066
0 0.138003 0.11246 0.0408709 0.04316
