0 0.256969 0.141354 0.026125 0.033125
0 0.0509063 0.229375 0.0875313 0.042875
0 0.183047 0.292521 0.0505625 0.0344167
0 0.204383 0.0856771 0.0859531 0.0413125
0 0.214602 0.13149 0.0257344 0.0351875
0 0.0789688 0.247615 0.0708438 0.0801458
0 0.1475 0.228104 0.0450313 0.0485417
0 0.22882 0.118229 0.0363281 0.051875
0 0.27243 0.0705521 0.0532031 0.108313
0 0.149609 0.293729 0.0429375 0.0582083
0 0.184523 0.11375 0.0607031 0.0397083
0 0.311203 0.0986458 0.0264375 0.0755833
0 0.147109 0.186365 0.0574375 0.0680625
0 0.144555 0.26699 0.0318594 0.0339792
0 0.0533828 0.213177 0.0719219 0.0157708
0 0.183273 0.262531 0.0631719 0.0382292
0 0.0985391 0.192833 0.0672031 0.0358333
0 0.243125 0.165875 0.0243438 0.0340417
0 0.284336 0.176865 0.0256094 0.0484792
0 0.0751406 0.150823 0.091875 0.0850208
0 0.112375 0.289 0.0474687 0.0399583
0 0.0600391 0.127396 0.112391 0.0499583
0 0.127914 0.142563 0.0636406 0.0855417
0 0.306766 0.0562812 0.0515625 0.0728958
0 0.0688516 0.0938021 0.0907969 0.114354
0 0.215719 0.0466562 0.0657188 0.0471042
0 0.310656 0.186219 0.0371875 0.0329792
0 0.0700937 0.25626 0.079875 0.0481458
2 0.924438 0.543083 0.0303438 0.0279167
2 0.990195 0.415521 0.0190469 0.029375
2 0.942148 0.461583 0.0310156 0.039375
2 0.971695 0.460979 0.0331094 0.0377917
2 0.873336 0.531427 0.0304219 0.0368958
2 0.90775 0.477365 0.0295938 0.0378542
2 0.937984 0.488031 0.0269375 0.0198958
2 0.85293 0.473969 0.0272656 0.0344375
2 0.851016 0.522156 0.025 0.0189792
2 0.960859 0.50775 0.02875 0.03575
2 0.91618 0.513948 0.0243281 0.0370625
2 0.845672 0.545771 0.0317188 0.037
2 0.981047 0.534771 0.0346562 0.03675
2 0.889563 0.492625 0.0310937 0.037875
2 0.989187 0.441979 0.021625 0.0315
2 0.9355 0.517052 0.0306875 0.0406458
2 0.961922 0.443667 0.0283125 0.0212083
2 0.892719 0.460406 0.0188437 0.0283125
2 0.846117 0.492969 0.0309844 0.0300208
2 0.866625 0.55499 0.021875 0.0174375
2 0.969148 0.48524 0.0296406 0.0371875
2 0.940633 0.430719 0.0302969 0.0341875
2 0.989398 0.507844 0.0212031 0.0365625
2 0.991828 0.47926 0.0163438 0.0300625
2 0.837828 0.518646 0.0288125 0.0311667
2 0.923281 0.491313 0.0307812 0.0184583
2 0.89418 0.544417 0.0327969 0.0310833
2 0.916875 0.453437 0.029125 0.039125
2 0.925555 0.423417 0.0258281 0.0247917
2 0.863328 0.503729 0.0195938 0.0229167
2 0.954211 0.541177 0.0309531 0.0301042
2 0.881375 0.51201 0.0323125 0.0406875
