1 0.988242 0.334156 0.0235156 0.0407708
1 0.968914 0.216135 0.0346094 0.0262708
1 0.954883 0.330313 0.0597969 0.0487083
1 0.985781 0.252604 0.0284375 0.050625
1 0.934117 0.211031 0.0330781 0.0328125
1 0.862508 0.195865 0.0377031 0.0393542
1 0.990523 0.30026 0.0189531 0.0328125
1 0.850539 0.171292 0.0471094 0.0404583
1 0.880742 0.211771 0.0369844 0.0415
1 0.961977 0.265187 0.0300469 0.0305417
1 0.928672 0.295063 0.0414062 0.0505417
1 0.837273 0.157208 0.0401719 0.029375
1 0.964297 0.307667 0.0386875 0.0257917
1 0.972578 0.285323 0.0500938 0.0383542
1 0.918148 0.188229 0.0368906 0.0364167
1 0.985859 0.179729 0.0282813 0.0258333
1 0.899352 0.197531 0.0431406 0.0519792
1 0.993641 0.206615 0.00971875 0.0375625
1 0.895867 0.161969 0.0488594 0.0323958
1 0.932312 0.25951 0.0437813 0.0463542
1 0.901719 0.247562 0.0463438 0.0515417
1 0.947125 0.189302 0.0322812 0.0337292
1 0.976141 0.199104 0.029625 0.0335833
1 0.887102 0.230125 0.0402031 0.0405
2 0.439852 0.183646 0.0226719 0.0216667
2 0.428 0.23174 0.0242812 0.0212292
2 0.348156 0.283719 0.04 0.0202708
2 0.44718 0.274771 0.0244219 0.0330833
2 0.412781 0.270542 0.0286875 0.0329583
2 0.405164 0.25425 0.0252969 0.0364583
2 0.358109 0.0797396 0.0373125 0.0358958
2 0.390875 0.0456979 0.0665 0.0839792
2 0.362023 0.130583 0.0429219 0.0482083
2 0.42875 0.0982083 0.0525312 0.0652083
2 0.469891 0.09325 0.0112187 0.0337917
2 0.359508 0.20975 0.0461406 0.0482083
2 0.316516 0.0361979 0.0704375 0.0677292
2 0.44357 0.0706146 0.0253906 0.0220625
2 0.307789 0.301729 0.0165781 0.0350417
2 0.473203 0.282542 0.0335312 0.0222083
2 0.425695 0.261865 0.0183594 0.0179792
2 0.31368 0.27176 0.0326406 0.0378542
2 0.316906 0.0818021 0.0448125 0.0358958
2 0.472758 0.240073 0.0161094 0.0060625
2 0.411 0.0126875 0.035 0.025375
2 0.566844 0.0473229 0.021 0.0738125
2 0.526406 0.0343333 0.0568125 0.0637917
2 0.439836 0.27999 0.0280781 0.0258958
2 0.408617 0.220896 0.0281719 0.0380833
2 0.360273 0.164615 0.0469219 0.0518125
2 0.320125 0.0562187 0.0369063 0.0246042
2 0.403797 0.18624 0.025 0.0222292
2 0.38875 0.109021 0.0267188 0.0579583
2 0.554438 0.0133437 0.0458438 0.0247292
2 0.317641 0.167667 0.0435 0.055625
2 0.316609 0.182542 0.0421875 0.0264583
2 0.360969 0.182427 0.0392813 0.0266875
2 0.354555 0.258302 0.0513906 0.0546875
2 0.320742 0.139646 0.0409219 0.0362083
2 0.472687 0.233969 0.02 0.0176875
2 0.365461 0.0166667 0.0532656 0.0333333
2 0.414773 0.285896 0.0302656 0.0145417
2 0.314617 0.210437 0.0452031 0.0638333
2 0.450078 0.232969 0.0251875 0.0218542
2 0.461523 0.190052 0.0252031 0.0135208
2 0.359086 0.22474 0.0409844 0.0369375
2 0.358227 0.0519792 0.0385156 0.0425
2 0.314891 0.248333 0.0392188 0.05975
2 0.423 0.186865 0.0147813 0.0166458
0 0.0730234 0.0550417 0.0420781 0.104042
0 0.0519375 0.0491354 0.0505938 0.0982708
0 0.257602 0.0665625 0.0180469 0.0850417
0 0.0948828 0.0535313 0.0408594 0.106646
0 0.120852 0.048625 0.0409219 0.0967917
