0 0.0902921 0.309969 0.0603037 0.0576875
0 0.427056 0.609891 0.19972 0.0390625
0 0.903657 0.427891 0.172173 0.0566562
0 0.664054 0.259984 0.13979 0.0777188
0 0.581659 0.679109 0.0983645 0.123313
0 0.605023 0.597859 0.110841 0.058125
0 0.723458 0.704227 0.086028 0.0756406
0 0.772395 0.656328 0.137593 0.0947187
0 0.26528 0.30918 0.0983645 0.0467031
0 0.695339 0.402195 0.126332 0.0657344
0 0.22521 0.442609 0.0839252 0.0425
0 0.48021 0.694664 0.137009 0.112766
0 0.779357 0.835797 0.0703037 0.0837813
0 0.649813 0.517945 0.118692 0.113328
0 0.0932944 0.413461 0.0618224 0.0520469
0 0.13715 0.209289 0.0645327 0.0542344
0 0.5441 0.264492 0.141519 0.0674844
0 0.1625 0.295039 0.0697664 0.0404219
0 0.39104 0.452516 0.207687 0.0434375
0 0.643797 0.847523 0.104182 0.128578
0 0.640853 0.703141 0.0825 0.164375
0 0.4791 0.628172 0.169603 0.0785312
0 0.151998 0.412695 0.056472 0.0479531
0 0.580864 0.865305 0.0716355 0.0481406
0 0.407068 0.425039 0.192921 0.0425469
0 0.242114 0.369922 0.119463 0.035125
0 0.839638 0.855625 0.075771 0.09325
0 0.057243 0.155859 0.114486 0.0487187
0 0.808435 0.428508 0.103551 0.0769219
0 0.408236 0.642563 0.138668 0.0733437
0 0.769603 0.577695 0.0942056 0.0594844
0 0.771075 0.276 0.091028 0.0815312
0 0.589486 0.832234 0.139346 0.0770625
0 0.497079 0.554391 0.133645 0.115125
0 0.255561 0.466711 0.133411 0.0296094
0 0.0866822 0.271031 0.0584579 0.0694375
0 0.0373364 0.481148 0.0731308 0.0305156
0 0.28035 0.430953 0.0693458 0.0310937
0 0.272593 0.401289 0.0976168 0.0328281
0 0.524836 0.171242 0.21014 0.0521406
0 0.414229 0.537516 0.176402 0.0562813
0 0.0515537 0.112594 0.103107 0.0748438
0 0.812079 0.469 0.0901402 0.0624687
0 0.86278 0.497367 0.118224 0.0432031
0 0.946951 0.316664 0.106098 0.0692344
0 0.848107 0.303195 0.113645 0.106953
0 0.532407 0.71718 0.108925 0.108703
0 0.0738551 0.363078 0.0964486 0.0358125
0 0.78882 0.357523 0.108902 0.0717969
0 0.892395 0.376844 0.212407 0.0576875
0 0.855012 0.79482 0.155584 0.0590781
0 0.858949 0.54718 0.0702804 0.0666719
0 0.243528 0.198516 0.122897 0.0384688
0 0.790514 0.527641 0.0764953 0.111906
0 0.760234 0.496156 0.096028 0.11025
0 0.0276519 0.373125 0.0553037 0.034875
0 0.745514 0.766992 0.0763551 0.139859
0 0.143995 0.131672 0.0568224 0.0761563
0 0.908879 0.647547 0.161682 0.0534687
0 0.0563902 0.475859 0.061986 0.025375
0 0.106005 0.175687 0.0787383 0.04
0 0.588364 0.436664 0.202009 0.0697344
0 0.223703 0.141102 0.0781075 0.0614531
0 0.0925 0.466539 0.0436449 0.0284531
0 0.124766 0.382672 0.0609346 0.0448438
0 0.739498 0.884484 0.0760514 0.095125
0 0.66757 0.905906 0.0775701 0.0474375
0 0.254591 0.467117 0.10479 0.0216094
0 0.0432827 0.498336 0.0858178 0.0294844
0 0.275748 0.165797 0.14028 0.0391562
0 0.221075 0.28132 0.061028 0.0407344
0 0.310549 0.288102 0.121192 0.0437969
0 0.089743 0.5 0.0479439 0.0498125
0 0.0435047 0.197086 0.0870093 0.0401406
0 0.230234 0.331445 0.0987383 0.0412969
0 0.168259 0.445398 0.0503505 0.0361719
0 0.900467 0.703945 0.11014 0.0696406
0 0.886086 0.590352 0.176939 0.0520469
0 0.0512734 0.339281 0.102547 0.0317812
0 0.429556 0.48582 0.201262 0.0547031
0 0.529357 0.309781 0.118575 0.0806875
0 0.0453972 0.505641 0.0907944 0.0476875
0 0.379918 0.584586 0.140631 0.0486406
0 0.219895 0.419406 0.0934813 0.0369375
0 0.0718341 0.443703 0.0547897 0.0329062
0 0.899521 0.779016 0.136986 0.031375
0 0.8309 0.727188 0.140117 0.0887813
0 0.275619 0.223844 0.141005 0.029
0 0.0271495 0.219547 0.0542991 0.0226875
0 0.582231 0.770219 0.075771 0.0685
0 0.287371 0.337664 0.101519 0.0292656
0 0.172804 0.167563 0.0579907 0.0633438
0 0.0365537 0.444 0.0693224 0.037625
0 0.700514 0.590125 0.0998598 0.0571875
0 0.276121 0.260336 0.0971495 0.0415156
0 0.0490304 0.396797 0.095257 0.0366563
0 0.349883 0.520109 0.123224 0.0414687
0 0.583563 0.30525 0.144416 0.112563
0 0.521916 0.802961 0.102383 0.0467656
0 0.0868692 0.217438 0.0742056 0.0517188
0 0.578575 0.219211 0.223832 0.0612969
0 0.694439 0.840914 0.0911682 0.116922
0 0.663843 0.762562 0.100631 0.0815312
0 0.192407 0.384305 0.0775701 0.0425781
0 0.131682 0.462938 0.0528972 0.0864375
0 0.452126 0.421109 0.127336 0.0420625
0 0.657313 0.176828 0.144252 0.0745
0 0.689381 0.661984 0.0875 0.0965625
0 0.034264 0.274492 0.068528 0.0607656
0 0.828715 0.701672 0.136682 0.0685313
0 0.576682 0.353773 0.114439 0.0766719
0 0.819953 0.619703 0.155888 0.0659375
0 0.344836 0.253969 0.0936916 0.0345625
0 0.562617 0.409211 0.0657009 0.0254844
0 0.0344393 0.315875 0.0653738 0.0312187
0 0.105386 0.430055 0.0395561 0.0328281
0 0.323855 0.184 0.103505 0.0384688
0 0.706776 0.461039 0.116308 0.115891
