0 0.641854 0.248977 0.03075 0.0866719
0 0.57399 0.215641 0.0413542 0.08975
0 0.66149 0.48343 0.0994792 0.0516719
0 0.697052 0.382742 0.0738542 0.0730781
0 0.638958 0.19632 0.0380417 0.133078
0 0.609104 0.234219 0.0329167 0.110875
0 0.455708 0.201797 0.0249583 0.04
0 0.69399 0.427055 0.0988125 0.0705156
0 0.68776 0.249484 0.0718125 0.106156
0 0.611281 0.370563 0.0311042 0.101531
0 0.68051 0.416695 0.0861458 0.0807656
0 0.463531 0.534875 0.0909375 0.0240938
0 0.469573 0.363492 0.0564375 0.0456406
0 0.52349 0.212688 0.0758958 0.108969
0 0.528698 0.253203 0.0772708 0.0884687
0 0.74376 0.308891 0.0126875 0.0285313
0 0.519583 0.471164 0.0486667 0.0640156
0 0.666896 0.251797 0.053 0.08
0 0.550823 0.483727 0.0322708 0.0699531
0 0.692156 0.317266 0.0773125 0.0835625
0 0.688219 0.497898 0.0936875 0.0347656
0 0.513031 0.531352 0.0906042 0.0571719
0 0.575771 0.314719 0.03175 0.0755313
0 0.511427 0.504359 0.0745208 0.0666563
0 0.54124 0.346195 0.0555208 0.0809531
0 0.538354 0.203797 0.0397917 0.120281
0 0.735698 0.367945 0.0536875 0.0441094
0 0.572542 0.501414 0.0379583 0.0582031
0 0.642375 0.371922 0.0365833 0.0689687
0 0.550146 0.403336 0.0622083 0.0846094
0 0.45774 0.452875 0.0396458 0.0487187
0 0.681927 0.364055 0.0481875 0.0828281
0 0.580427 0.365117 0.0329792 0.0848594
0 0.477208 0.489719 0.071875 0.0545625
0 0.671969 0.21475 0.0405208 0.0835937
0 0.516937 0.390086 0.0624583 0.0986719
0 0.58674 0.401516 0.0308958 0.0910312
0 0.503219 0.412945 0.0659792 0.0694844
0 0.467802 0.304578 0.0437708 0.0516563
0 0.642625 0.404359 0.0468333 0.0825625
0 0.476062 0.193617 0.0694583 0.0982031
0 0.511698 0.254617 0.0944792 0.0854844
0 0.492604 0.310672 0.0557917 0.0706563
0 0.711167 0.214742 0.05675 0.106922
0 0.494323 0.458852 0.0324792 0.0479531
0 0.736385 0.304961 0.0868542 0.0548906
0 0.732906 0.395875 0.0669375 0.043
0 0.72875 0.337641 0.0920417 0.0747188
0 0.678802 0.513203 0.0957292 0.0259062
0 0.575448 0.255789 0.0648125 0.0691094
0 0.492448 0.194484 0.0328125 0.07975
0 0.54724 0.322305 0.0246042 0.0307656
0 0.48049 0.342562 0.0273542 0.04
0 0.537292 0.370422 0.07225 0.102625
0 0.43499 0.503656 0.0839792 0.0431563
0 0.466604 0.516648 0.0662083 0.0257031
0 0.698771 0.446461 0.148375 0.0594844
0 0.478854 0.457578 0.0290417 0.0407187
0 0.525615 0.139727 0.0338542 0.0838594
0 0.502031 0.148406 0.0454792 0.0885
0 0.722958 0.279516 0.0459167 0.0522188
0 0.565604 0.533422 0.0427917 0.0486562
0 0.560208 0.140789 0.0376667 0.0864219
0 0.618802 0.399875 0.0344792 0.0884687
0 0.462292 0.501234 0.0722083 0.0541562
0 0.435865 0.368977 0.0673542 0.0641094
0 0.736375 0.21425 0.0430833 0.073625
0 0.580521 0.479883 0.03175 0.0413281
0 0.609875 0.540633 0.0429583 0.0411094
0 0.473719 0.144516 0.0423958 0.064875
0 0.479896 0.230359 0.0582083 0.0585938
0 0.491198 0.346 0.0532708 0.0539375
