1 0.378305 0.353068 0.0826719 0.175785
1 0.300047 0.129169 0.114 0.120726
1 0.342094 0.209028 0.069375 0.14007
1 0.738898 0.576663 0.182516 0.194496
1 0.191719 0.356393 0.101156 0.111803
1 0.554875 0.704719 0.17625 0.153513
1 0.275359 0.272506 0.0883125 0.169274
1 0.211836 0.235867 0.105797 0.138384
1 0.292859 0.364578 0.0985 0.174169
1 0.663586 0.619707 0.213734 0.229157
1 0.397625 0.293899 0.0991875 0.13548
1 0.377055 0.16966 0.0621094 0.0643794
1 0.407062 0.21719 0.0594063 0.120562
1 0.467477 0.278653 0.0907031 0.179133
1 0.652797 0.520995 0.069125 0.073466
