2 0.704742 0.463125 0.0201094 0.04125
2 0.740984 0.225687 0.0545625 0.0742083
2 0.602578 0.184583 0.0424687 0.049125
2 0.672953 0.294313 0.0404062 0.0446667
2 0.835594 0.394865 0.0489687 0.0326458
2 0.624438 0.13976 0.0520625 0.0338542
2 0.856242 0.348208 0.0471094 0.0319583
2 0.588602 0.0891979 0.0505781 0.0493542
2 0.72318 0.2865 0.0528906 0.0639167
2 0.416055 0.226312 0.0444219 0.0559167
2 0.80407 0.427 0.0332656 0.020375
2 0.766227 0.361021 0.0280469 0.0613333
2 0.630594 0.175563 0.0360938 0.04125
2 0.660203 0.459635 0.0222812 0.0346458
2 0.667414 0.189521 0.0153594 0.0290417
2 0.7925 0.386802 0.0333437 0.0519375
2 0.638398 0.130146 0.0253281 0.0519167
2 0.638813 0.108052 0.0409687 0.0430625
