0 0.666125 0.321347 0.0270312 0.00915691
0 0.652648 0.383396 0.0384219 0.0419672
0 0.603914 0.200047 0.0212031 0.0102576
0 0.844688 0.564742 0.0215312 0.0479391
0 0.791461 0.349016 0.0251719 0.0192506
0 0.746227 0.437951 0.0434219 0.0825527
0 0.810156 0.495258 0.0447813 0.0223185
0 0.746633 0.408033 0.0432344 0.0662295
0 0.747594 0.248712 0.0229062 0.0384543
0 0.746531 0.491417 0.01925 0.0171663
0 0.712211 0.509871 0.0331719 0.0171663
0 0.67982 0.281792 0.0259844 0.0615222
0 0.660937 0.215258 0.0206875 0.0202576
0 0.49818 0.424754 0.0112969 0.0166745
0 0.701109 0.434028 0.0304375 0.0330679
0 0.668281 0.286417 0.0352188 0.0518033
0 0.80043 0.545105 0.0296406 0.018267
0 0.73475 0.513466 0.0312812 0.0349883
0 0.829945 0.528817 0.0331094 0.0199766
0 0.746469 0.315773 0.015125 0.051452
0 0.749859 0.230585 0.044125 0.0389696
0 0.495805 0.495246 0.0230781 0.0551288
0 0.860328 0.164742 0.00778125 0.0138876
0 0.703641 0.496932 0.0392813 0.0166276
0 0.764758 0.362272 0.00992188 0.0221546
0 0.849969 0.473115 0.0220625 0.0615457
0 0.699219 0.232541 0.0202813 0.0423185
0 0.758406 0.33774 0.0172813 0.0298595
0 0.664352 0.30911 0.0430781 0.0264169
0 0.788289 0.460504 0.0212656 0.0176347
0 0.702391 0.211593 0.0142813 0.0323185
0 0.786008 0.451897 0.0352344 0.0189696
0 0.822414 0.372787 0.0240781 0.0422482
0 0.688289 0.514356 0.0362344 0.0174239
0 0.781609 0.323208 0.0197188 0.0175176
0 0.830914 0.513759 0.0340156 0.0181967
0 0.79418 0.337049 0.0117969 0.0166745
0 0.79507 0.43911 0.0302031 0.0369555
0 0.813023 0.424742 0.00548437 0.00822014
0 0.676055 0.443478 0.0325781 0.0263466
0 0.729531 0.268993 0.0419062 0.0457611
0 0.708578 0.541897 0.0355 0.0254801
0 0.822766 0.553712 0.035625 0.0187119
0 0.657352 0.34466 0.0230781 0.0502576
0 0.682047 0.384133 0.015875 0.0830679
0 0.882047 0.181019 0.0138437 0.0169321
0 0.717695 0.477096 0.0288906 0.0259016
0 0.804211 0.28459 0.0183594 0.0643091
0 0.791312 0.525012 0.0428437 0.0225293
0 0.658508 0.536593 0.0230781 0.0530913
0 0.840141 0.47596 0.0289063 0.0491101
0 0.707266 0.272834 0.0119688 0.0192506
0 0.734156 0.449098 0.0406875 0.074356
0 0.654359 0.400574 0.0395 0.0446136
0 0.668102 0.369052 0.0252656 0.0647541
0 0.67725 0.499227 0.0266562 0.0189696
0 0.714016 0.360141 0.0485 0.0267916
0 0.500992 0.389836 0.0151406 0.0227166
0 0.699578 0.328454 0.0574375 0.0458548
0 0.654039 0.368138 0.0305781 0.0506089
0 0.651867 0.439871 0.0174219 0.0187119
0 0.677969 0.209016 0.0335625 0.0245902
0 0.490203 0.478044 0.0232812 0.0412881
0 0.715633 0.312131 0.0420469 0.0383607
0 0.732844 0.3063 0.0262188 0.0555504
0 0.812125 0.465738 0.0282187 0.0178454
0 0.646789 0.244227 0.0248906 0.0188525
0 0.754414 0.459087 0.0534531 0.0598595
0 0.754687 0.362564 0.0135 0.0195082
0 0.768172 0.45055 0.0559375 0.0681733
0 0.755695 0.299496 0.0140156 0.0419906
0 0.596102 0.190644 0.0129844 0.0125761
0 0.658102 0.520386 0.0165781 0.0320609
0 0.821273 0.455457 0.0257969 0.0254801
0 0.675641 0.235539 0.0143125 0.0399766
0 0.714914 0.325667 0.0459844 0.0388759
0 0.826227 0.341276 0.0290469 0.0235831
0 0.683023 0.534473 0.0262344 0.0168618
0 0.815242 0.327108 0.0387969 0.0230211
0 0.505445 0.460749 0.00948437 0.0168618
0 0.640695 0.205621 0.0255781 0.0317564
0 0.640898 0.274707 0.0144844 0.0298361
0 0.723852 0.232377 0.0324844 0.049719
0 0.75132 0.515597 0.0183906 0.035644
0 0.777594 0.432822 0.0275313 0.0292506
0 0.770742 0.318138 0.0321094 0.0238173
0 0.851227 0.529227 0.0128281 0.0210304
0 0.703516 0.288583 0.00871875 0.0161358
0 0.800117 0.575258 0.0473594 0.0263934
0 0.668531 0.471405 0.033 0.0259016
0 0.781695 0.555785 0.0378906 0.0163934
0 0.76525 0.499789 0.0258125 0.0174239
