1 0.653008 0.784528 0.137047 0.180722
1 0.308672 0.169264 0.0754688 0.0751944
1 0.696875 0.682347 0.1425 0.186083
1 0.629602 0.637806 0.0539844 0.174167
1 0.683672 0.231542 0.07975 0.116083
1 0.238234 0.453903 0.05675 0.136528
1 0.384531 0.122361 0.0903125 0.122778
1 0.843445 0.276986 0.121828 0.226861
1 0.44157 0.0769722 0.133703 0.118833
1 0.233602 0.318194 0.115016 0.122667
1 0.183141 0.251639 0.0973125 0.115
1 0.506047 0.08225 0.0643125 0.149389
0 0.42975 0.162083 0.124094 0.0868333
0 0.762727 0.696639 0.126172 0.233
0 0.500148 0.281625 0.0502656 0.115472
0 0.888961 0.671694 0.163016 0.172
0 0.54775 0.396764 0.0902188 0.235639
0 0.570195 0.192139 0.119047 0.176278
0 0.355531 0.227819 0.139063 0.0919167
0 0.15443 0.391472 0.0628281 0.202278
0 0.585039 0.0881944 0.117391 0.0931667
0 0.807469 0.375333 0.0985625 0.0781667
