0 0.413867 0.67325 0.0103594 0.0613333
0 0.879031 0.820833 0.0365625 0.093625
0 0.130805 0.816698 0.0264531 0.0798958
0 0.335813 0.369167 0.02675 0.064125
0 0.731609 0.87124 0.021375 0.0988958
0 0.871266 0.873219 0.048375 0.0714375
0 0.410852 0.434563 0.0517344 0.0531667
0 0.419383 0.593187 0.0192969 0.0500833
0 0.658477 0.661031 0.0165469 0.0469375
0 0.23882 0.37349 0.0155781 0.0418125
0 0.426469 0.319687 0.0216875 0.0358333
0 0.60275 0.851323 0.010125 0.0461458
0 0.192891 0.862229 0.0531875 0.08375
0 0.493805 0.910792 0.0511094 0.102458
0 0.270828 0.30826 0.0284687 0.0639375
0 0.417234 0.377208 0.041375 0.0851667
0 0.535398 0.779531 0.0390781 0.109021
0 0.23075 0.723865 0.0284687 0.0906458
0 0.697578 0.565406 0.0223125 0.0184375
0 0.0118594 0.346365 0.0208438 0.0476042
0 0.35707 0.706208 0.0174531 0.0895
0 0.33832 0.779844 0.0234844 0.0792708
0 0.894383 0.8685 0.0544219 0.0872917
0 0.386133 0.544813 0.0188594 0.054125
0 0.0782891 0.773229 0.0236094 0.0540417
0 0.557063 0.660896 0.0302187 0.053875
0 0.314266 0.811698 0.0169375 0.0433542
0 0.163289 0.823917 0.0527344 0.074125
0 0.0250547 0.810698 0.0273281 0.0861875
0 0.182719 0.856615 0.0330937 0.0836042
0 0.540531 0.604 0.0197188 0.0804583
0 0.277406 0.899135 0.063375 0.0458542
0 0.34807 0.386292 0.0421719 0.072125
0 0.0604297 0.817583 0.0446094 0.0529583
0 0.56343 0.55076 0.0137656 0.0402292
0 0.855422 0.808021 0.0388125 0.0900417
0 0.372398 0.89299 0.0694219 0.0340208
0 0.85282 0.732938 0.0289844 0.0914167
0 0.463031 0.739156 0.0212812 0.0829375
0 0.335633 0.533208 0.0188594 0.0764583
0 0.53207 0.759469 0.0396719 0.104937
0 0.656539 0.734271 0.0217344 0.049375
0 0.532242 0.663094 0.0101719 0.0191875
0 0.622703 0.560427 0.0351562 0.0788542
0 0.278398 0.543417 0.0363594 0.104875
0 0.218789 0.786521 0.0206406 0.0455
0 0.546617 0.548281 0.0216406 0.0452708
0 0.504078 0.516365 0.0180937 0.0695208
0 0.728016 0.805625 0.0242188 0.0857083
0 0.807633 0.793115 0.0467656 0.0782292
0 0.51982 0.634271 0.0169844 0.04725
0 0.83782 0.773042 0.0231094 0.0476667
0 0.403914 0.558646 0.0196406 0.081625
0 0.450531 0.509823 0.0416875 0.0565625
0 0.322367 0.897698 0.0303906 0.0374375
0 0.375633 0.838979 0.0785781 0.0546667
0 0.0157031 0.318948 0.0274375 0.0428958
0 0.363633 0.702583 0.0211719 0.0849167
0 0.605258 0.555479 0.0209844 0.0585
0 0.400578 0.490333 0.0191562 0.0864583
0 0.577805 0.584958 0.0213594 0.064625
0 0.653273 0.632938 0.0396406 0.0574583
0 0.422719 0.553042 0.0204063 0.0659167
0 0.827234 0.72301 0.0249375 0.0799792
0 0.147719 0.813469 0.0307187 0.0827292
0 0.357953 0.755552 0.0344375 0.0790208
0 0.464352 0.698271 0.0110781 0.0292917
0 0.444148 0.674292 0.0288594 0.07425
0 0.356508 0.495573 0.0148906 0.0680208
0 0.358555 0.39749 0.0592969 0.0687708
0 0.859758 0.766292 0.0293594 0.0453333
0 0.550148 0.896188 0.0462031 0.0918333
0 0.93975 0.773167 0.00859375 0.0798333
0 0.573773 0.887667 0.0423906 0.0850417
0 0.379969 0.732552 0.0236563 0.0615208
0 0.693133 0.841708 0.0324219 0.088
0 0.310273 0.53249 0.0139219 0.112354
0 0.377492 0.577146 0.0140469 0.0525833
0 0.671188 0.577802 0.0282813 0.0536042
0 0.415133 0.36574 0.0210469 0.0648125
0 0.671992 0.818198 0.0306406 0.109854
0 0.690781 0.575635 0.0125 0.0205208
0 0.450766 0.600104 0.009625 0.0277083
0 0.614789 0.741312 0.0927656 0.049
0 0.685281 0.672583 0.0163438 0.040125
0 0.318219 0.592438 0.0382813 0.0738333
0 0.299063 0.362156 0.02 0.0548958
0 0.470508 0.659521 0.0246094 0.0460417
0 0.29643 0.535615 0.0192656 0.108396
0 0.55775 0.603354 0.0183437 0.06775
0 0.333539 0.38875 0.0275156 0.0672083
0 0.450078 0.626437 0.0215625 0.0355833
0 0.679594 0.902208 0.0336875 0.0835833
0 0.270875 0.80076 0.0242188 0.0498125
0 0.89743 0.757708 0.0220781 0.0519167
0 0.548289 0.650031 0.0344531 0.0738542
0 0.0262109 0.285635 0.0165469 0.0287292
0 0.423906 0.823 0.0335625 0.176542
0 0.161719 0.866531 0.0226562 0.0771875
0 0.329477 0.526469 0.0138594 0.0783958
0 0.179195 0.917469 0.0448281 0.0456458
0 0.00765625 0.312344 0.0132812 0.0187292
0 0.438594 0.560344 0.0154062 0.0533542
0 0.414258 0.615625 0.00985938 0.0270833
0 0.476125 0.87175 0.0548438 0.112333
0 0.273852 0.869052 0.0248281 0.0587292
0 0.375937 0.870198 0.0719687 0.0293125
0 0.840578 0.711698 0.0098125 0.0533542
0 0.497789 0.611677 0.0177656 0.0581458
0 0.801055 0.850562 0.0577031 0.0527083
0 0.107836 0.824979 0.0209531 0.070875
0 0.485742 0.526229 0.0217344 0.054375
0 0.224727 0.356729 0.0176719 0.0741667
0 0.779 0.795563 0.0336875 0.0820833
0 0.340492 0.497365 0.0128906 0.0331875
0 0.283953 0.756448 0.009625 0.0243542
0 0.605867 0.64475 0.0155781 0.024875
0 0.626234 0.618062 0.0300312 0.0620833
0 0.370203 0.889844 0.0324062 0.0321042
0 0.903406 0.814865 0.0264062 0.0998542
0 0.206508 0.901167 0.0350156 0.054625
0 0.429047 0.657438 0.0198125 0.0395
0 0.647687 0.577021 0.0230937 0.0718333
0 0.562375 0.691792 0.0280938 0.0512917
0 0.451852 0.820073 0.0291719 0.129646
0 0.259758 0.552771 0.0559844 0.0913333
0 0.843805 0.863542 0.0548594 0.0820833
0 0.318641 0.534 0.016625 0.109375
0 0.3395 0.605823 0.0321562 0.0952292
0 0.618883 0.653833 0.0232344 0.06375
0 0.420906 0.510635 0.0265625 0.0713125
0 0.506977 0.596823 0.0103906 0.0400208
0 0.259125 0.728875 0.0148125 0.0512917
0 0.5635 0.512479 0.02675 0.05875
0 0.395961 0.728125 0.0142969 0.071
0 0.381625 0.615365 0.0148125 0.0551458
0 0.176523 0.850594 0.00935937 0.0226875
0 0.302852 0.915573 0.0256719 0.0714375
0 0.655703 0.896844 0.0407187 0.0997292
0 0.376734 0.852948 0.07525 0.0413125
0 0.708508 0.842052 0.0271406 0.133896
0 0.399461 0.600365 0.0141719 0.0577708
0 0.178008 0.780021 0.0284531 0.036125
0 0.485016 0.813208 0.0277813 0.0996667
0 0.250742 0.362281 0.0153594 0.0438958
0 0.304219 0.377479 0.017625 0.0426667
0 0.469187 0.8125 0.0350312 0.14775
0 0.509656 0.664875 0.0219375 0.049
0 0.443586 0.362583 0.0125781 0.037875
0 0.389531 0.603875 0.0169375 0.0607917
0 0.825117 0.808458 0.0444219 0.0551667
0 0.602383 0.713542 0.0173281 0.0444583
0 0.308836 0.316271 0.0105156 0.0256667
0 0.611336 0.810885 0.0550469 0.0433542
0 0.30832 0.79301 0.0365469 0.0390625
0 0.136805 0.868396 0.0316719 0.0780417
0 0.433609 0.627385 0.016875 0.0399375
0 0.585211 0.83375 0.0261719 0.07
0 0.610695 0.619167 0.0180781 0.055375
0 0.484398 0.673219 0.00885937 0.0471875
0 0.465945 0.604354 0.0211719 0.03975
0 0.37507 0.69276 0.0223281 0.0718125
0 0.635086 0.878375 0.0522969 0.098875
0 0.394172 0.672521 0.0106875 0.0395417
0 0.373539 0.772719 0.0408594 0.0921875
0 0.632977 0.671031 0.0303594 0.0516042
0 0.481914 0.720313 0.0260781 0.0645833
0 0.772391 0.730688 0.0346562 0.0637917
0 0.257078 0.831063 0.0219375 0.0666667
0 0.501031 0.737667 0.0208438 0.104833
0 0.730258 0.704917 0.0277969 0.052875
0 0.434625 0.92424 0.0399375 0.0922708
0 0.519172 0.511208 0.0167813 0.0811667
0 0.874664 0.739719 0.0218906 0.0262708
0 0.199766 0.864615 0.0521563 0.0764375
0 0.360664 0.57425 0.0243594 0.0793333
0 0.390328 0.336927 0.0138125 0.0546458
0 0.404234 0.371396 0.0224375 0.086875
0 0.336617 0.709323 0.0164219 0.0792708
0 0.453086 0.578437 0.0156406 0.02975
0 0.472836 0.586708 0.0180156 0.0363333
0 0.264797 0.356969 0.017125 0.0354375
0 0.694656 0.606146 0.0134687 0.034625
0 0.357688 0.338854 0.015875 0.0347083
0 0.678773 0.742552 0.0240781 0.0644792
0 0.9205 0.787417 0.0207813 0.0954167
0 0.957812 0.828396 0.0230312 0.0845833
0 0.38432 0.488146 0.0171406 0.0674583
0 0.351422 0.526 0.0176563 0.0509167
0 0.808391 0.735187 0.0255625 0.0972083
0 0.670055 0.696313 0.0181094 0.056
0 0.627492 0.664104 0.0138594 0.0412917
0 0.16932 0.82801 0.0588906 0.0613125
0 0.366602 0.614375 0.0152031 0.0591667
0 0.440828 0.664021 0.0290625 0.069
0 0.793281 0.726156 0.0248438 0.0774375
0 0.504906 0.646271 0.01425 0.04925
0 0.205813 0.732771 0.0194375 0.084125
0 0.69475 0.720927 0.0225312 0.0666875
0 0.338414 0.741052 0.0273281 0.0582292
0 0.563031 0.751635 0.0227187 0.0449792
0 0.357664 0.423323 0.0676719 0.0621042
0 0.749883 0.881719 0.0517969 0.0851042
0 0.311258 0.350146 0.00954687 0.033375
0 0.765859 0.805396 0.0264375 0.0770417
0 0.0820625 0.805885 0.031375 0.0779792
0 0.516742 0.745437 0.0272344 0.113708
0 0.458203 0.925667 0.0373125 0.0894167
0 0.225633 0.302594 0.0258281 0.0173125
0 0.644227 0.615385 0.0291719 0.0436875
0 0.0849063 0.858542 0.0471562 0.0507917
0 0.553477 0.503938 0.0237031 0.0532083
0 0.747359 0.782333 0.01925 0.055875
0 0.53982 0.826073 0.0331406 0.0934792
0 0.57257 0.699208 0.0259531 0.0479167
0 0.643367 0.697229 0.0127344 0.0432083
0 0.534047 0.642302 0.0125 0.0336042
0 0.247187 0.808 0.0230937 0.0556667
0 0.901719 0.732021 0.02175 0.0456667
0 0.40175 0.344885 0.0304063 0.0800208
0 0.58757 0.661469 0.0307969 0.0518125
0 0.511008 0.57149 0.0146094 0.0368958
0 0.498711 0.860083 0.0378281 0.126667
0 0.534508 0.916104 0.0415156 0.0602917
0 0.589508 0.878969 0.0367344 0.0881042
0 0.278125 0.824792 0.027375 0.0459167
0 0.248086 0.744531 0.0159844 0.0708125
0 0.318453 0.384396 0.0280938 0.0851667
0 0.0175547 0.270635 0.0127031 0.0301458
0 0.292555 0.79699 0.00967187 0.0122292
0 0.221148 0.415448 0.0296719 0.0541042
0 0.563508 0.66201 0.0437031 0.0703125
0 0.666172 0.543833 0.00971875 0.034375
0 0.292078 0.773885 0.0184375 0.0396458
0 0.434563 0.81999 0.0317188 0.131562
0 0.387852 0.776302 0.0674531 0.0914792
0 0.242383 0.863917 0.0173281 0.0577083
0 0.617742 0.777635 0.0891094 0.0369375
0 0.28107 0.376823 0.0198594 0.0353958
0 0.0189844 0.340729 0.020375 0.046875
0 0.599773 0.688729 0.0140469 0.054625
0 0.951969 0.779333 0.0292187 0.0605833
0 0.211086 0.336656 0.0146094 0.0284792
0 0.350398 0.32501 0.0144219 0.0331042
0 0.638938 0.820187 0.0375313 0.0605417
0 0.0496328 0.788125 0.0248281 0.0923333
0 0.206914 0.369927 0.0185156 0.0449375
0 0.351305 0.666802 0.0127031 0.0297708
0 0.366992 0.508281 0.0163594 0.0743958
0 0.395227 0.345865 0.0191094 0.0552292
0 0.746883 0.859396 0.0285781 0.106625
0 0.42132 0.703229 0.0188906 0.0607917
0 0.367188 0.33275 0.0157813 0.0412917
0 0.340687 0.330781 0.0182812 0.0461875
0 0.43993 0.333458 0.0204844 0.0339583
0 0.217758 0.733552 0.0223281 0.0995208
0 0.70957 0.729906 0.0202031 0.0415625
0 0.40332 0.58651 0.0109219 0.0343958
0 0.411102 0.787896 0.0198594 0.0724583
0 0.704586 0.762458 0.0402344 0.083375
0 0.921617 0.857688 0.0406094 0.0949167
0 0.629 0.710385 0.0235625 0.0357292
0 0.296602 0.321313 0.0187031 0.0249167
0 0.534336 0.560354 0.0165469 0.0661667
0 0.746773 0.715448 0.0257969 0.0336458
