0 0.405605 0.541258 0.0283333 0.0313725
0 0.203366 0.566266 0.0249673 0.0436111
0 0.388832 0.757712 0.0285131 0.0694118
0 0.331846 0.795825 0.0162745 0.0188399
0 0.502802 0.772051 0.0238399 0.0430882
0 0.422337 0.769902 0.0127778 0.0298039
0 0.472361 0.629739 0.0174346 0.0169281
0 0.3871 0.702296 0.0162582 0.0221732
0 0.272908 0.762998 0.0476144 0.0470752
0 0.291029 0.599469 0.0116013 0.0254085
0 0.327843 0.584698 0.0194444 0.0238072
0 0.339812 0.52415 0.0150163 0.0201307
0 0.44924 0.701275 0.0149837 0.0261438
0 0.140621 0.731283 0.0317974 0.0287092
0 0.363317 0.738333 0.0235948 0.052549
0 0.209551 0.60223 0.0202451 0.0238399
0 0.415433 0.700637 0.0523039 0.0397386
0 0.176217 0.664779 0.0320752 0.0134804
0 0.313186 0.707827 0.0317974 0.0448693
0 0.35335 0.772026 0.0162092 0.028366
0 0.385498 0.543848 0.0276961 0.0287092
0 0.162418 0.680637 0.0228105 0.0197386
0 0.477034 0.663464 0.050768 0.0269281
0 0.147165 0.735384 0.0220425 0.0328268
0 0.21473 0.79 0.0143627 0.0317974
0 0.51982 0.778995 0.00767974 0.0237092
0 0.474469 0.685384 0.0228268 0.0384477
0 0.507141 0.688154 0.0130719 0.0317974
0 0.329387 0.570613 0.0153105 0.0135458
0 0.189428 0.608374 0.0151961 0.0262582
0 0.390458 0.514747 0.0386928 0.0238072
0 0.285041 0.49509 0.0406373 0.0192974
0 0.267492 0.581021 0.0143627 0.0528268
0 0.200605 0.588121 0.00875817 0.022451
0 0.421904 0.521511 0.0288072 0.0148529
0 0.405408 0.547843 0.0168301 0.0290523
0 0.17835 0.620809 0.0140523 0.0230229
0 0.300147 0.744673 0.02 0.0269281
0 0.335368 0.714641 0.0184477 0.0510131
0 0.480498 0.676193 0.0433824 0.0358824
0 0.261822 0.53281 0.0156046 0.0275163
0 0.410237 0.573399 0.0153758 0.0315359
0 0.437312 0.5354 0.0328595 0.0260948
0 0.196201 0.522598 0.0639379 0.0384314
0 0.348775 0.571413 0.0215359 0.0510294
0 0.232533 0.781217 0.025915 0.0637092
0 0.181127 0.739485 0.03 0.0401797
0 0.417876 0.675833 0.0637582 0.0243464
0 0.157958 0.696683 0.0229739 0.0154248
0 0.280752 0.780482 0.0535621 0.0526961
0 0.317337 0.506871 0.0256536 0.030768
0 0.183203 0.697083 0.0337255 0.0434477
0 0.276503 0.714926 0.0198039 0.0588072
0 0.134771 0.764959 0.0159477 0.0275654
0 0.44741 0.604232 0.00897059 0.0197386
0 0.231413 0.522827 0.0330882 0.06
0 0.398938 0.593489 0.0144444 0.0439706
0 0.447721 0.564257 0.0119118 0.0209314
0 0.452304 0.532974 0.0266667 0.0300654
0 0.304224 0.636029 0.0130556 0.0284314
0 0.297516 0.555474 0.0155229 0.0369608
0 0.289069 0.748317 0.0245425 0.0240196
0 0.206332 0.52942 0.0517157 0.0331209
0 0.209788 0.682598 0.0437908 0.0393137
0 0.509918 0.738742 0.0285621 0.0376471
0 0.310114 0.61192 0.0212745 0.0243627
0 0.450131 0.716021 0.0131373 0.0298529
0 0.287582 0.518129 0.0158824 0.0341013
0 0.240237 0.719101 0.0374346 0.0638562
0 0.257345 0.794191 0.0104739 0.0181863
0 0.24 0.58607 0.0105229 0.020768
0 0.337435 0.752173 0.0172876 0.0242157
0 0.42344 0.577574 0.016585 0.0387745
0 0.202966 0.782925 0.010768 0.0151307
0 0.442426 0.591283 0.00848039 0.0262255
0 0.342623 0.491471 0.0459641 0.0257843
0 0.158824 0.740743 0.0223529 0.0308333
0 0.306895 0.584158 0.0235948 0.0241013
0 0.291912 0.771275 0.0492157 0.0537582
0 0.411054 0.72857 0.0482843 0.0509314
0 0.427467 0.610237 0.00839869 0.0173366
0 0.153333 0.71223 0.0158824 0.0141013
0 0.395302 0.477312 0.019232 0.039232
0 0.262304 0.634542 0.0202614 0.0130719
0 0.22951 0.692582 0.0228758 0.0391176
0 0.262092 0.563374 0.0282353 0.0447222
0 0.281136 0.566413 0.0258987 0.0543627
0 0.42281 0.513652 0.0376797 0.00844771
0 0.243489 0.606413 0.0156699 0.0259314
0 0.274224 0.486838 0.0362908 0.0201471
0 0.271904 0.515515 0.0158987 0.0228268
0 0.141895 0.697868 0.0253922 0.0228268
0 0.181397 0.677623 0.0302451 0.0311601
0 0.264665 0.782353 0.0375327 0.0550327
0 0.478725 0.755948 0.0266667 0.0235948
0 0.471642 0.765637 0.0243627 0.0153922
0 0.462132 0.748954 0.0179575 0.0194771
0 0.171601 0.761846 0.0397386 0.0435948
0 0.42759 0.552271 0.015866 0.0207843
0 0.34268 0.48402 0.0434314 0.0216013
0 0.299608 0.688072 0.0156209 0.0284641
0 0.370645 0.509477 0.0340359 0.0337255
0 0.344616 0.7829 0.0167484 0.0327941
0 0.233578 0.562647 0.036634 0.0390196
0 0.455384 0.692353 0.0205065 0.0384641
0 0.444935 0.775286 0.0127451 0.0322059
0 0.199216 0.758873 0.017451 0.0263725
0 0.490261 0.698554 0.0180719 0.0325654
0 0.285302 0.588203 0.0271732 0.0446078
0 0.257778 0.713227 0.0359804 0.0613889
0 0.488954 0.731961 0.0117974 0.0430719
0 0.449485 0.67223 0.0335784 0.0269118
0 0.32152 0.722949 0.0164052 0.0510294
0 0.192157 0.504616 0.0671895 0.0215523
0 0.451127 0.765768 0.00820261 0.0212745
0 0.392827 0.624248 0.0338562 0.0487255
0 0.453717 0.559134 0.00818627 0.0230392
0 0.443832 0.619984 0.0221732 0.0135948
0 0.315907 0.520172 0.0175327 0.035049
0 0.407688 0.493897 0.0274346 0.0164216
0 0.394052 0.572631 0.0171569 0.0394118
0 0.473309 0.740768 0.0223039 0.0235948
0 0.290212 0.642312 0.0191503 0.012598
0 0.213464 0.637876 0.0235948 0.0146078
0 0.177042 0.557745 0.0265359 0.0246405
0 0.162672 0.718203 0.0143627 0.0312745
0 0.173194 0.587467 0.0206699 0.0297059
0 0.156266 0.617435 0.020768 0.0333333
0 0.361381 0.581765 0.0136765 0.0524183
0 0.344861 0.721479 0.0112908 0.043317
0 0.214698 0.560245 0.0236438 0.0405556
0 0.420237 0.628897 0.00821895 0.0194935
0 0.38009 0.764943 0.0115196 0.0361601
0 0.385621 0.471667 0.0182026 0.0258824
0 0.344853 0.617565 0.0176797 0.0387255
0 0.310359 0.741536 0.0135948 0.0271895
0 0.372696 0.791136 0.0337255 0.0174673
0 0.235752 0.632696 0.0261438 0.0315359
0 0.341928 0.640531 0.0481699 0.0106699
0 0.352778 0.534175 0.013366 0.0231536
0 0.178848 0.722884 0.0212908 0.0323693
0 0.354395 0.512966 0.0145425 0.0168137
0 0.374788 0.62692 0.0243464 0.0476961
0 0.470302 0.705899 0.0176961 0.0420588
0 0.166315 0.776005 0.0429902 0.0390359
0 0.365833 0.560792 0.0184641 0.0441013
