0 0.52996 0.568267 0.06388 0.1206
0 0.27665 0.6406 0.13462 0.139067
0 0.4156 0.549483 0.10828 0.168433
0 0.4332 0.661833 0.11564 0.109067
0 0.3359 0.412133 0.10512 0.138733
0 0.12095 0.619567 0.1095 0.113467
0 0.50744 0.447617 0.04956 0.127367
0 0.45574 0.416117 0.05648 0.116767
0 0.13828 0.514117 0.07732 0.1181
0 0.50187 0.6814 0.09054 0.1166
0 0.24109 0.539883 0.15238 0.0953667
0 0.25333 0.436567 0.1569 0.112467
0 0.45037 0.355517 0.06138 0.2555
0 0.57752 0.632233 0.08296 0.119133
0 0.3284 0.53035 0.1 0.1137
0 0.25643 0.351967 0.12722 0.0814667
0 0.25514 0.703017 0.12508 0.0888333
0 0.14472 0.655867 0.12656 0.1844
0 0.36606 0.714467 0.07384 0.0608
0 0.293 0.32445 0.11172 0.0574333
0 0.36736 0.310267 0.06868 0.1974
0 0.38041 0.36005 0.08274 0.193367
0 0.64231 0.60175 0.07174 0.0841667
0 0.61216 0.4806 0.0302 0.181133
0 0.55117 0.430367 0.0521 0.173667
0 0.15915 0.44875 0.11298 0.1099
0 0.47014 0.586867 0.10616 0.1414
0 0.359 0.650583 0.09192 0.0769667
