0 0.683305 0.576042 0.184766 0.32125
0 0.260695 0.562365 0.215578 0.101271
0 0.393609 0.600771 0.295375 0.174
0 0.563781 0.585583 0.300875 0.330167
1 0.267648 0.868187 0.0937344 0.11725
1 0.564688 0.546458 0.0698125 0.0979583
1 0.645289 0.350635 0.0567344 0.108896
1 0.424758 0.493292 0.0771719 0.103167
1 0.239211 0.467948 0.125578 0.0979375
1 0.378312 0.696594 0.117906 0.0978958
1 0.16993 0.803229 0.0791094 0.0987917
1 0.191812 0.51 0.0276875 0.0189583
1 0.275391 0.416052 0.0688438 0.0643542
1 0.497484 0.602365 0.08075 0.0659375
1 0.838445 0.826021 0.131516 0.172125
1 0.598461 0.353052 0.0972969 0.0848542
