2 0.280031 0.301928 0.0532188 0.039229
2 0.880937 0.378026 0.111781 0.108715
2 0.223297 0.201951 0.0442813 0.0562383
2 0.605 0.275561 0.0499062 0.0374766
2 0.444539 0.542208 0.0741094 0.0461916
2 0.31175 0.47625 0.0702812 0.0760981
2 0.433773 0.384579 0.0447969 0.0560748
2 0.726539 0.190058 0.0711406 0.0705841
2 0.481578 0.305654 0.0413125 0.0361215
2 0.445836 0.263773 0.0444531 0.0746028
2 0.701477 0.505759 0.107828 0.0681075
2 0.552977 0.427605 0.0434219 0.041285
2 0.524383 0.294404 0.0531406 0.0539019
2 0.419539 0.501425 0.0491406 0.0512617
2 0.323125 0.187407 0.0315625 0.0552336
2 0.82525 0.323037 0.0649687 0.0563084
2 0.360961 0.129871 0.0611094 0.0295093
