1 0.438961 0.4805 0.0584531 0.0975417
1 0.601492 0.441292 0.0496719 0.073625
1 0.487828 0.476844 0.0701875 0.0912708
1 0.530508 0.599938 0.0862031 0.0931667
1 0.524922 0.516969 0.0665 0.0946875
1 0.569547 0.482573 0.0749062 0.107063
1 0.629641 0.509542 0.065875 0.083625
1 0.39293 0.487292 0.0344219 0.028375
1 0.455672 0.425562 0.0548125 0.0869167
0 0.400297 0.700885 0.141844 0.165313
0 0.0750469 0.509854 0.143906 0.15575
0 0.158617 0.608781 0.0865156 0.118229
0 0.698914 0.579917 0.225609 0.148417
0 0.176047 0.392688 0.20175 0.08775
0 0.191078 0.521229 0.186125 0.139542
0 0.791148 0.445437 0.143266 0.0769167
0 0.810844 0.401479 0.0681563 0.0295417
0 0.271148 0.517854 0.158734 0.137208
0 0.434133 0.600833 0.135953 0.165125
0 0.600359 0.739594 0.149781 0.243188
0 0.484406 0.738729 0.0848437 0.245042
0 0.670039 0.686625 0.227109 0.152667
0 0.765156 0.336094 0.163469 0.101271
0 0.651453 0.624583 0.201125 0.188208
0 0.74075 0.512583 0.130906 0.079375
0 0.783273 0.349948 0.115953 0.120063
