0 0.58364 0.415913 0.0042 0.0261377
0 0.42163 0.354147 0.01166 0.0215269
0 0.18852 0.388488 0.00788 0.0174551
0 0.31702 0.400659 0.0102 0.0243713
0 0.76117 0.375135 0.0073 0.0251198
0 0.95546 0.396407 0.00892 0.0251497
0 0.28541 0.399237 0.00446 0.0169162
0 0.97919 0.347695 0.00926 0.0282036
0 0.04253 0.401467 0.00462 0.0182036
0 0.4992 0.435015 0.00756 0.0169162
0 0.87153 0.41238 0.0141 0.0202096
0 0.20983 0.371916 0.00582 0.0279641
0 0.06765 0.436213 0.01062 0.0215269
0 0.0973 0.413189 0.00584 0.00583832
0 0.143 0.412665 0.00512 0.0167665
0 0.04707 0.399671 0.00582 0.0253892
0 0.23164 0.365434 0.00548 0.0179341
0 0.42886 0.355374 0.00476 0.0193114
0 0.23507 0.400254 0.00394 0.0256587
0 0.31654 0.362994 0.00416 0.0187425
0 0.53847 0.414296 0.0043 0.023024
0 0.20924 0.419431 0.00284 0.0208383
0 0.36433 0.42021 0.0107 0.018982
0 0.62202 0.371018 0.006 0.0256287
0 0.54086 0.354237 0.00824 0.0248802
0 0.0499 0.402485 0.00532 0.0192216
0 0.57536 0.41768 0.00372 0.0142814
0 0.89818 0.381886 0.00772 0.0246108
0 0.13545 0.375629 0.00566 0.0235928
0 0.81315 0.362919 0.0069 0.0200898
0 0.28821 0.401781 0.00406 0.0202695
0 0.40083 0.366213 0.00822 0.0169162
0 0.10262 0.398593 0.0096 0.0243713
0 0.35756 0.398114 0.00832 0.0264671
0 0.31948 0.360644 0.00708 0.0231437
0 0.7804 0.377919 0.00304 0.0178743
0 0.77597 0.385659 0.00794 0.0339521
0 0.19487 0.432111 0.0099 0.0245808
0 0.10921 0.401407 0.00634 0.0248503
0 0.61263 0.422051 0.00722 0.0265569
0 0.51173 0.390419 0.00842 0.0235928
0 0.14609 0.365344 0.00722 0.0123054
0 0.77416 0.379626 0.01132 0.0244012
0 0.68008 0.416677 0.00384 0.0254491
0 0.73553 0.358728 0.0115 0.0230838
0 0.0125 0.436153 0.00508 0.0250599
0 0.2915 0.39768 0.0036 0.0241018
0 0.29542 0.394027 0.00864 0.0201497
0 0.48089 0.358099 0.00374 0.0191317
0 0.19241 0.435913 0.00954 0.0236228
0 0.07209 0.403204 0.00618 0.0228144
0 0.11029 0.374177 0.00586 0.0281138
0 0.35297 0.346213 0.00482 0.0177545
0 0.6288 0.428548 0.01176 0.0249401
0 0.61741 0.419491 0.00734 0.0208383
0 0.65611 0.356946 0.0083 0.0245509
0 0.87469 0.410838 0.01382 0.0272455
0 0.13889 0.408159 0.00442 0.0155389
0 0.53429 0.360419 0.00586 0.0247904
0 0.75198 0.377141 0.00552 0.0231437
0 0.13108 0.377186 0.0048 0.0317964
0 0.18281 0.394117 0.00494 0.0273353
0 0.0072 0.436482 0.00788 0.0265569
0 0.69293 0.360823 0.00686 0.0189521
0 0.19221 0.445195 0.00566 0.0142814
0 0.68276 0.370135 0.006 0.0258982
0 0.38436 0.421392 0.00636 0.0158982
0 0.69189 0.406826 0.00878 0.0177844
0 0.68461 0.410644 0.00458 0.0117665
0 0.45253 0.364536 0.00618 0.0258982
0 0.40544 0.40744 0.0072 0.0241018
0 0.01255 0.400883 0.00738 0.0141018
0 0.28167 0.364701 0.01062 0.0241317
0 0.63189 0.422979 0.01098 0.0230838
0 0.0995 0.373428 0.00544 0.0181737
0 0.595 0.355329 0.01132 0.02
0 0.72794 0.36256 0.00876 0.0241018
0 0.49907 0.392949 0.00686 0.0212874
0 0.89174 0.381422 0.00856 0.0212874
0 0.14155 0.37521 0.00666 0.0233533
0 0.28839 0.373997 0.00334 0.0205689
0 0.50275 0.440913 0.00826 0.0247006
0 0.8173 0.367515 0.00492 0.0275449
0 0.58627 0.368952 0.00434 0.0250898
0 0.4237 0.404102 0.00808 0.0181437
0 0.51001 0.345749 0.00494 0.0234731
0 0.75603 0.37759 0.00758 0.0227844
0 0.34704 0.346123 0.00824 0.0156587
0 0.3963 0.360165 0.00744 0.0207485
0 0.54763 0.351677 0.00582 0.0217964
0 0.6645 0.419671 0.00956 0.0168862
0 0.34897 0.353653 0.0047 0.0097006
0 0.99183 0.34744 0.01634 0.0343413
0 0.65949 0.358503 0.0097 0.0270659
0 0.50052 0.345898 0.00564 0.02
0 0.65177 0.355644 0.0139 0.0241018
0 0.96276 0.395389 0.0048 0.0115569
0 0.66046 0.421527 0.00904 0.0171856
0 0.57537 0.408338 0.0115 0.0223054
0 0.05778 0.40238 0.00588 0.0195509
0 0.87037 0.420554 0.00994 0.0241018
0 0.61734 0.366407 0.00464 0.0230539
0 0.81748 0.413967 0.00728 0.0236826
0 0.18728 0.393593 0.00444 0.0266467
0 0.48325 0.345629 0.00534 0.0198802
0 0.23708 0.363847 0.00512 0.0178144
0 0.83358 0.36988 0.00468 0.0172455
0 0.45277 0.395494 0.00454 0.0163174
