0 0.220984 0.805927 0.00771875 0.0153125
0 0.547477 0.682771 0.00698437 0.014625
0 0.0333047 0.819844 0.00951562 0.0308542
0 0.190102 0.776312 0.0101719 0.019125
0 0.553422 0.677781 0.00428125 0.0181458
0 0.400883 0.574854 0.00826563 0.0157083
0 0.701898 0.493542 0.00589063 0.00504167
0 0.370617 0.731979 0.00739063 0.01675
0 0.120531 0.760667 0.006625 0.011875
0 0.181586 0.825573 0.0134219 0.0127292
0 0.462961 0.3775 0.00779687 0.0164167
0 0.428758 0.699865 0.00454688 0.0129375
0 0.365273 0.685427 0.00417188 0.0090625
0 0.594531 0.535771 0.0064375 0.0184167
0 0.341359 0.716667 0.00784375 0.020125
0 0.106625 0.80825 0.006375 0.0226667
0 0.370539 0.711229 0.00320312 0.00954167
0 0.706648 0.50401 0.00401563 0.00877083
0 0.215766 0.793333 0.00678125 0.0117917
0 0.579352 0.556177 0.00389063 0.0145208
0 0.458063 0.680573 0.00409375 0.0152708
0 0.0716094 0.834135 0.00878125 0.0141875
0 0.368961 0.697094 0.00604688 0.0176042
0 0.562117 0.505104 0.00195312 0.0178333
0 0.200406 0.736479 0.0050625 0.0220417
0 0.414781 0.732063 0.0044375 0.0126667
0 0.419734 0.357104 0.0090625 0.0204167
0 0.649398 0.484552 0.00604688 0.0141875
0 0.646586 0.631177 0.00270312 0.0095625
0 0.418586 0.400281 0.00882813 0.0168542
0 0.0161563 0.881885 0.0104375 0.0181042
0 0.107359 0.827302 0.00734375 0.0161042
0 0.575133 0.670271 0.00323437 0.00916667
0 0.313891 0.577458 0.01075 0.0170833
0 0.242602 0.761437 0.0115781 0.0126667
0 0.507148 0.699521 0.00435938 0.00991667
0 0.215945 0.784875 0.0107656 0.0175
0 0.375062 0.520729 0.00628125 0.0119583
0 0.250195 0.7525 0.00689063 0.01475
0 0.311117 0.523656 0.0118281 0.0173958
0 0.584141 0.55525 0.00525 0.0154167
0 0.674719 0.544562 0.0035625 0.00579167
0 0.111625 0.844802 0.00909375 0.0255625
0 0.267602 0.731542 0.0127969 0.0184583
0 0.47625 0.569802 0.00340625 0.0045625
0 0.675523 0.528469 0.00845313 0.0046875
0 0.318586 0.743969 0.00567187 0.0166875
0 0.400687 0.731333 0.00525 0.0171667
0 0.605219 0.504729 0.00609375 0.01625
0 0.0801797 0.81126 0.00992188 0.0149375
0 0.356773 0.767396 0.00485937 0.00970833
0 0.430656 0.742521 0.0081875 0.0149583
0 0.1645 0.772729 0.00703125 0.0215
0 0.390922 0.734927 0.0056875 0.0103542
0 0.50775 0.569885 0.00709375 0.0118125
0 0.474641 0.697302 0.0033125 0.00827083
0 0.659914 0.465208 0.00857813 0.0132083
0 0.352031 0.526156 0.005625 0.0200208
0 0.595633 0.627552 0.00404688 0.0069375
0 0.159719 0.74899 0.0124375 0.0166042
0 0.512508 0.655167 0.00295313 0.00841667
0 0.0857109 0.846885 0.0133281 0.0203125
0 0.408937 0.355563 0.0074375 0.0184583
0 0.455117 0.389823 0.00939062 0.0166875
0 0.350117 0.696833 0.00610938 0.0198333
0 0.529953 0.590219 0.00734375 0.0100208
0 0.487359 0.491906 0.008375 0.00997917
0 0.32982 0.707906 0.00501563 0.0183542
0 0.334852 0.705094 0.00557812 0.0156875
0 0.570516 0.648531 0.00340625 0.0088125
0 0.532266 0.502896 0.0074375 0.0112917
0 0.593531 0.662948 0.00434375 0.0146042
0 0.0904531 0.766063 0.0090625 0.023875
0 0.379078 0.707115 0.006375 0.0186042
0 0.303766 0.708479 0.0049375 0.0197083
0 0.178508 0.783583 0.00685937 0.0143333
0 0.389297 0.581406 0.00703125 0.0190208
0 0.204016 0.761323 0.00696875 0.0145625
0 0.0425234 0.865698 0.0110156 0.0226458
0 0.287547 0.730521 0.0148125 0.008625
0 0.0666641 0.850448 0.00792188 0.0219792
0 0.153047 0.853563 0.00759375 0.00729167
0 0.641289 0.473302 0.00657812 0.0152708
0 0.0440469 0.819823 0.0125312 0.0256042
0 0.426437 0.403667 0.0055625 0.0139167
0 0.153469 0.815063 0.00603125 0.0150833
0 0.431648 0.405396 0.00667187 0.0144583
0 0.1575 0.804187 0.0069375 0.01825
0 0.428227 0.710562 0.00576562 0.0165833
0 0.156609 0.826594 0.00840625 0.0140208
0 0.456477 0.692823 0.00417188 0.0150208
0 0.388391 0.729615 0.00603125 0.0164375
0 0.576156 0.555094 0.0085625 0.0138958
0 0.198188 0.765562 0.00703125 0.0154167
0 0.573398 0.552396 0.00701563 0.00770833
0 0.300555 0.75124 0.0109531 0.0099375
0 0.33325 0.471292 0.00728125 0.0144583
0 0.682094 0.512521 0.00215625 0.006625
0 0.125867 0.784917 0.00610938 0.018
0 0.585648 0.49624 0.00626562 0.0169792
0 0.0291719 0.75151 0.00784375 0.0214792
0 0.488789 0.675698 0.00339062 0.0143125
0 0.323898 0.746687 0.00557812 0.0157083
0 0.230266 0.74201 0.008875 0.0140625
0 0.0889922 0.868219 0.00795313 0.00989583
0 0.605016 0.460604 0.00296875 0.00320833
0 0.0999531 0.85001 0.0079375 0.0160208
0 0.622898 0.54674 0.00395313 0.0100208
0 0.303344 0.732917 0.0095 0.01075
0 0.636594 0.650885 0.00475 0.0110208
0 0.425734 0.729958 0.0058125 0.00879167
0 0.345867 0.482563 0.00732813 0.0108333
0 0.369164 0.379937 0.00517188 0.0126667
0 0.120281 0.782552 0.0098125 0.0182708
0 0.149477 0.805875 0.00735937 0.0188333
0 0.153094 0.845562 0.00834375 0.0149167
0 0.400352 0.41975 0.00345313 0.008875
0 0.317594 0.696438 0.00521875 0.0144583
0 0.522055 0.67724 0.00589063 0.0114792
0 0.263422 0.747094 0.005 0.0165208
0 0.191367 0.766531 0.00660938 0.0228542
0 0.77093 0.629635 0.00295313 0.0123542
0 0.323195 0.774802 0.00598438 0.0151458
0 0.553109 0.661156 0.0054375 0.0150208
0 0.464383 0.371979 0.00785938 0.0162083
0 0.465867 0.531021 0.00751562 0.0180833
0 0.208359 0.742698 0.0076875 0.0198958
0 0.765508 0.623688 0.00292187 0.0113333
0 0.484445 0.568615 0.00254687 0.00622917
0 0.314375 0.695406 0.00784375 0.0198125
0 0.704664 0.530677 0.00414063 0.00785417
0 0.442633 0.713354 0.00564062 0.014
0 0.120016 0.827469 0.0085625 0.0157708
0 0.211633 0.82125 0.00654688 0.0185417
0 0.405633 0.390969 0.0123906 0.0165208
0 0.660539 0.61501 0.00254687 0.00610417
0 0.610898 0.592896 0.00476562 0.0154167
0 0.583922 0.527135 0.004125 0.00689583
0 0.367328 0.762917 0.00371875 0.012
0 0.0605625 0.795969 0.0089375 0.0185625
0 0.325977 0.584135 0.00614063 0.0268542
0 0.517617 0.684615 0.00542188 0.00972917
0 0.454367 0.376615 0.00748437 0.0188542
0 0.333359 0.52101 0.00596875 0.0163542
0 0.140781 0.847146 0.0078125 0.0113333
0 0.323961 0.479208 0.00498438 0.018125
0 0.577258 0.657802 0.00351563 0.0158125
0 0.669477 0.633938 0.00454688 0.00716667
0 0.668086 0.512562 0.00320312 0.011
0 0.469523 0.499302 0.00354688 0.0130625
0 0.227031 0.757969 0.0080625 0.0135625
0 0.645539 0.49801 0.00539063 0.0127708
0 0.248742 0.732521 0.00582812 0.018
0 0.339336 0.734833 0.00879687 0.019
0 0.388789 0.526354 0.00735937 0.017875
0 0.0901406 0.79174 0.00521875 0.0141875
0 0.475031 0.719552 0.00371875 0.0137708
0 0.496008 0.663615 0.00573437 0.0121875
0 0.401297 0.410771 0.00371875 0.011625
0 0.0317891 0.802031 0.00735937 0.00702083
0 0.351648 0.751625 0.00607813 0.0127917
0 0.439438 0.691875 0.00609375 0.014125
0 0.61768 0.641177 0.00898437 0.00964583
0 0.387094 0.46201 0.004375 0.0203125
0 0.306414 0.469865 0.00667187 0.0133542
0 0.710648 0.548 0.00417188 0.0075
0 0.150344 0.775458 0.0108438 0.0200417
0 0.598867 0.56576 0.00367188 0.0144375
0 0.615016 0.543667 0.00309375 0.00633333
0 0.557141 0.672573 0.0036875 0.00835417
0 0.486375 0.677667 0.003375 0.0142083
0 0.0419766 0.882198 0.00501563 0.0124375
0 0.304914 0.728823 0.00682812 0.0115625
0 0.246406 0.772542 0.008375 0.0135
0 0.259625 0.76475 0.006875 0.00958333
0 0.537953 0.526031 0.0035 0.0156875
0 0.656734 0.487875 0.00521875 0.0165417
0 0.101187 0.798573 0.00746875 0.0199375
0 0.195305 0.788896 0.00735937 0.0101667
0 0.441547 0.393385 0.00534375 0.0191875
0 0.538359 0.648344 0.0026875 0.00910417
0 0.671023 0.641781 0.00432813 0.0074375
0 0.465273 0.578063 0.00651562 0.010875
0 0.171625 0.796021 0.0192812 0.0121667
0 0.264445 0.711729 0.0104844 0.018125
0 0.416906 0.360521 0.00921875 0.0180833
0 0.666273 0.632729 0.00229687 0.00341667
0 0.519047 0.532094 0.00290625 0.0118542
0 0.19575 0.810927 0.0100938 0.0134792
0 0.13382 0.816948 0.00929687 0.0168125
0 0.520391 0.501375 0.0039375 0.00716667
0 0.375859 0.774792 0.00578125 0.00854167
0 0.0564375 0.871448 0.0104375 0.0211458
0 0.407648 0.692958 0.00285937 0.0125417
0 0.430297 0.675167 0.00471875 0.0108333
0 0.327734 0.51926 0.00784375 0.00714583
0 0.624555 0.465865 0.0102969 0.0141042
0 0.510367 0.592885 0.00373438 0.0116875
0 0.0330625 0.851281 0.0104375 0.0281042
0 0.76607 0.662969 0.00214063 0.00677083
0 0.188578 0.795323 0.010125 0.0159792
0 0.0702109 0.769062 0.00376563 0.0139167
0 0.0832109 0.774854 0.0126094 0.0206667
0 0.481414 0.504729 0.00439063 0.00666667
0 0.0622578 0.839271 0.00967187 0.0186667
0 0.592859 0.561333 0.00515625 0.00654167
0 0.47918 0.487938 0.0123906 0.00770833
0 0.427609 0.44374 0.0039375 0.0108542
0 0.291656 0.698 0.00534375 0.0179583
0 0.455398 0.7395 0.00457813 0.0108333
0 0.490711 0.708229 0.00392188 0.012
0 0.0188828 0.857375 0.0103906 0.0133333
0 0.0844531 0.835719 0.0088125 0.0130208
0 0.0659141 0.813302 0.00660938 0.0172292
0 0.624477 0.662427 0.00739063 0.00577083
0 0.241297 0.726833 0.00715625 0.01625
0 0.419508 0.565323 0.00457813 0.0239792
0 0.690516 0.627854 0.001875 0.00583333
0 0.317844 0.68575 0.00471875 0.0125833
0 0.401594 0.692427 0.00475 0.0151458
0 0.0100703 0.822927 0.0114844 0.0205625
0 0.379172 0.755792 0.005375 0.0157083
0 0.197023 0.735677 0.00529688 0.0270625
0 0.491352 0.673448 0.00454688 0.0121458
0 0.34375 0.467354 0.0043125 0.0140417
0 0.206078 0.786458 0.00775 0.0134583
0 0.658414 0.546125 0.00257812 0.00904167
0 0.56725 0.652542 0.00359375 0.0109583
0 0.697945 0.479156 0.00295313 0.0106875
0 0.683883 0.559885 0.00532813 0.0110208
0 0.387852 0.706885 0.00620313 0.0187292
0 0.338125 0.762562 0.0095625 0.0203333
0 0.265531 0.767677 0.0104375 0.0116875
0 0.574008 0.442854 0.00526563 0.00629167
0 0.35425 0.5055 0.0040625 0.0129167
0 0.634227 0.614563 0.00479687 0.0109167
0 0.356789 0.478958 0.00589063 0.0151667
0 0.687188 0.533333 0.00265625 0.00491667
0 0.68725 0.636365 0.00628125 0.0095625
0 0.0180781 0.868146 0.0109063 0.0145417
0 0.132898 0.769615 0.00660938 0.0195625
0 0.393156 0.7115 0.00846875 0.01425
0 0.610102 0.492531 0.00585938 0.0169792
0 0.321156 0.580979 0.00646875 0.0204583
0 0.603688 0.646094 0.0035625 0.00952083
0 0.136195 0.761844 0.00660938 0.0173542
0 0.478344 0.524385 0.0074375 0.0118542
0 0.608586 0.613479 0.00364063 0.00933333
0 0.559828 0.540052 0.00459375 0.0149375
0 0.314602 0.472573 0.00782813 0.0171875
0 0.671633 0.467083 0.00764062 0.00908333
0 0.0877344 0.809906 0.008625 0.0120625
0 0.445953 0.712406 0.00309375 0.00977083
0 0.600953 0.655062 0.0046875 0.0115833
0 0.663961 0.511531 0.00576562 0.0093125
0 0.53493 0.666312 0.0102031 0.020375
0 0.546234 0.544094 0.00215625 0.0071875
0 0.677922 0.498594 0.0019375 0.00747917
0 0.500266 0.519427 0.005625 0.0084375
0 0.449102 0.39674 0.00639062 0.0219792
0 0.143227 0.80225 0.00673437 0.0118333
0 0.62793 0.635125 0.00454688 0.00633333
0 0.134086 0.829094 0.00657812 0.00939583
0 0.689906 0.554771 0.0039375 0.004375
0 0.496055 0.531042 0.00257812 0.00445833
0 0.689102 0.497073 0.00426563 0.00839583
0 0.0288047 0.763552 0.0109219 0.0190208
0 0.195203 0.821458 0.005375 0.0111667
0 0.638648 0.620927 0.00539063 0.00952083
0 0.107062 0.872729 0.0124063 0.0104583
0 0.654094 0.48651 0.00375 0.0153125
0 0.664594 0.47576 0.0036875 0.00614583
0 0.366594 0.734104 0.00403125 0.0125417
0 0.66107 0.638292 0.00270312 0.00804167
0 0.51168 0.547365 0.00598438 0.0094375
0 0.660805 0.508854 0.00498438 0.00595833
