0 0.547336 0.506819 0.0194531 0.0409167
0 0.707633 0.510278 0.00967187 0.042
0 0.477266 0.304847 0.00759375 0.0105833
0 0.436016 0.301028 0.0051875 0.0215556
0 0.662242 0.550069 0.00964062 0.0436389
0 0.774773 0.513958 0.00754687 0.0196944
0 0.540914 0.316194 0.00485937 0.0231111
0 0.765563 0.497694 0.0116875 0.0297222
0 0.370172 0.453639 0.00490625 0.0195
0 0.450203 0.402903 0.0123438 0.0279167
0 0.274102 0.511417 0.00807813 0.0346111
0 0.57882 0.377764 0.00870313 0.0283611
0 0.332359 0.370236 0.0142813 0.0320278
0 0.376625 0.446958 0.00490625 0.0198611
0 0.285586 0.499542 0.00882813 0.0224722
0 0.573687 0.384403 0.010625 0.0315833
0 0.255422 0.397694 0.0126875 0.0374444
0 0.782875 0.497944 0.00678125 0.0307778
0 0.588953 0.31225 0.003625 0.0147778
0 0.604539 0.54 0.00879687 0.0558889
0 0.570922 0.508083 0.0135625 0.0505
0 0.534219 0.314972 0.00678125 0.0174444
0 0.5935 0.528472 0.0240938 0.0420556
0 0.647305 0.363181 0.00729687 0.0250833
0 0.319812 0.367889 0.00678125 0.0358889
0 0.269273 0.504431 0.0113594 0.0314722
0 0.402164 0.309222 0.00592188 0.025
0 0.325039 0.370306 0.00801563 0.0457778
0 0.258664 0.393847 0.0167344 0.0359167
0 0.654047 0.547625 0.014625 0.0574722
0 0.615852 0.538444 0.0111094 0.0528889
0 0.639109 0.366792 0.00534375 0.0330833
0 0.467836 0.368458 0.00898437 0.0395278
0 0.473117 0.363375 0.0151719 0.0354167
0 0.58243 0.383083 0.00707813 0.0292222
0 0.780984 0.508806 0.0065 0.0297222
0 0.787359 0.494611 0.0111875 0.0297222
0 0.612164 0.539389 0.00748437 0.0568333
0 0.474352 0.378972 0.00798438 0.0200556
0 0.310836 0.362347 0.0153906 0.0358056
0 0.656922 0.573542 0.00684375 0.0206389
0 0.621055 0.534069 0.0163594 0.0488611
0 0.798937 0.499222 0.00653125 0.0225
0 0.204758 0.414375 0.00698437 0.0350278
0 0.334656 0.367958 0.0165313 0.0326389
0 0.21125 0.412056 0.0126875 0.0292222
0 0.369445 0.300347 0.00476562 0.0281944
0 0.627617 0.450125 0.00404688 0.0115278
0 0.406289 0.309875 0.00504688 0.0269167
0 0.585805 0.385056 0.00785938 0.032
0 0.194781 0.418194 0.0089375 0.0379444
0 0.410477 0.38925 0.00414063 0.0258889
0 0.20118 0.421931 0.00773437 0.0399722
0 0.564516 0.518583 0.00865625 0.0525556
0 0.249297 0.395972 0.0085625 0.0363889
0 0.454531 0.393722 0.0147187 0.0207778
0 0.575969 0.294222 0.0075 0.0192222
