0 0.284656 0.631383 0.0502708 0.0281094
0 0.469708 0.578461 0.04 0.0189844
0 0.373125 0.704078 0.0315833 0.0570937
0 0.365115 0.524938 0.0330625 0.049375
0 0.432625 0.722367 0.0580833 0.0223281
0 0.407927 0.517 0.0589792 0.0670937
0 0.388448 0.649359 0.0514375 0.0505
0 0.449104 0.706187 0.041625 0.0174687
0 0.454219 0.716945 0.0553958 0.0164219
0 0.441365 0.613187 0.0455625 0.0227812
0 0.334042 0.627375 0.032625 0.0443125
0 0.408125 0.612914 0.0575 0.0263281
0 0.47049 0.694516 0.0324792 0.0188125
0 0.330917 0.53782 0.0499167 0.0346094
0 0.304729 0.466016 0.054375 0.0472813
0 0.455104 0.672805 0.0622917 0.0255156
0 0.44176 0.663711 0.0642708 0.0269219
0 0.34151 0.516023 0.0191458 0.0392344
0 0.417063 0.521539 0.028375 0.0230781
0 0.369208 0.577305 0.0434167 0.0592344
0 0.297667 0.51832 0.0425833 0.0409844
0 0.45351 0.556711 0.0680208 0.0256406
0 0.314875 0.653125 0.0680417 0.0312812
0 0.408365 0.693719 0.0501458 0.037875
0 0.344958 0.579977 0.045625 0.0652969
0 0.396031 0.56607 0.0494792 0.0420156
0 0.340323 0.461789 0.0341875 0.0405156
0 0.447531 0.636336 0.0642708 0.0269219
0 0.445781 0.590258 0.0611875 0.0266719
0 0.356083 0.640898 0.0331667 0.0417969
0 0.430469 0.743148 0.0352292 0.0187031
0 0.303729 0.683844 0.0635833 0.0215312
0 0.480094 0.631344 0.0302708 0.0236875
0 0.433167 0.688125 0.064625 0.024875
0 0.470698 0.606148 0.0638125 0.0251094
0 0.309167 0.564164 0.0775417 0.0274219
0 0.289146 0.540898 0.05725 0.0210469
0 0.429458 0.569836 0.0590833 0.0257969
0 0.412552 0.725516 0.0492292 0.0325625
0 0.325677 0.510641 0.0280208 0.0279375
0 0.434458 0.539875 0.0950417 0.0376875
0 0.347573 0.698977 0.0333542 0.0625469
0 0.324198 0.707227 0.0188125 0.0225156
