1 0.198947 0.85978 0.0461067 0.03576
1 0.499413 0.15927 0.0130133 0.0023
1 0.122907 0.13928 0.00752 0.00616
1 0.25988 0.84782 0.0485067 0.03504
1 0.501133 0.13882 0.0146933 0.01256
1 0.07604 0.15295 0.0119733 0.00538
1 0.0864267 0.14228 0.0138133 0.01108
1 0.129653 0.15423 0.0104 0.0059
1 0.467333 0.14347 0.0133333 0.0059
1 0.513227 0.15436 0.01984 0.01024
1 0.24648 0.86821 0.0516267 0.03026
1 0.16812 0.84652 0.0459467 0.03984
1 0.517627 0.14742 0.01984 0.01076
1 0.0774133 0.1709 0.0164267 0.01
1 0.0598 0.15429 0.00616 0.0059
1 0.481227 0.13988 0.01696 0.01364
1 0.47172 0.15202 0.02296 0.00636
1 0.520747 0.13884 0.01232 0.00744
1 0.09624 0.13754 0.0220267 0.00476
1 0.05856 0.14683 0.01104 0.00658
1 0.106133 0.14883 0.0174933 0.01174
1 0.136707 0.14182 0.0134133 0.00608
1 0.0926533 0.17025 0.0157067 0.0103
1 0.14648 0.14395 0.00874667 0.00438
1 0.0694933 0.17186 0.0088 0.00828
1 0.45072 0.16236 0.0133333 0.00668
1 0.461987 0.13222 0.0198667 0.01276
1 0.448787 0.15435 0.0197067 0.00738
1 0.0875067 0.15218 0.01368 0.00436
1 0.43968 0.13889 0.01568 0.0085
