2 0.0244118 0.774003 0.0488235 0.0833987
2 0.241822 0.707794 0.0710294 0.0548693
2 0.251291 0.634297 0.0602941 0.0496732
2 0.687361 0.585082 0.0532516 0.0435621
2 0.157214 0.626201 0.0549837 0.0407353
2 0.726299 0.587304 0.0322712 0.0333333
2 0.0210703 0.830498 0.0277941 0.0148529
2 0.177663 0.641389 0.058268 0.0440523
2 0.0686193 0.763864 0.0525654 0.0569118
2 0.22134 0.677304 0.0727124 0.07
2 0.0227451 0.73107 0.0424183 0.039232
2 0.248015 0.762418 0.0814869 0.0618954
2 0.187345 0.74268 0.0834804 0.0635294
2 0.296969 0.668333 0.0830882 0.0633333
2 0.8979 0.513072 0.0425327 0.0363072
2 0.321863 0.701373 0.0617974 0.0451307
2 0.165498 0.77875 0.0812255 0.0636765
2 0.0837582 0.812198 0.0295098 0.0218464
2 0.76027 0.613382 0.0271732 0.0312745
2 0.853154 0.508407 0.0506863 0.0398203
2 0.660261 0.533636 0.0446078 0.0389706
2 0.879461 0.603873 0.0315359 0.0278105
2 0.0191912 0.694616 0.0383824 0.0461601
2 0.0641013 0.710948 0.0630719 0.0617974
2 0.972737 0.577549 0.019232 0.0204902
2 0.867034 0.548007 0.049232 0.0435948
2 0.853121 0.483848 0.0515359 0.0405065
2 0.818538 0.574428 0.0505719 0.0439216
2 0.115621 0.805515 0.0251307 0.020768
2 0.0169771 0.646029 0.0324183 0.0520588
2 0.0448938 0.669461 0.0584804 0.0552288
2 0.216765 0.614641 0.0588235 0.040915
2 0.0960866 0.631046 0.0668464 0.0496732
2 0.125801 0.609379 0.0559804 0.0401307
2 0.141054 0.720523 0.112173 0.0994444
2 0.774714 0.583848 0.0377614 0.0412255
2 0.287288 0.731822 0.0698366 0.0662582
2 0.749363 0.556168 0.0384641 0.0312908
2 0.959559 0.517549 0.0632353 0.0436275
2 0.742157 0.622565 0.0384641 0.0251307
2 0.117467 0.674657 0.0589869 0.0384641
2 0.185229 0.596462 0.0448693 0.049232
