0 0.59932 0.826031 0.0187969 0.0140625
0 0.638734 0.464771 0.00553125 0.0174583
0 0.624797 0.496562 0.0066875 0.0180833
0 0.130461 0.371844 0.00664062 0.0156042
0 0.613758 0.298948 0.00607813 0.0218542
0 0.599328 0.298177 0.00440625 0.0119792
0 0.606266 0.230167 0.00865625 0.0113333
0 0.824023 0.385906 0.00545313 0.0324792
0 0.439695 0.374177 0.0120469 0.0276042
0 0.173383 0.434302 0.0107344 0.0146042
0 0.193031 0.370583 0.00671875 0.0218333
0 0.141102 0.368042 0.00932812 0.010375
0 0.429898 0.300146 0.00889063 0.028375
0 0.447172 0.333375 0.00771875 0.0242917
0 0.709156 0.371042 0.0116875 0.015125
0 0.800883 0.326365 0.00620313 0.0211875
0 0.75 0.411354 0.00409375 0.0229167
0 0.61357 0.473687 0.00764062 0.0184583
0 0.0734922 0.4365 0.00601563 0.02175
0 0.317945 0.328667 0.00835937 0.0254583
0 0.743898 0.821312 0.0158281 0.0240417
0 0.601445 0.245448 0.00526563 0.0160208
0 0.823859 0.442958 0.0098125 0.0205833
0 0.0721484 0.481 0.00660938 0.012125
0 0.651531 0.285594 0.006375 0.0226458
0 0.715961 0.797302 0.0205156 0.0366875
0 0.657063 0.422448 0.0061875 0.0178958
0 0.128047 0.48224 0.00503125 0.00952083
0 0.627781 0.418031 0.008125 0.0172708
0 0.673117 0.365771 0.00501563 0.0114583
0 0.785266 0.4135 0.00971875 0.020375
0 0.461336 0.40076 0.00485937 0.0145625
0 0.618648 0.403688 0.0115781 0.0270833
0 0.716477 0.816854 0.00764062 0.02425
0 0.66393 0.409094 0.00926562 0.0143542
0 0.447187 0.25101 0.00484375 0.0238542
0 0.63568 0.365812 0.00932812 0.02125
0 0.72968 0.338271 0.00801563 0.00675
0 0.722539 0.467156 0.00420313 0.00560417
0 0.733258 0.314875 0.00989063 0.0232083
0 0.604797 0.343521 0.00909375 0.02425
0 0.806234 0.377552 0.0201563 0.0206042
0 0.437406 0.346573 0.013625 0.0351042
0 0.685406 0.284688 0.0131562 0.0175417
0 0.0905156 0.437552 0.00621875 0.0110625
0 0.770289 0.519813 0.00745312 0.0230833
0 0.143641 0.260115 0.00759375 0.0129375
0 0.429281 0.265146 0.00484375 0.00954167
0 0.0857422 0.425917 0.0112344 0.011125
0 0.388344 0.333229 0.0162813 0.0377083
0 0.603563 0.454469 0.0115625 0.0173542
0 0.188172 0.614844 0.0102188 0.0365625
0 0.682484 0.371313 0.0116875 0.01975
0 0.61425 0.24824 0.00646875 0.0176458
0 0.227953 0.514344 0.007375 0.0343542
0 0.119672 0.21076 0.0081875 0.0234792
0 0.606828 0.45924 0.00771875 0.0191875
0 0.676898 0.312396 0.00579687 0.0220417
0 0.657992 0.248208 0.00723437 0.020375
0 0.214703 0.466135 0.00503125 0.0300208
0 0.145555 0.316208 0.00476562 0.008125
0 0.819352 0.693802 0.00723437 0.0228542
0 0.119547 0.371292 0.00896875 0.0223333
0 0.626508 0.479656 0.00389063 0.00639583
0 0.333828 0.332146 0.00846875 0.028375
0 0.656492 0.815927 0.0230156 0.0110625
0 0.624984 0.823042 0.02275 0.0200417
0 0.158195 0.374531 0.00510938 0.0231875
0 0.217984 0.389333 0.00478125 0.0281667
0 0.160969 0.262354 0.0116562 0.024
0 0.77143 0.321573 0.00714063 0.0151875
0 0.16782 0.48776 0.0112656 0.0172708
0 0.790016 0.410052 0.0163125 0.0201042
0 0.779234 0.415229 0.007375 0.021375
0 0.771687 0.432833 0.0110625 0.0197917
0 0.149211 0.481542 0.0103281 0.0115833
0 0.469023 0.313271 0.00854687 0.024375
0 0.195352 0.366031 0.00476562 0.0201875
0 0.827172 0.446698 0.00846875 0.0245208
0 0.530266 0.279042 0.0050625 0.013125
0 0.601977 0.468365 0.00332812 0.00564583
0 0.250211 0.320771 0.00598438 0.0315
0 0.380437 0.268604 0.0085 0.00970833
0 0.649008 0.246969 0.0103281 0.0168125
0 0.0897109 0.212083 0.00839063 0.0220833
0 0.821375 0.500406 0.008375 0.0199375
0 0.763539 0.814917 0.0137031 0.015
0 0.614211 0.520427 0.00879687 0.0230625
0 0.268656 0.366562 0.01575 0.0295833
0 0.587375 0.538656 0.004 0.0113542
0 0.60568 0.514844 0.00764062 0.0186458
0 0.640344 0.366385 0.0150937 0.0204792
0 0.469859 0.239979 0.007375 0.0280833
0 0.206563 0.46549 0.0081875 0.0272708
0 0.160656 0.498094 0.006875 0.00877083
0 0.583773 0.805521 0.0205156 0.0115833
0 0.353297 0.332417 0.0110625 0.0303333
0 0.808766 0.309469 0.0105 0.0222708
0 0.763641 0.348323 0.00653125 0.0090625
0 0.790641 0.638563 0.0117813 0.0154167
0 0.132898 0.476833 0.00542188 0.0149583
0 0.460594 0.281656 0.0095 0.0204375
0 0.199172 0.394823 0.0066875 0.0272708
0 0.826383 0.698073 0.00929687 0.0214792
0 0.752109 0.309646 0.0095 0.017625
0 0.688453 0.81976 0.00890625 0.0370625
0 0.423664 0.653823 0.0112969 0.0185625
0 0.904391 0.874438 0.0103438 0.0215
0 0.260437 0.314781 0.00778125 0.0267292
0 0.834125 0.69174 0.0074375 0.0231458
0 0.0965234 0.374521 0.00660938 0.0234167
0 0.565094 0.806625 0.0114687 0.033375
0 0.218648 0.672 0.00795313 0.009125
0 0.619211 0.302917 0.00489063 0.0174167
0 0.109344 0.261469 0.00628125 0.0238125
0 0.423797 0.308854 0.00790625 0.023625
0 0.652156 0.363698 0.0130938 0.0122708
0 0.609656 0.366104 0.011625 0.0183333
0 0.346836 0.321333 0.0153594 0.030375
0 0.756383 0.453865 0.00557812 0.0178958
0 0.704063 0.373552 0.010125 0.0214792
0 0.116461 0.207156 0.00970312 0.0231458
0 0.0632422 0.403469 0.0141094 0.0177292
0 0.553312 0.287542 0.0049375 0.00741667
0 0.0773359 0.262844 0.0131094 0.0210625
0 0.818945 0.551792 0.00929687 0.0220417
0 0.656031 0.844156 0.0121875 0.0101042
0 0.777891 0.515031 0.006875 0.0251042
0 0.260984 0.35951 0.0128125 0.0308542
0 0.51068 0.274656 0.00557812 0.0115625
0 0.742484 0.365292 0.0100625 0.015875
0 0.78182 0.465302 0.00832813 0.0163542
0 0.727789 0.310323 0.00504688 0.0185208
0 0.221695 0.442 0.00635938 0.014625
0 0.571539 0.291646 0.00414063 0.00579167
0 0.0486719 0.212594 0.00721875 0.0263958
0 0.648453 0.838615 0.0162188 0.0133958
0 0.633945 0.40076 0.0118281 0.0241458
0 0.642297 0.360052 0.0175625 0.0132292
0 0.742945 0.509917 0.00823437 0.0240417
0 0.601695 0.773417 0.0227344 0.0112917
0 0.679508 0.345448 0.0113281 0.00839583
0 0.369273 0.324781 0.00717187 0.0297708
0 0.805211 0.696552 0.0194219 0.0250625
0 0.661711 0.306479 0.00729687 0.0180833
0 0.293398 0.336375 0.00845313 0.0310833
0 0.91575 0.890271 0.020625 0.028875
0 0.643242 0.833552 0.0197656 0.0157292
0 0.770133 0.817042 0.0138594 0.0233333
0 0.439156 0.301437 0.00828125 0.0272083
0 0.105438 0.508646 0.00609375 0.018
0 0.127906 0.597385 0.0073125 0.0272708
0 0.694953 0.37425 0.00675 0.026125
0 0.164703 0.372594 0.00578125 0.0239792
0 0.789094 0.33475 0.009 0.014125
0 0.626305 0.5225 0.00554687 0.0187083
0 0.803289 0.637604 0.00720313 0.0296667
0 0.696578 0.246469 0.0040625 0.0216458
0 0.124656 0.210844 0.00503125 0.0257708
0 0.59393 0.349927 0.00595313 0.0166042
0 0.105516 0.373896 0.00865625 0.02525
0 0.402359 0.274438 0.00434375 0.0297083
0 0.621164 0.411542 0.0138281 0.01275
0 0.817375 0.642844 0.00690625 0.0303958
0 0.61107 0.302094 0.00879687 0.0226458
0 0.287031 0.387385 0.0115625 0.0214792
0 0.627367 0.456469 0.00829687 0.0168542
0 0.852938 0.665427 0.0074375 0.0294792
0 0.0799922 0.212813 0.0119844 0.0212083
0 0.0694375 0.264875 0.0103125 0.0213333
0 0.0915859 0.367312 0.0128594 0.01675
0 0.127102 0.255865 0.0121406 0.0254792
0 0.241328 0.319031 0.0125938 0.0335625
0 0.803312 0.680177 0.00603125 0.0199375
0 0.0637891 0.399646 0.0150781 0.0140417
0 0.667992 0.257125 0.00373438 0.0124583
0 0.708305 0.442625 0.00701563 0.0219167
0 0.588625 0.337698 0.0030625 0.00435417
0 0.754609 0.437573 0.0070625 0.0185625
0 0.601008 0.405333 0.00667187 0.01375
0 0.124883 0.438229 0.00626562 0.0127917
0 0.224164 0.421333 0.00698437 0.0273333
0 0.0880078 0.474542 0.00970312 0.018
0 0.728812 0.465167 0.00478125 0.0105
0 0.415187 0.315938 0.00940625 0.0275
0 0.751695 0.342104 0.00601563 0.0182917
0 0.313109 0.322906 0.0104375 0.0297708
0 0.0394844 0.4 0.0140937 0.01875
0 0.817508 0.384813 0.00792188 0.028375
0 0.151977 0.367771 0.0135781 0.0170833
0 0.324273 0.331385 0.00604688 0.0244792
0 0.691727 0.246198 0.00507813 0.0215208
0 0.144148 0.428927 0.00929687 0.00935417
0 0.603648 0.79049 0.0295469 0.00964583
0 0.638031 0.302115 0.00959375 0.0180625
0 0.775945 0.379865 0.00717187 0.0259375
0 0.606867 0.357583 0.0281094 0.0220417
0 0.78125 0.310385 0.01075 0.00852083
0 0.773383 0.421458 0.00926562 0.01675
0 0.246 0.32151 0.008 0.0337292
0 0.736109 0.534458 0.007625 0.018
0 0.459555 0.378594 0.00835937 0.0227292
0 0.718633 0.407167 0.00785938 0.0126667
0 0.460828 0.243823 0.0125938 0.0216042
0 0.101922 0.264969 0.00909375 0.0218542
0 0.745344 0.469115 0.002625 0.00389583
0 0.706391 0.240115 0.0124375 0.0169375
0 0.138023 0.56024 0.00751562 0.00972917
0 0.158906 0.436417 0.0083125 0.0225833
0 0.739273 0.509469 0.0101094 0.0231458
0 0.64275 0.823688 0.0257812 0.0138333
0 0.829211 0.644917 0.00589063 0.0244167
0 0.832773 0.655448 0.00879687 0.0305625
0 0.785984 0.368927 0.00471875 0.0176875
0 0.288164 0.336594 0.00707813 0.0290625
0 0.69125 0.281417 0.00640625 0.00995833
0 0.747977 0.78475 0.00351563 0.00970833
0 0.848227 0.63174 0.00545313 0.0218542
0 0.0421953 0.407375 0.00435938 0.008875
0 0.744836 0.408177 0.00726563 0.0226458
0 0.738297 0.401021 0.0141563 0.0124583
0 0.548984 0.758896 0.0282187 0.0210417
0 0.695375 0.81874 0.007625 0.0380208
0 0.0670234 0.385729 0.00639062 0.004125
0 0.642891 0.435917 0.005125 0.013625
0 0.451234 0.308875 0.0124688 0.0290417
0 0.89543 0.855833 0.0142969 0.0267083
0 0.705375 0.304208 0.00728125 0.012125
0 0.619344 0.288229 0.008875 0.00604167
0 0.0605078 0.466969 0.00570312 0.0121458
0 0.105625 0.301771 0.0056875 0.0232917
0 0.651703 0.358021 0.0099375 0.006625
0 0.782117 0.474917 0.00570312 0.008625
0 0.33618 0.314969 0.00939062 0.0128125
0 0.849008 0.684021 0.00992188 0.0132083
0 0.849781 0.611104 0.00409375 0.0156667
0 0.184008 0.431583 0.00598438 0.02025
0 0.352883 0.266792 0.0112031 0.0137083
0 0.375836 0.331385 0.00585938 0.0136458
0 0.136734 0.300083 0.00759375 0.0236667
0 0.818695 0.617 0.00464063 0.0134583
0 0.455547 0.379646 0.01 0.020625
0 0.644422 0.256542 0.00634375 0.00633333
0 0.894859 0.884385 0.00825 0.0254375
0 0.761445 0.521479 0.0143594 0.00933333
0 0.380438 0.343042 0.00425 0.0105
0 0.0775156 0.477406 0.0086875 0.0187292
0 0.892203 0.814 0.005 0.032
0 0.100867 0.374927 0.00785938 0.0253542
0 0.164422 0.608406 0.0133437 0.0186042
0 0.156906 0.479885 0.00784375 0.0151875
0 0.784242 0.325 0.0127031 0.01525
0 0.812008 0.679823 0.0114219 0.0256042
0 0.734914 0.306021 0.0122031 0.01675
0 0.593125 0.243792 0.007375 0.0212917
0 0.610688 0.413333 0.0025 0.0102917
0 0.728805 0.296448 0.0107969 0.0103125
0 0.548367 0.782417 0.0248906 0.0289583
0 0.825422 0.502823 0.00884375 0.0263542
0 0.131977 0.205604 0.00714063 0.0210417
0 0.712484 0.436198 0.0133125 0.0160625
0 0.0493125 0.407167 0.00515625 0.0264583
0 0.646062 0.306073 0.00728125 0.0171042
0 0.534383 0.246479 0.00807813 0.008625
0 0.757266 0.30351 0.0123438 0.0139375
0 0.692672 0.256052 0.005625 0.0167292
