0 0.216148 0.868756 0.0140781 0.0592019
0 0.941789 0.578462 0.0238594 0.0435915
0 0.961109 0.39257 0.00309375 0.0130282
0 0.600508 0.682207 0.0114844 0.0247887
0 0.625398 0.650998 0.0211406 0.0146244
0 0.486594 0.873122 0.0358438 0.0674648
0 0.0406328 0.700904 0.0194531 0.0164085
0 0.115438 0.830716 0.0114062 0.014061
0 0.296039 0.832418 0.0196094 0.0653991
0 0.263109 0.965622 0.0494687 0.0247183
0 0.338703 0.657993 0.0100625 0.0649061
0 0.0465313 0.654354 0.013375 0.0311972
0 0.381125 0.497805 0.00959375 0.0246244
0 0.449789 0.544695 0.0170781 0.00924883
0 0.441641 0.574507 0.0218438 0.0152113
0 0.906594 0.587523 0.0129688 0.0400235
0 0.421156 0.423275 0.007 0.00847418
0 0.796359 0.561573 0.0304063 0.0469484
0 0.839117 0.633439 0.0268594 0.0307746
0 0.59175 0.696972 0.007 0.00934272
0 0.458023 0.555282 0.0172344 0.0176995
0 0.942039 0.64581 0.0209844 0.0297418
0 0.220648 0.534425 0.0177344 0.0307746
0 0.806711 0.633063 0.0132344 0.0280986
0 0.352672 0.70777 0.00834375 0.0329577
0 0.412781 0.537946 0.0075 0.0256573
0 0.234641 0.788146 0.0338125 0.0495305
0 0.358813 0.736455 0.0360313 0.0487324
0 0.87882 0.495998 0.00704687 0.0293662
0 0.595836 0.878638 0.0179531 0.0238028
0 0.943344 0.606526 0.02375 0.0307981
0 0.179008 0.867336 0.0157344 0.0315258
0 0.777836 0.448122 0.0300156 0.0448826
0 0.646813 0.674894 0.0130312 0.0161268
0 0.666562 0.709425 0.015875 0.0435915
0 0.481844 0.338533 0.0100313 0.0172066
0 0.534234 0.769014 0.0127812 0.0151174
0 0.322742 0.720528 0.0155781 0.0678638
0 0.117266 0.637547 0.0129688 0.0389906
0 0.406094 0.858087 0.0446562 0.0426056
0 0.0364609 0.777911 0.00989063 0.0353991
0 0.233891 0.803427 0.046375 0.0430986
0 0.315734 0.756021 0.015375 0.0575352
0 0.428586 0.817676 0.0281094 0.0639437
0 0.699016 0.725575 0.0204688 0.0287089
0 0.422492 0.82493 0.0392031 0.0683099
0 0.835609 0.603075 0.0131875 0.0215023
0 0.216195 0.59196 0.0147344 0.0344836
0 0.938156 0.350915 0.00871875 0.00366197
0 0.431422 0.528721 0.0194375 0.0218075
0 0.03475 0.728779 0.011 0.0376995
0 0.677383 0.61216 0.0142969 0.0231455
0 0.660531 0.592488 0.0116562 0.0393427
0 0.445805 0.471326 0.0160469 0.01223
0 0.842781 0.448756 0.029 0.0297653
0 0.674586 0.771937 0.0289219 0.0423709
0 0.613266 0.593873 0.0122188 0.0257277
0 0.368836 0.926174 0.0227031 0.0656338
0 0.282398 0.603955 0.0162031 0.0251408
0 0.484969 0.510317 0.00596875 0.00819249
0 0.48318 0.883803 0.0281406 0.0646479
0 0.915813 0.587007 0.0142813 0.0351878
0 0.774734 0.612207 0.0044375 0.0112676
0 0.882117 0.517371 0.0245469 0.044507
0 0.350328 0.463838 0.0085625 0.0261737
0 0.37368 0.45642 0.00492188 0.00974178
0 0.374141 0.910188 0.0189375 0.0597653
0 0.116422 0.818638 0.012625 0.0215493
0 0.337508 0.961655 0.0404531 0.0434038
0 0.619195 0.812923 0.0177344 0.0223239
0 0.378086 0.582664 0.0122031 0.0328404
0 0.87732 0.529202 0.0220781 0.0338028
0 0.20932 0.973169 0.0103594 0.0415493
0 0.694344 0.538897 0.014375 0.0123474
0 0.0503906 0.760927 0.00375 0.0107746
0 0.263805 0.599577 0.0177344 0.0133333
0 0.221258 0.973333 0.0184219 0.0492488
0 0.198383 0.561878 0.00832813 0.0286385
0 0.357289 0.935869 0.0257656 0.0502817
0 0.606516 0.834425 0.0215 0.0284742
0 0.453344 0.928228 0.0365 0.0425587
0 0.628422 0.76804 0.019 0.0180047
0 0.865148 0.619131 0.0250781 0.0159155
0 0.346555 0.420704 0.0140156 0.0335681
0 0.426203 0.918263 0.034125 0.0386385
0 0.779117 0.465317 0.0107969 0.0270657
0 0.483289 0.330423 0.00426563 0.00896714
0 0.83 0.400411 0.0293438 0.0151408
0 0.441469 0.883415 0.0264375 0.0382394
0 0.0904531 0.799284 0.0200625 0.0254225
0 0.184609 0.939589 0.0300312 0.0156573
0 0.578758 0.822488 0.0218281 0.0159155
0 0.305055 0.828932 0.0173594 0.0697887
0 0.851781 0.656021 0.0226875 0.0169249
0 0.188727 0.615892 0.00854687 0.033662
0 0.326508 0.837031 0.0305469 0.057723
0 0.163883 0.57338 0.0158281 0.0170892
0 0.93657 0.380669 0.00585938 0.00795775
0 0.304859 0.781678 0.006875 0.0558451
0 0.413758 0.502653 0.0109531 0.0333803
0 0.207078 0.585399 0.008875 0.0376995
0 0.626367 0.603439 0.0206406 0.0189906
0 0.564562 0.855915 0.018375 0.030939
0 0.0784922 0.659343 0.00732813 0.011784
0 0.359453 0.669014 0.0286563 0.0430986
0 0.617836 0.832242 0.0325781 0.0339202
0 0.169773 0.735164 0.0199844 0.0326291
0 0.464953 0.582946 0.0225 0.0167371
0 0.0446875 0.76439 0.0081875 0.0259155
0 0.621781 0.860376 0.0300312 0.0228169
0 0.486672 0.35716 0.00390625 0.011784
0 0.111719 0.603357 0.0122813 0.0426291
0 0.286187 0.582101 0.00909375 0.0131221
0 0.956703 0.555927 0.0175937 0.0384272
0 0.428625 0.894906 0.0285313 0.0305634
0 0.643273 0.776854 0.0193594 0.0323944
0 0.338922 0.451291 0.0112187 0.0281221
0 0.138187 0.8025 0.015375 0.0254695
0 0.582133 0.654988 0.0143906 0.0176761
0 0.186133 0.711984 0.0114219 0.0223239
0 0.771148 0.435528 0.0380469 0.0361737
0 0.925789 0.56885 0.0177656 0.0448826
0 0.355648 0.807324 0.0259219 0.0469014
0 0.9225 0.339601 0.0063125 0.0171831
0 0.282141 0.89534 0.042125 0.0318075
0 0.232125 0.520188 0.005625 0.00962441
0 0.343453 0.551103 0.0196563 0.0100469
0 0.395586 0.420153 0.0129531 0.00899061
0 0.150125 0.580575 0.00996875 0.0107746
0 0.8145 0.667394 0.00790625 0.014554
0 0.173055 0.561913 0.0122344 0.0193662
0 0.946766 0.354413 0.00965625 0.0125822
0 0.359539 0.437312 0.00670312 0.0256573
0 0.406023 0.405728 0.0144531 0.0129108
0 0.313617 0.820446 0.00989063 0.0513146
0 0.285516 0.922887 0.0482812 0.0237559
0 0.674414 0.745282 0.0259219 0.0328169
0 0.67825 0.713099 0.023375 0.0243662
0 0.907031 0.537523 0.0139063 0.0426056
0 0.407766 0.476737 0.0130938 0.0230047
0 0.134414 0.606631 0.0187656 0.0274413
0 0.114523 0.665775 0.00989063 0.0287324
0 0.124961 0.627207 0.00989063 0.0315493
0 0.137867 0.588568 0.00620313 0.016385
0 0.269437 0.629577 0.0185625 0.0238028
0 0.255266 0.831303 0.035875 0.0210094
0 0.664352 0.750411 0.0274531 0.0384742
0 0.517969 0.928932 0.0156875 0.0251408
0 0.751352 0.465681 0.0157031 0.0348826
0 0.246445 0.934918 0.0321094 0.0410094
0 0.378359 0.520962 0.0185937 0.0125822
0 0.892727 0.649624 0.00810938 0.0155869
0 0.830422 0.630622 0.0211562 0.0328404
0 0.639742 0.714624 0.0114219 0.0244601
0 0.453813 0.87973 0.0224375 0.0215258
0 0.132484 0.729202 0.00840625 0.0234742
0 0.65882 0.800998 0.0129531 0.00767606
0 0.220937 0.603991 0.023875 0.0276056
0 0.142742 0.521256 0.00982813 0.0278169
0 0.577344 0.684155 0.0086875 0.0125822
0 0.411742 0.583298 0.00995313 0.0384272
0 0.357836 0.530035 0.0161719 0.00889671
