0 0.42957 0.22733 0.0394219 0.0551
0 0.579805 0.19291 0.0258594 0.0257
0 0.375289 0.2016 0.0612969 0.05412
0 0.469125 0.30013 0.0676875 0.04026
0 0.215516 0.22325 0.0184062 0.0421
0 0.417172 0.18245 0.0260625 0.04342
0 0.41175 0.30405 0.0433125 0.02862
0 0.563 0.25302 0.0285938 0.02276
0 0.607172 0.24056 0.0142187 0.02616
0 0.332422 0.16196 0.0380625 0.07104
0 0.251797 0.24095 0.0278438 0.05514
0 0.381312 0.29835 0.0284375 0.05666
0 0.240445 0.16166 0.0110156 0.0282
0 0.354836 0.29549 0.0161094 0.03234
0 0.244875 0.23262 0.0316563 0.03128
0 0.42618 0.17818 0.0116094 0.01872
0 0.519102 0.29742 0.0618906 0.02396
0 0.216688 0.19261 0.014625 0.04462
0 0.555719 0.24589 0.0303438 0.01462
0 0.612289 0.25917 0.0234844 0.0117
0 0.504695 0.20043 0.0420781 0.01718
0 0.595992 0.28058 0.0677031 0.04464
0 0.214484 0.17478 0.0112187 0.01616
0 0.420359 0.29292 0.0221875 0.04076
0 0.534398 0.21211 0.00982813 0.02914
0 0.565742 0.14993 0.0171094 0.03066
0 0.151266 0.14823 0.0241875 0.03182
0 0.597812 0.21982 0.0170313 0.0282
0 0.609273 0.19459 0.0342656 0.0259
0 0.199523 0.216 0.0232344 0.06052
0 0.408359 0.22942 0.0545625 0.04468
0 0.549914 0.1537 0.0250469 0.03572
0 0.58093 0.25845 0.0456719 0.0295
0 0.483156 0.2289 0.0504687 0.04488
0 0.494039 0.17339 0.0229844 0.0317
0 0.255687 0.19595 0.02925 0.06002
0 0.512797 0.25214 0.0258437 0.02252
0 0.423375 0.28589 0.0284375 0.06334
0 0.341062 0.17662 0.0460625 0.0332
0 0.608234 0.21008 0.0305625 0.01436
0 0.383359 0.22727 0.0404062 0.02882
0 0.272055 0.21286 0.0137969 0.03672
0 0.193898 0.18774 0.0216406 0.05028
0 0.227578 0.13003 0.0200625 0.03746
0 0.46743 0.28809 0.0622969 0.05102
0 0.544258 0.18671 0.0372656 0.01794
0 0.627539 0.25178 0.0190781 0.01676
0 0.444516 0.19241 0.0733125 0.03026
0 0.463938 0.30955 0.0603125 0.02878
0 0.408016 0.256 0.022 0.01296
0 0.203383 0.22121 0.0139844 0.0453
0 0.615367 0.22436 0.0144219 0.02
0 0.37168 0.2184 0.0527344 0.04316
0 0.24518 0.16068 0.00620313 0.01104
0 0.239875 0.2039 0.0112187 0.01436
0 0.521273 0.15709 0.0392656 0.01514
0 0.384055 0.1771 0.0524844 0.05924
0 0.339375 0.19039 0.02725 0.02178
0 0.566773 0.17012 0.0248594 0.02316
0 0.364164 0.25616 0.0504844 0.02732
0 0.211922 0.13533 0.0145313 0.05774
0 0.35918 0.29094 0.0337031 0.0578
0 0.507703 0.27033 0.0605 0.01542
0 0.573914 0.28525 0.0198281 0.0123
0 0.505078 0.17356 0.01525 0.02452
0 0.368016 0.18694 0.0625 0.03856
0 0.452437 0.21012 0.0749688 0.03452
0 0.247805 0.17146 0.0335781 0.03804
0 0.475422 0.16511 0.0210313 0.0359
0 0.465227 0.25352 0.0228281 0.03
0 0.405383 0.28995 0.0186406 0.01206
0 0.262664 0.27752 0.0337344 0.03368
