1 0.583422 0.815156 0.0530626 0.030625
1 0.342401 0.770031 0.0403944 0.0390625
1 0.636323 0.637547 0.0505568 0.019125
1 0.435568 0.689016 0.0546636 0.0331875
1 0.623237 0.814055 0.0389095 0.0286406
1 0.600789 0.635078 0.0384687 0.0221875
1 0.662425 0.657008 0.0418329 0.0337031
1 0.546172 0.859187 0.0507657 0.0305625
1 0.304954 0.72807 0.0477726 0.0272656
1 0.408596 0.845977 0.0571462 0.0277656
1 0.588852 0.652602 0.0481903 0.0236094
1 0.545406 0.624422 0.035406 0.0168125
1 0.600835 0.831922 0.0467285 0.0331562
1 0.621694 0.67143 0.0417169 0.0227656
1 0.533608 0.58325 0.0478654 0.0244375
1 0.603921 0.733516 0.0385151 0.02825
1 0.657135 0.759234 0.0272622 0.0256563
1 0.396984 0.822906 0.0394432 0.0281563
1 0.540046 0.638727 0.0405104 0.0252344
