2 0.679802 0.4955 0.0500208 0.0724687
2 0.447938 0.452102 0.0964583 0.0656094
2 0.331333 0.454023 0.1145 0.0802031
2 0.204677 0.460766 0.0774792 0.0759062
2 0.623677 0.468969 0.100229 0.0660937
1 0.481875 0.810266 0.0776667 0.0579375
1 0.324094 0.81575 0.100312 0.109969
1 0.248844 0.814375 0.0448542 0.0580312
1 0.453979 0.774484 0.0985833 0.06975
1 0.377896 0.704508 0.04425 0.0239531
1 0.582219 0.828398 0.0704792 0.0578281
1 0.448479 0.657172 0.0849583 0.0486875
1 0.329698 0.720656 0.0733125 0.04025
1 0.234792 0.664391 0.050625 0.041375
1 0.278031 0.703141 0.0319792 0.0280313
1 0.394271 0.749484 0.0642083 0.0421875
1 0.408865 0.841648 0.0728125 0.0759219
1 0.47325 0.717164 0.0697917 0.0528281
1 0.263271 0.672664 0.0455 0.0507656
1 0.33776 0.884125 0.0893542 0.0524063
1 0.33974 0.767359 0.0425208 0.019875
1 0.289448 0.627742 0.0660208 0.0451406
1 0.478292 0.872273 0.0722083 0.0768906
1 0.382854 0.788797 0.063 0.0506875
1 0.415708 0.897375 0.10175 0.0594375
1 0.538937 0.785734 0.08025 0.0630313
1 0.524188 0.855125 0.0681667 0.0685625
1 0.233792 0.634047 0.0327917 0.0325
1 0.334469 0.607953 0.0283542 0.0253437
1 0.520365 0.746578 0.0261042 0.016625
1 0.275927 0.861953 0.0473958 0.0445
1 0.337823 0.674312 0.0876042 0.05225
1 0.385094 0.680633 0.0145208 0.0194219
1 0.443365 0.746906 0.0442292 0.0272188
1 0.347479 0.625313 0.0600833 0.0526563
1 0.401531 0.617555 0.0530625 0.0722969
