0 0.0978676 0.145825 0.148186 0.251324
0 0.223636 0.370392 0.136291 0.188824
0 0.168709 0.226593 0.147484 0.220768
0 0.075817 0.294371 0.102092 0.242827
0 0.307614 0.233873 0.169346 0.106046
0 0.428946 0.33402 0.128284 0.156013
0 0.2571 0.0797958 0.272402 0.120997
0 0.451797 0.109747 0.103889 0.182435
0 0.198513 0.325809 0.119771 0.159297
0 0.087598 0.376462 0.125588 0.123513
0 0.143129 0.433096 0.0462908 0.0669118
0 0.529493 0.143472 0.1 0.237369
0 0.438627 0.253309 0.110556 0.219526
0 0.307002 0.136446 0.204199 0.234297
0 0.0534314 0.0422386 0.0618954 0.0481046
0 0.055768 0.0874183 0.0646405 0.137353
0 0.52924 0.26906 0.0837745 0.146781
