0 0.413812 0.73219 0.0254063 0.0405855
0 0.359195 0.754742 0.0211406 0.0408197
0 0.339984 0.762283 0.0384688 0.0530913
0 0.209828 0.687857 0.0255312 0.0579157
0 0.0954531 0.760059 0.0210313 0.0651288
0 0.226336 0.769801 0.0182031 0.053466
0 0.39943 0.752143 0.0347344 0.0323419
0 0.309 0.769075 0.0211562 0.0419906
0 0.382883 0.785749 0.0129219 0.0316393
0 0.215375 0.77363 0.0184687 0.0612178
0 0.279961 0.75719 0.0282656 0.0610304
0 0.25257 0.678934 0.0336719 0.0685012
0 0.37243 0.743454 0.0169219 0.0315457
0 0.240125 0.772822 0.0203438 0.0671897
0 0.287352 0.704625 0.0208594 0.0176815
0 0.377188 0.768981 0.0143437 0.0310773
0 0.203211 0.681698 0.0307031 0.055808
0 0.218508 0.681429 0.0214219 0.0551288
0 0.129656 0.76048 0.0434375 0.0512646
0 0.328805 0.766651 0.0294844 0.0380796
0 0.402188 0.710375 0.0175 0.0512412
0 0.133344 0.749602 0.0437188 0.0245902
0 0.240945 0.730281 0.0145781 0.0234192
0 0.430563 0.744778 0.0249375 0.0729742
0 0.296844 0.769801 0.01675 0.0538407
0 0.285984 0.767178 0.0203438 0.0620375
0 0.132266 0.677752 0.0169687 0.0549883
0 0.195547 0.728454 0.0305937 0.0297424
0 0.388969 0.716347 0.0209688 0.0298361
0 0.323273 0.776054 0.0234531 0.046815
0 0.245195 0.674859 0.0282656 0.0611007
0 0.405187 0.725902 0.0235625 0.023185
0 0.315547 0.712717 0.015875 0.0336768
0 0.367313 0.785445 0.0169687 0.0344028
0 0.394953 0.770304 0.0126562 0.0328337
0 0.422609 0.745023 0.0155625 0.0485012
0 0.317453 0.802108 0.0178437 0.0129274
0 0.254219 0.750246 0.01375 0.0324824
0 0.197664 0.758794 0.0348281 0.0671897
0 0.40907 0.786206 0.0121406 0.0189696
0 0.341922 0.716639 0.0247812 0.045644
0 0.323898 0.715 0.0116406 0.0379157
0 0.202047 0.761967 0.02975 0.0469321
0 0.272562 0.755316 0.0292187 0.0859016
0 0.208547 0.769532 0.0244062 0.0548946
0 0.255445 0.724895 0.0143281 0.0287588
0 0.348648 0.710328 0.0303906 0.0462295
0 0.174078 0.73082 0.0120938 0.0125995
0 0.335055 0.713185 0.0182344 0.0437939
0 0.164062 0.73541 0.0293125 0.0569087
0 0.311148 0.723841 0.0327031 0.0454333
0 0.114453 0.7663 0.0402187 0.0671194
0 0.114094 0.699485 0.028375 0.0312881
0 0.162695 0.712155 0.0227656 0.0178923
0 0.385406 0.755199 0.0156875 0.034192
0 0.132055 0.720656 0.0202656 0.0431382
0 0.145281 0.730504 0.0189687 0.065644
0 0.182945 0.704977 0.0184531 0.0220375
