0 0.298781 0.237108 0.123969 0.155995
0 0.582391 0.171838 0.0825625 0.135386
0 0.480875 0.105176 0.124063 0.175878
0 0.776398 0.513583 0.104797 0.16
0 0.708875 0.390515 0.11675 0.163091
0 0.63918 0.189555 0.107609 0.166979
0 0.690859 0.237471 0.09825 0.163794
0 0.226531 0.349602 0.11675 0.160562
0 0.372992 0.139813 0.109141 0.160749
0 0.177609 0.483454 0.108625 0.166721
0 0.806469 0.65411 0.108312 0.143162
1 0.515711 0.270433 0.125109 0.169766
1 0.344539 0.676651 0.0872031 0.137096
1 0.337125 0.358314 0.099 0.149696
1 0.682469 0.503232 0.089375 0.0970023
1 0.270195 0.440679 0.0982031 0.105667
1 0.373742 0.443888 0.0850156 0.136628
1 0.600937 0.325047 0.101406 0.130234
1 0.413094 0.385398 0.0977813 0.150234
1 0.594688 0.768255 0.108375 0.153326
1 0.593938 0.486054 0.0596875 0.111593
1 0.287633 0.669836 0.0735781 0.140843
1 0.727234 0.611745 0.0779062 0.136698
1 0.561492 0.390738 0.0962031 0.181194
1 0.357648 0.563888 0.0960156 0.160796
1 0.632086 0.60589 0.132891 0.197775
1 0.40475 0.263185 0.0656562 0.108103
1 0.465 0.284403 0.101813 0.136206
1 0.265164 0.631569 0.0779219 0.146932
1 0.220539 0.589941 0.0902969 0.158197
1 0.668539 0.747646 0.114859 0.166534
1 0.29107 0.531124 0.0946406 0.0970023
1 0.630156 0.442307 0.064625 0.12822
