0 0.206898 0.518281 0.200828 0.197687
0 0.179094 0.449823 0.184719 0.206062
0 0.253523 0.583281 0.192172 0.213354
2 0.217031 0.109937 0.0831875 0.117333
2 0.41882 0.602552 0.116922 0.157604
2 0.848523 0.654719 0.124828 0.151438
2 0.787953 0.942896 0.132 0.112917
2 0.337453 0.129281 0.101031 0.126438
2 0.559742 0.677635 0.121203 0.173854
2 0.710344 0.583323 0.1155 0.150521
2 0.8105 0.491469 0.111094 0.147312
2 0.176008 0.329042 0.120234 0.137083
2 0.664477 0.440083 0.0918906 0.13
2 0.883664 0.829156 0.118641 0.158771
2 0.752297 0.228781 0.098125 0.118146
2 0.479609 0.461896 0.0955 0.119875
2 0.369867 0.433865 0.113547 0.146063
2 0.319109 0.298406 0.104156 0.141354
2 0.690828 0.324698 0.105594 0.136063
2 0.186422 0.208677 0.0989688 0.119271
2 0.518984 0.250083 0.0963437 0.132583
2 0.565562 0.368781 0.109031 0.152021
2 0.553734 0.137281 0.096 0.140563
2 0.450406 0.331313 0.0939688 0.130708
2 0.563523 0.531333 0.106734 0.136625
2 0.713891 0.750521 0.136969 0.164667
2 0.610344 0.923552 0.1235 0.152896
2 0.29882 0.200271 0.0795469 0.100833
2 0.658461 0.128427 0.0860469 0.118146
2 0.402031 0.207198 0.100312 0.142687
2 0.807453 0.350583 0.0898125 0.133792
