0 0.0438525 0.783164 0.0842857 0.0431094
0 0.553068 0.893258 0.0781265 0.0752031
0 0.292049 0.810664 0.053466 0.0485156
0 0.60466 0.765734 0.0628103 0.0284687
0 0.824578 0.854703 0.056089 0.078625
0 0.352881 0.813477 0.0275878 0.0236406
0 0.343361 0.805555 0.0566511 0.0424219
0 0.815761 0.927133 0.0775644 0.0495781
0 0.725749 0.944445 0.0741686 0.0732969
0 0.866815 0.743492 0.06 0.0556406
0 0.126897 0.9465 0.0519672 0.0413125
0 0.361077 0.748844 0.124403 0.0252812
0 0.911534 0.907109 0.0741218 0.0615313
0 0.798595 0.651422 0.0408899 0.0145
0 0.252752 0.846609 0.0357143 0.0177813
0 0.941265 0.753469 0.0372365 0.073
0 0.787119 0.967797 0.0615925 0.0428437
0 0.702611 0.837383 0.07 0.0413281
0 0.547084 0.944578 0.0718267 0.070875
0 0.32959 0.848453 0.0996956 0.048
0 0.224251 0.837484 0.0854098 0.0359688
0 0.0543326 0.827812 0.0917564 0.0552188
0 0.370164 0.893766 0.0719906 0.111375
0 0.433665 0.790016 0.0493911 0.0607188
0 0.39452 0.793742 0.0630913 0.0636406
0 0.222295 0.975602 0.0761124 0.0370781
0 0.852705 0.948867 0.0813817 0.0476094
0 0.156112 0.914547 0.0476347 0.0505625
0 0.834274 0.984141 0.071171 0.0317188
0 0.748443 0.758273 0.131639 0.0805781
0 0.964133 0.882398 0.0679859 0.0652344
0 0.772108 0.848477 0.0719906 0.0721094
0 0.0664403 0.947617 0.0764871 0.0405156
0 0.0588642 0.913109 0.0735597 0.0394375
0 0.191616 0.832664 0.0576581 0.0368594
0 0.42137 0.924055 0.0722482 0.0380469
0 0.774227 0.988336 0.0477986 0.0233281
0 0.675269 0.898711 0.0574239 0.0460781
0 0.9076 0.745781 0.0607728 0.0930938
0 0.851218 0.753914 0.102389 0.0872344
0 0.897857 0.690586 0.0194145 0.00451563
0 0.657869 0.862734 0.0628571 0.0535937
0 0.61767 0.82025 0.0892974 0.03875
0 0.485714 0.909094 0.0791569 0.0559063
0 0.514169 0.792109 0.06 0.0648125
0 0.717951 0.716867 0.0946838 0.0288281
0 0.935679 0.665227 0.0210539 0.00904687
0 0.34856 0.767758 0.123911 0.0390469
0 0.642237 0.771406 0.0810539 0.077375
0 0.313267 0.949867 0.0476112 0.0378281
0 0.67945 0.945398 0.0991335 0.0821094
0 0.249016 0.868313 0.105761 0.044875
0 0.893326 0.756234 0.0401405 0.075125
0 0.362752 0.781625 0.110843 0.0513125
0 0.583653 0.965578 0.0558314 0.0662188
0 0.970984 0.844578 0.0580328 0.0350625
0 0.387178 0.985164 0.0676581 0.0292031
0 0.728009 0.850844 0.0821077 0.0711563
0 0.719262 0.773555 0.0755269 0.0851094
0 0.33918 0.868695 0.0975644 0.0660156
0 0.427635 0.882734 0.0998126 0.0639062
0 0.769848 0.889953 0.0559485 0.0658438
0 0.294649 0.875914 0.0523888 0.0234844
0 0.607974 0.847234 0.0636768 0.0554687
0 0.722447 0.892867 0.0523419 0.0556719
0 0.420035 0.824555 0.0392272 0.0394219
0 0.0808665 0.860688 0.0330211 0.00865625
0 0.854403 0.878703 0.0675878 0.0474062
0 0.4763 0.791141 0.0436534 0.0615
0 0.674871 0.773719 0.0450117 0.055125
0 0.189415 0.871922 0.0911475 0.0498125
0 0.757904 0.777914 0.0623185 0.0827969
0 0.911663 0.859961 0.0511475 0.0582656
0 0.056733 0.879953 0.0848009 0.038
0 0.0251522 0.820352 0.0503044 0.0528906
0 0.966124 0.970211 0.0469087 0.0591719
0 0.692927 0.814563 0.116909 0.0528125
0 0.931522 0.936508 0.0429508 0.0586094
0 0.330609 0.982039 0.050445 0.0359219
0 0.203033 0.915492 0.0741686 0.0567344
0 0.464063 0.874406 0.102131 0.0523438
0 0.0283724 0.756992 0.0567447 0.0225781
0 0.76082 0.756437 0.13007 0.0933438
0 0.892611 0.66043 0.0296253 0.0100156
0 0.735492 0.988766 0.0374941 0.0224688
0 0.187822 0.963844 0.0754098 0.0313125
0 0.931874 0.675422 0.0266511 0.0124688
0 0.807412 0.874109 0.0320609 0.0677813
0 0.0853279 0.843047 0.0651756 0.0290312
0 0.0797424 0.979695 0.055363 0.0376406
0 0.0482084 0.86025 0.035808 0.0159063
0 0.32192 0.916211 0.0737705 0.0680156
0 0.954555 0.667563 0.0203981 0.01
0 0.510164 0.970234 0.0619672 0.0595313
0 0.311042 0.831414 0.0360422 0.0147031
0 0.861066 0.89207 0.07637 0.0612656
0 0.89959 0.967711 0.0605386 0.0621094
0 0.962623 0.686086 0.0430913 0.0115469
0 0.684895 0.970695 0.0719906 0.0586094
0 0.237166 0.818961 0.0585012 0.0177031
0 0.857389 0.778086 0.0731382 0.0451719
0 0.397588 0.845008 0.0827635 0.0420781
0 0.86007 0.6855 0.0249649 0.0100625
0 0.106792 0.917852 0.0518501 0.0502344
0 0.373279 0.95668 0.0908197 0.0406719
0 0.838759 0.801922 0.106183 0.030375
0 0.840433 0.671797 0.0169321 0.014875
0 0.442096 0.896211 0.0763232 0.0262969
0 0.263126 0.953539 0.0553396 0.0419844
0 0.260351 0.804047 0.0276815 0.0265
0 0.764789 0.927125 0.0473302 0.0354063
0 0.272834 0.981062 0.0612646 0.037875
0 0.385843 0.744891 0.097541 0.0359063
0 0.823302 0.68643 0.0126932 0.00923437
0 0.868138 0.927766 0.0330913 0.023875
0 0.131019 0.978133 0.0695785 0.0437344
0 0.1726 0.814234 0.0653864 0.0315312
0 0.651756 0.973078 0.0580328 0.0538438
0 0.453244 0.815469 0.033466 0.0705313
0 0.114918 0.81375 0.0520375 0.0565312
0 0.972178 0.927375 0.055644 0.053375
0 0.244379 0.910625 0.0792037 0.0478438
0 0.541148 0.850711 0.0857611 0.0601094
0 0.497471 0.815625 0.0407963 0.063375
0 0.551194 0.782062 0.0688993 0.0377188
0 0.00411007 0.848148 0.00822014 0.0142031
0 0.929098 0.687516 0.0213817 0.011875
0 0.857728 0.664922 0.0157845 0.0123125
0 0.291194 0.908094 0.103279 0.0460938
0 0.842564 0.661133 0.016089 0.0164219
0 0.299204 0.795242 0.022904 0.0183906
0 0.871148 0.652016 0.0288525 0.0128438
0 0.291628 0.787031 0.0373536 0.0251563
0 0.025082 0.777641 0.0493208 0.0293438
0 0.896323 0.669969 0.028103 0.012125
0 0.139461 0.836813 0.0515222 0.0562187
0 0.799848 0.667102 0.04274 0.00898437
0 0.242834 0.802773 0.0353162 0.0235469
0 0.909731 0.678523 0.0219438 0.0128281
0 0.114637 0.877813 0.0669789 0.0413437
0 0.793009 0.683438 0.0202576 0.0085625
0 0.60603 0.89193 0.0713583 0.0603906
0 0.0172951 0.87543 0.0324824 0.0567344
0 0.467166 0.944875 0.112506 0.0515312
0 0.279415 0.83975 0.0277283 0.0125625
0 0.620995 0.946062 0.0602108 0.0763438
0 0.384789 0.923797 0.0271429 0.0278438
0 0.0639461 0.79782 0.07 0.0456406
0 0.866956 0.844828 0.0455738 0.038875
