2 0.85351 0.590547 0.0620208 0.0390313
2 0.442229 0.671797 0.092625 0.0491562
2 0.260635 0.642711 0.108771 0.0729531
2 0.605021 0.661539 0.113 0.0484531
2 0.574583 0.60607 0.0775833 0.0261719
2 0.492219 0.588531 0.0664375 0.0238125
2 0.73124 0.622992 0.105479 0.0332656
2 0.352042 0.633555 0.0890833 0.0399531
2 0.271531 0.620266 0.0824792 0.0379688
2 0.476771 0.634094 0.098625 0.059
2 0.779375 0.574422 0.0642917 0.0410313
2 0.870958 0.656562 0.124917 0.0792812
2 0.73925 0.576125 0.0165 0.0095
2 0.772208 0.611461 0.0955 0.0336094
2 0.57676 0.584063 0.0732292 0.0244688
2 0.3025 0.589742 0.0731667 0.0244844
