0 0.397075 0.255743 0.351242 0.0693301
0 0.44134 0.0494363 0.295392 0.0597222
0 0.470351 0.203064 0.381454 0.0952451
0 0.523391 0.676397 0.474559 0.159167
0 0.441757 0.321389 0.379134 0.128268
0 0.561152 0.894902 0.474886 0.206732
0 0.446209 0.122761 0.393333 0.0911111
0 0.602745 0.756087 0.445523 0.233873
0 0.671716 0.511748 0.167092 0.177157
0 0.384469 0.108587 0.350768 0.107958
0 0.507565 0.511544 0.303301 0.11335
0 0.504837 0.458619 0.307124 0.12018
0 0.492475 0.360874 0.353513 0.172631
0 0.614167 0.944804 0.450392 0.110392
0 0.267704 0.192198 0.114036 0.0621732
0 0.554453 0.601609 0.482794 0.170572
0 0.248145 0.0824837 0.0992647 0.0606209
0 0.277778 0.294518 0.114444 0.0629575
0 0.238056 0.0321814 0.0866667 0.0638399
0 0.414861 0.0343219 0.30652 0.0686438
