1 0.184852 0.745094 0.0662969 0.162271
1 0.338891 0.646198 0.222094 0.184104
1 0.503523 0.575844 0.134078 0.112896
1 0.455172 0.700792 0.2165 0.181917
1 0.72232 0.567323 0.0585156 0.0773542
1 0.268383 0.803958 0.116172 0.199667
1 0.820828 0.521802 0.0582812 0.0788542
1 0.547562 0.414531 0.0489062 0.0639792
1 0.66157 0.548292 0.0800469 0.0663333
1 0.712734 0.490979 0.0921875 0.106
1 0.562734 0.38025 0.0438125 0.068
1 0.585859 0.436125 0.0480938 0.0658333
1 0.777273 0.534188 0.0365156 0.077625
0 0.25207 0.813917 0.104516 0.254125
0 0.578852 0.604469 0.0837031 0.0880625
0 0.400414 0.783885 0.147828 0.127688
0 0.202961 0.652031 0.0594531 0.0778542
