2 0.375531 0.500911 0.06275 0.0624146
2 0.45218 0.598018 0.0532969 0.0899317
2 0.272562 0.42344 0.0798125 0.121913
2 0.493727 0.603326 0.0352031 0.0739408
2 0.713922 0.546765 0.0709063 0.117768
2 0.367836 0.605296 0.0542031 0.0554214
2 0.425883 0.640797 0.0809531 0.0830524
2 0.216742 0.512437 0.0402031 0.111982
2 0.209773 0.448212 0.0518594 0.0593394
2 0.0759922 0.453815 0.0638594 0.0749203
2 0.122797 0.738998 0.0591875 0.12533
2 0.203492 0.61467 0.0861094 0.106606
2 0.115523 0.590831 0.0334531 0.0533713
2 0.228117 0.810068 0.0407031 0.0538497
2 0.900625 0.514146 0.068 0.0902506
2 0.675047 0.401526 0.078125 0.092574
2 0.84582 0.451344 0.0913281 0.103918
2 0.0846719 0.523759 0.0419687 0.113713
2 0.221695 0.687426 0.0584844 0.0607745
2 0.344602 0.706333 0.0227344 0.0528018
2 0.247742 0.845068 0.0361719 0.0631663
2 0.16007 0.361321 0.0547656 0.104692
2 0.185008 0.745763 0.0251094 0.0653759
2 0.325547 0.556651 0.0697812 0.0846469
2 0.2585 0.793235 0.0394688 0.0420501
