0 0.668383 0.580793 0.0138594 0.0338107
0 0.951852 0.5911 0.0217031 0.0267008
0 0.744531 0.619003 0.0175625 0.0214322
0 0.741266 0.682046 0.016125 0.0253708
0 0.494375 0.797826 0.028375 0.0331969
0 0.935617 0.58587 0.0169531 0.0507161
0 0.531617 0.645703 0.00785938 0.0378517
0 0.778 0.660691 0.019125 0.0267519
0 0.534703 0.677289 0.0149687 0.0304859
0 0.516016 0.653568 0.0114375 0.0392072
0 0.94068 0.625422 0.0179844 0.0283887
0 0.65507 0.581202 0.0122656 0.0248082
0 0.654945 0.661765 0.0126094 0.0273657
0 0.550266 0.778568 0.01625 0.0234783
0 0.546133 0.68743 0.00848437 0.0117903
0 0.840844 0.734616 0.0129375 0.0240153
0 0.95018 0.617775 0.0200156 0.0249616
0 0.763344 0.643645 0.0149687 0.0431969
0 0.684406 0.598043 0.028125 0.0162404
0 0.852758 0.668338 0.0111719 0.0235294
0 0.762344 0.603312 0.013625 0.0274425
0 0.830789 0.685934 0.0144844 0.0310997
0 0.826477 0.642928 0.0146094 0.023555
0 0.773609 0.708913 0.0151875 0.0269309
