0 0.149824 0.822047 0.0252817 0.0120313
0 0.0681338 0.484203 0.0393662 0.0224688
0 0.110246 0.897797 0.0302582 0.02075
0 0.292289 0.660516 0.0136385 0.0106875
0 0.216948 0.754531 0.0322535 0.0125
0 0.713862 0.723828 0.0189437 0.0134687
0 0.475939 0.928102 0.0292019 0.0115781
0 0.471725 0.943336 0.0483803 0.0151094
0 0.868803 0.623883 0.0538967 0.0152031
0 0.240023 0.852711 0.0452582 0.0285781
0 0.247653 0.834594 0.0574178 0.038625
0 0.0534742 0.821477 0.0713615 0.0190781
0 0.0841315 0.782633 0.0582629 0.0156719
0 0.950704 0.814078 0.0407981 0.0173125
0 0.879777 0.79182 0.0349531 0.0132031
0 0.13027 0.526188 0.0278169 0.0145313
0 0.0928286 0.583328 0.0402582 0.0258125
0 0.273204 0.682406 0.0190376 0.0214062
0 0.155599 0.701227 0.0136385 0.00785938
0 0.279038 0.705781 0.0305164 0.0186562
0 0.132077 0.518398 0.0216667 0.0118281
0 0.368415 0.785914 0.017723 0.0228594
0 0.0700469 0.928391 0.050939 0.0353125
0 0.643239 0.616227 0.0211268 0.0125156
0 0.80257 0.627227 0.00992958 0.00570312
0 0.90115 0.630891 0.0278404 0.0109375
0 0.835082 0.721859 0.0415728 0.0113437
0 0.420822 0.773898 0.0150235 0.0169219
0 0.858134 0.364609 0.0234038 0.0395937
0 0.332383 0.744023 0.0183803 0.0134531
0 0.370962 0.885922 0.0213615 0.011625
0 0.175845 0.872719 0.028216 0.016125
0 0.132336 0.492234 0.0312911 0.0142813
0 0.890141 0.779266 0.0247887 0.00975
0 0.0278873 0.4895 0.0429108 0.0227187
0 0.0479695 0.474125 0.033169 0.02025
0 0.152946 0.950023 0.0230751 0.0105781
0 0.146103 0.653742 0.0122535 0.00676562
0 0.962089 0.753656 0.0251174 0.0127812
0 0.0228991 0.894047 0.0445305 0.0252812
0 0.906784 0.729477 0.0162911 0.00989063
0 0.0451878 0.267578 0.0626761 0.0163125
0 0.875669 0.730008 0.0553756 0.0147344
0 0.938075 0.400953 0.034554 0.0371563
0 0.0421831 0.987656 0.0843662 0.0246875
0 0.0749883 0.337258 0.0651878 0.0264531
0 0.0217254 0.443922 0.0396948 0.02575
0 0.919214 0.61707 0.0173474 0.0158594
0 0.0151056 0.611844 0.0302113 0.0406562
0 0.851984 0.613055 0.045892 0.0198281
0 0.0645423 0.535516 0.0412911 0.0142813
0 0.318087 0.893813 0.0335915 0.0237188
0 0.0289085 0.935469 0.055892 0.0185
0 0.177981 0.852688 0.0412207 0.0385625
0 0.879331 0.695828 0.0171127 0.0141563
0 0.0833099 0.512969 0.0646479 0.0200938
0 0.874143 0.712078 0.0456103 0.02625
0 0.907793 0.703773 0.0432394 0.0193906
0 0.949178 0.774828 0.0407512 0.01025
0 0.0842488 0.964906 0.0225352 0.0196563
0 0.434178 0.812883 0.0195775 0.0167031
0 0.060892 0.376172 0.0570892 0.0287813
0 0.0260211 0.91225 0.0520423 0.0393125
0 0.0766549 0.950922 0.0381925 0.0211562
0 0.610282 0.647422 0.0253052 0.0109687
0 0.423122 0.834164 0.0170892 0.00764062
0 0.0320657 0.679328 0.0200469 0.0365938
0 0.145305 0.599383 0.0192488 0.0158594
0 0.289601 0.676953 0.0155399 0.0248125
0 0.290164 0.734687 0.0166667 0.0143125
0 0.834906 0.70607 0.0339437 0.00867187
0 0.124566 0.981109 0.0275822 0.019875
0 0.0245657 0.957906 0.0491315 0.0287813
0 0.376808 0.698852 0.0283568 0.0141406
0 0.933228 0.787766 0.0201174 0.00725
0 0.159883 0.740539 0.0258685 0.0156719
0 0.410493 0.730422 0.0221127 0.0200625
0 0.888826 0.755477 0.0131455 0.00970312
0 0.422136 0.736875 0.02723 0.0118125
0 0.46662 0.921695 0.0160563 0.0134531
0 0.403627 0.709852 0.0197887 0.00760937
0 0.106362 0.805242 0.0306573 0.0166406
0 0.805681 0.620961 0.0141784 0.00873437
0 0.861068 0.601953 0.0319014 0.0081875
0 0.142324 0.98018 0.0314554 0.0216406
0 0.698099 0.727195 0.0277465 0.0125469
0 0.63669 0.628812 0.0177934 0.0109063
0 0.0964906 0.994945 0.0178169 0.0101094
0 0.105317 0.747062 0.0538263 0.0294687
0 0.242641 0.824727 0.0471596 0.0397969
0 0.0759155 0.407922 0.0625352 0.02275
0 0.712817 0.705047 0.0179812 0.0095
0 0.266608 0.879016 0.0272535 0.02225
0 0.266291 0.842367 0.0139437 0.0245156
0 0.800106 0.685922 0.0446244 0.0157188
0 0.259167 0.895102 0.0481925 0.0224844
0 0.859507 0.6235 0.0305164 0.027625
0 0.773298 0.718805 0.0443897 0.0104844
0 0.243873 0.809172 0.0183568 0.019875
0 0.421385 0.895094 0.0115493 0.024625
0 0.0433216 0.501008 0.0369718 0.0306406
0 0.122183 0.463039 0.0370892 0.0123281
0 0.200106 0.810281 0.0343897 0.0171563
0 0.158474 0.972234 0.0271831 0.0173437
0 0.974143 0.446195 0.0319953 0.0184844
0 0.0110446 0.542117 0.0136385 0.0185469
0 0.971115 0.83968 0.0203052 0.0147031
0 0.126491 0.424352 0.0303052 0.0163594
0 0.383638 0.70768 0.0323005 0.0171094
0 0.125763 0.505563 0.0311972 0.013875
0 0.543063 0.577086 0.0242488 0.0122969
0 0.115775 0.992719 0.0251643 0.0145625
0 0.156221 0.927383 0.0193897 0.0151094
0 0.0834977 0.883148 0.0578873 0.0169219
0 0.759988 0.701711 0.0180047 0.0142656
0 0.159765 0.917742 0.0269953 0.0106094
0 0.889014 0.769797 0.042723 0.009875
0 0.46527 0.957641 0.0209155 0.0115312
0 0.0611385 0.39718 0.0607746 0.0295156
0 0.0615845 0.313266 0.0548122 0.0254375
0 0.583779 0.593211 0.0108451 0.00598438
0 0.399542 0.732 0.0208685 0.01525
0 0.929167 0.816 0.0276761 0.0138125
0 0.0882746 0.619773 0.0233099 0.0201094
0 0.837359 0.678852 0.041338 0.0109219
0 0.291808 0.715492 0.0118779 0.0238594
0 0.389437 0.723773 0.0197653 0.0150781
0 0.102042 0.844383 0.0739437 0.0143594
0 0.923216 0.391813 0.0280282 0.0193125
0 0.0309272 0.454625 0.0550939 0.0209688
0 0.11169 0.769734 0.0329577 0.0205313
0 0.439718 0.955914 0.0448357 0.0199844
0 0.9702 0.810922 0.0327465 0.015
0 0.407582 0.747539 0.0196244 0.0109531
0 0.951138 0.828703 0.0303521 0.013875
0 0.387031 0.686227 0.0371127 0.0113594
0 0.245915 0.769945 0.04277 0.0109531
0 0.0500939 0.436266 0.0360563 0.0197188
0 0.130364 0.585141 0.0229812 0.0144375
0 0.124308 0.899172 0.0426056 0.0197188
0 0.0830516 0.897078 0.0406573 0.0157188
0 0.0428873 0.321813 0.0479812 0.0274375
0 0.0531808 0.296156 0.0519484 0.0410625
0 0.0646831 0.553734 0.037723 0.0150312
0 0.429871 0.786508 0.0175352 0.0137031
0 0.353345 0.784719 0.0185681 0.0208125
0 0.784284 0.65807 0.0288498 0.0103281
0 0.790141 0.671336 0.034507 0.00926562
0 0.130998 0.390102 0.027723 0.0122031
0 0.35838 0.833562 0.0151174 0.013125
0 0.0960563 0.300734 0.0540845 0.01175
0 0.898415 0.796406 0.0257042 0.0130312
0 0.42804 0.806938 0.0139671 0.008875
0 0.625035 0.661953 0.0171127 0.00609375
0 0.791913 0.616523 0.0124648 0.0133906
0 0.10939 0.599766 0.0249765 0.0175625
0 0.0625587 0.360875 0.079061 0.019
0 0.876878 0.418297 0.0176056 0.0212188
0 0.43081 0.825734 0.0108685 0.00828125
0 0.59385 0.610016 0.0132864 0.00778125
0 0.591455 0.58793 0.00840376 0.00667187
0 0.891479 0.708094 0.0538967 0.0329375
0 0.132852 0.6575 0.0118545 0.00725
0 0.178239 0.781773 0.0392488 0.0109531
0 0.895786 0.637938 0.0182864 0.0081875
0 0.134636 0.47675 0.0284272 0.00771875
0 0.395293 0.73775 0.00899061 0.010375
0 0.0184977 0.385648 0.0369953 0.0236406
0 0.109554 0.639211 0.0359624 0.0208906
0 0.852136 0.423406 0.025446 0.0340625
0 0.26912 0.693633 0.0365493 0.0192031
0 0.0186268 0.516008 0.0257042 0.0216094
0 0.339096 0.80193 0.013216 0.0158281
0 0.0794484 0.28832 0.0432629 0.0366719
0 0.779331 0.739133 0.0512911 0.0158906
0 0.4748 0.933141 0.042277 0.0140625
0 0.0138615 0.5805 0.027723 0.049
0 0.123897 0.935359 0.0306573 0.0174687
0 0.120962 0.95068 0.0181221 0.0127031
0 0.10507 0.960648 0.0256808 0.0189219
0 0.964472 0.400992 0.0196948 0.0348594
0 0.148263 0.693477 0.0111268 0.00704687
0 0.0415023 0.669648 0.0164789 0.0220469
0 0.0348122 0.975938 0.0696244 0.02175
0 0.0807512 0.543266 0.050892 0.0157813
0 0.0650587 0.502555 0.0457981 0.0251094
0 0.877242 0.645125 0.0192254 0.011
0 0.161761 0.988812 0.0359155 0.022375
0 0.206221 0.891953 0.0225352 0.017875
0 0.914214 0.689461 0.0190845 0.00851563
0 0.0909038 0.856258 0.0649061 0.0227344
0 0.544202 0.593437 0.0212676 0.0104375
0 0.0866667 0.528648 0.0362911 0.0149844
0 0.542958 0.588281 0.0230986 0.00946875
0 0.187864 0.892859 0.01723 0.022375
0 0.147782 0.682063 0.0120892 0.0044375
0 0.0691549 0.871687 0.0439906 0.0174375
0 0.332218 0.709555 0.0192723 0.0198281
0 0.145786 0.701625 0.0185681 0.0094375
0 0.799812 0.672867 0.0421596 0.0102969
0 0.340211 0.76457 0.0230516 0.0139219
0 0.1452 0.930008 0.0196948 0.0149219
0 0.0542254 0.803719 0.0757277 0.0160938
0 0.436749 0.905289 0.0380516 0.0286406
0 0.0811737 0.446719 0.0394366 0.02775
0 0.425927 0.797266 0.0203521 0.0111875
0 0.188028 0.765313 0.0741784 0.0190937
0 0.158944 0.802391 0.0256338 0.0119375
0 0.369401 0.678875 0.0294131 0.0160938
0 0.138275 0.707469 0.0203991 0.009875
0 0.235387 0.876109 0.0510094 0.0179375
0 0.578826 0.577266 0.00938967 0.0043125
0 0.370716 0.813711 0.0157042 0.0222344
0 0.120927 0.556906 0.0412911 0.0152187
0 0.200962 0.853102 0.0371362 0.0410469
0 0.117265 0.626266 0.0527465 0.0139063
0 0.42777 0.750992 0.0235681 0.0160156
0 0.828944 0.375297 0.0118779 0.0231562
0 0.177383 0.992375 0.0343427 0.00903125
0 0.711866 0.692562 0.0309155 0.0106875
0 0.0197066 0.408648 0.0375822 0.0324531
0 0.437617 0.914188 0.0436385 0.0257812
0 0.94946 0.721852 0.0343662 0.0167344
0 0.0872887 0.376961 0.0435915 0.0154844
0 0.177488 0.752094 0.0513615 0.0144063
0 0.927617 0.768352 0.0166901 0.0145156
0 0.719014 0.689664 0.0194836 0.0136406
0 0.910411 0.702695 0.0257042 0.00845313
0 0.173087 0.81907 0.0601643 0.0158594
0 0.101831 0.322289 0.061831 0.0149219
0 0.353216 0.80132 0.0180282 0.0177969
0 0.206291 0.870063 0.0216901 0.0184375
0 0.0367606 0.30325 0.0475117 0.0314063
0 0.760786 0.669516 0.0183803 0.00775
0 0.119988 0.920594 0.0290845 0.0165313
0 0.104683 0.974406 0.0324178 0.021375
0 0.123873 0.883422 0.0369014 0.0158438
0 0.0364085 0.535641 0.0353052 0.015125
0 0.101878 0.932797 0.0333803 0.0167813
0 0.145692 0.7105 0.0116667 0.00859375
0 0.548415 0.599336 0.0176761 0.0114219
0 0.839472 0.739914 0.032277 0.0137031
0 0.0301291 0.713 0.0142019 0.0141563
0 0.953674 0.755031 0.0335915 0.0116562
0 0.108263 0.613695 0.0306573 0.0241094
0 0.537031 0.568617 0.0142958 0.00839063
0 0.781103 0.725047 0.0409859 0.0243125
0 0.834918 0.688266 0.043216 0.0105313
0 0.0383099 0.792 0.0443662 0.0173437
0 0.0171948 0.344156 0.0321362 0.029125
0 0.54838 0.574891 0.0156338 0.0068125
0 0.583122 0.631023 0.0150704 0.00495313
0 0.789472 0.690977 0.0191784 0.00982813
0 0.373779 0.8995 0.0169014 0.0242812
0 0.114401 0.371727 0.0190845 0.0203594
0 0.132007 0.771578 0.0290376 0.0293438
0 0.116092 0.39193 0.0388967 0.0115156
0 0.792641 0.702805 0.0152347 0.0137344
0 0.0135446 0.481891 0.0270892 0.0334688
0 0.355376 0.6865 0.015493 0.0114375
0 0.0290845 0.356812 0.058169 0.029625
0 0.0284977 0.871953 0.0569953 0.0248438
0 0.622312 0.60932 0.0241549 0.00610938
0 0.0914671 0.310664 0.0305869 0.0171094
0 0.937383 0.759859 0.0155634 0.0195938
0 0.132113 0.787891 0.0537089 0.0140313
0 0.0771596 0.767656 0.0390141 0.016375
0 0.581984 0.586305 0.0114789 0.00929687
0 0.635282 0.646102 0.0161502 0.0125156
0 0.347406 0.754547 0.0342019 0.0145625
0 0.60689 0.621023 0.0421831 0.0113281
0 0.102641 0.486555 0.0243897 0.0100469
0 0.286901 0.718711 0.0190141 0.0243594
0 0.903838 0.619508 0.0288028 0.0161094
0 0.337735 0.813867 0.0178638 0.0155469
0 0.0860446 0.636039 0.0175822 0.0104844
0 0.647171 0.576625 0.0184742 0.0120938
0 0.926103 0.398266 0.0448357 0.029625
0 0.0302934 0.829789 0.0267371 0.0216094
0 0.814308 0.373922 0.0202113 0.0240313
0 0.0941784 0.753523 0.0383099 0.0233906
0 0.841244 0.375227 0.0160563 0.0382969
0 0.826326 0.371695 0.0158451 0.0276094
0 0.835035 0.696875 0.041385 0.0125938
0 0.368944 0.839656 0.015493 0.0103125
0 0.617007 0.629789 0.0309155 0.0149219
0 0.372136 0.830508 0.011831 0.00845313
0 0.435082 0.944148 0.0349061 0.0141094
0 0.022993 0.250805 0.0447183 0.0172031
0 0.135869 0.902664 0.0313146 0.0130781
0 0.789812 0.610906 0.0176995 0.00490625
0 0.437312 0.927414 0.0419014 0.0215781
0 0.720822 0.67007 0.0141784 0.0137344
0 0.1577 0.963828 0.0235681 0.0110625
0 0.0246948 0.42443 0.0475587 0.0298281
0 0.234718 0.906836 0.0184977 0.0155156
0 0.226784 0.891344 0.0225822 0.0191562
0 0.145282 0.991359 0.038169 0.01575
0 0.413838 0.756836 0.0143427 0.0114219
0 0.939671 0.606258 0.0160094 0.0166719
0 0.615164 0.640883 0.0274648 0.0110156
0 0.986115 0.454266 0.0150939 0.019375
0 0.0178756 0.555195 0.0216667 0.0183281
0 0.334554 0.724898 0.0243662 0.00904687
0 0.717007 0.712922 0.0175822 0.0102813
0 0.376467 0.915625 0.0123239 0.0157188
0 0.154448 0.713 0.0091784 0.00528125
0 0.096608 0.551664 0.0276761 0.0111719
0 0.10169 0.439242 0.0249765 0.0207969
0 0.355047 0.670797 0.0225822 0.0259062
0 0.477617 0.960375 0.0360329 0.0091875
0 0.971831 0.790586 0.028169 0.0273594
0 0.126397 0.690867 0.0133099 0.00695313
0 0.105023 0.569484 0.0338967 0.019375
0 0.863251 0.428563 0.0179577 0.0356563
0 0.105246 0.826758 0.0810094 0.0217656
0 0.583627 0.627695 0.0148122 0.00332812
0 0.125681 0.653828 0.0262911 0.0095625
0 0.616749 0.59957 0.011385 0.0149844
0 0.42189 0.790945 0.0130751 0.0125469
0 0.813322 0.700828 0.0166432 0.005625
0 0.862676 0.700406 0.00934272 0.0101875
0 0.0932629 0.329227 0.0577465 0.0169844
0 0.937089 0.727445 0.0367606 0.0200156
0 0.0753756 0.602578 0.0246009 0.0202813
0 0.927887 0.805141 0.029108 0.00459375
0 0.802876 0.615914 0.0101174 0.00589063
0 0.0988498 0.423383 0.027277 0.0190469
0 0.146831 0.849914 0.0193897 0.0122031
0 0.146514 0.958875 0.0200235 0.015125
0 0.0231103 0.289086 0.0462207 0.0125156
