0 0.487385 0.208227 0.355438 0.211203
0 0.219552 0.596227 0.439104 0.637953
0 0.12899 0.0469297 0.257979 0.0938594
0 0.621073 0.0723594 0.324646 0.144719
0 0.900208 0.1155 0.199583 0.110813
0 0.0263854 0.0829922 0.0499375 0.101484
0 0.58024 0.691539 0.835187 0.616922
0 0.68451 0.370453 0.611938 0.283594
0 0.161427 0.201516 0.321896 0.218844
0 0.372844 0.141055 0.218437 0.128422
0 0.76501 0.110234 0.130646 0.102313
0 0.255281 0.0553984 0.165563 0.110797
0 0.680719 0.194648 0.161521 0.138453
0 0.864729 0.270813 0.268958 0.24775
0 0.0844271 0.378867 0.168854 0.160266
