2 0.578602 0.57574 0.0835781 0.105021
2 0.106406 0.434594 0.134063 0.0825208
2 0.525312 0.63101 0.0854375 0.107938
2 0.275383 0.51624 0.0671406 0.0653125
2 0.730492 0.523125 0.0855469 0.0557083
2 0.120594 0.736427 0.126094 0.172938
2 0.460297 0.44801 0.0359063 0.0975208
2 0.760055 0.782177 0.0879531 0.114062
2 0.691211 0.41026 0.0680781 0.0520625
2 0.481555 0.299625 0.0514219 0.054125
2 0.403117 0.30949 0.0798281 0.0516458
2 0.207094 0.415969 0.101437 0.0613542
2 0.784516 0.399458 0.0428437 0.0632917
