2 0.149649 0.509493 0.0362908 0.0511111
2 0.329052 0.538015 0.0328758 0.0341993
2 0.264118 0.490891 0.045 0.0338072
2 0.297157 0.551111 0.0422876 0.0310784
2 0.180449 0.605327 0.0463562 0.0388562
2 0.18469 0.568031 0.0415359 0.0403105
2 0.376511 0.65424 0.0433497 0.0308987
2 0.364461 0.529493 0.0295425 0.0412092
2 0.393922 0.575842 0.0401307 0.0434804
2 0.264869 0.615523 0.0358824 0.040719
2 0.329559 0.707443 0.0365033 0.0427614
2 0.362933 0.70652 0.0364542 0.0224837
2 0.355204 0.564926 0.0316176 0.0399837
2 0.215923 0.54393 0.0353758 0.0478268
2 0.14375 0.645547 0.0404739 0.0396895
2 0.302247 0.612222 0.0373366 0.0413072
2 0.198489 0.630931 0.0439379 0.0436601
2 0.228301 0.685343 0.0339869 0.0250654
2 0.235735 0.576814 0.0436275 0.0366667
2 0.317917 0.509355 0.0410621 0.0295915
