0 0.217117 0.406591 0.0247969 0.147727
0 0.231477 0.582136 0.0233594 0.0919091
0 0.28193 0.353341 0.0221094 0.0815455
0 0.213969 0.577693 0.02925 0.120386
0 0.190563 0.294477 0.023625 0.0544091
0 0.190609 0.228057 0.0389375 0.106205
0 0.264359 0.252307 0.024875 0.0953409
0 0.206445 0.54167 0.0292344 0.0984318
0 0.212477 0.216989 0.0408906 0.0968864
0 0.241406 0.462352 0.0334062 0.135705
0 0.269844 0.307795 0.0147187 0.0802727
0 0.227977 0.491852 0.0276406 0.0977955
0 0.18257 0.420318 0.0224844 0.119045
0 0.257977 0.360307 0.0275156 0.0748409
0 0.280703 0.246148 0.0407187 0.107114
0 0.264562 0.57833 0.0400625 0.0757045
0 0.238094 0.270886 0.0337812 0.121409
0 0.200289 0.375182 0.0287656 0.117045
0 0.276156 0.584307 0.0255 0.0467955
0 0.30757 0.27542 0.0159219 0.0466136
0 0.199641 0.472023 0.022125 0.0854545
0 0.174063 0.383932 0.0270312 0.103591
0 0.205719 0.287807 0.0301563 0.0808409
0 0.267813 0.514864 0.0242188 0.0739545
0 0.300391 0.30008 0.0237813 0.0537045
0 0.25593 0.461284 0.0168281 0.0746136
0 0.306953 0.354216 0.0218125 0.0657045
0 0.229539 0.294682 0.0270469 0.122682
