0 0.984336 0.6375 0.0272031 0.0362928
0 0.804852 0.657148 0.0341719 0.0449049
0 0.905281 0.634962 0.0441563 0.0590114
0 0.707383 0.637975 0.0270156 0.0256464
0 0.895781 0.657053 0.0366875 0.0653992
0 0.784766 0.684259 0.026375 0.0668061
0 0.847492 0.624753 0.0288594 0.05327
0 0.730352 0.641378 0.0209844 0.0377757
0 0.861602 0.663935 0.0359219 0.0657414
0 0.942266 0.623317 0.031375 0.0609696
0 0.923766 0.66346 0.02825 0.0376806
0 0.838937 0.654068 0.0367188 0.0664639
0 0.779492 0.657224 0.0321719 0.0637643
0 0.915234 0.616027 0.049125 0.0607605
0 0.803937 0.681207 0.0230312 0.0425665
0 0.750008 0.658042 0.00742187 0.0123194
0 0.946289 0.65711 0.0280156 0.030076
0 0.969086 0.654487 0.0283594 0.02327
0 0.962875 0.628565 0.0307187 0.0476236
0 0.772406 0.685133 0.01125 0.0303802
0 0.755922 0.653859 0.0319063 0.0646768
0 0.873891 0.626892 0.0300312 0.06827
