0 0.4905 0.726865 0.0333125 0.0818542
0 0.401312 0.710177 0.0169375 0.0185625
0 0.417781 0.807333 0.0307812 0.0886667
0 0.418305 0.612396 0.0649844 0.0556667
0 0.476672 0.900635 0.0440313 0.120771
0 0.237156 0.554323 0.039 0.0199792
0 0.227055 0.642687 0.0390469 0.0412917
0 0.22843 0.571021 0.0400156 0.0352917
0 0.492273 0.635427 0.0322969 0.0758958
0 0.517195 0.72025 0.0346094 0.0784583
0 0.548023 0.840948 0.0694219 0.0736042
0 0.552852 0.851156 0.0453906 0.0794792
0 0.475812 0.643979 0.025 0.085375
0 0.514437 0.622969 0.0534375 0.0684375
0 0.404617 0.819667 0.0257656 0.0869167
0 0.522664 0.785677 0.0337344 0.0902708
0 0.421516 0.675635 0.027625 0.0611458
0 0.237266 0.693281 0.0195 0.0608125
0 0.507203 0.894969 0.0205 0.102521
0 0.440984 0.876698 0.0376563 0.0869375
0 0.470461 0.753458 0.0228906 0.0920417
0 0.519797 0.56974 0.0523125 0.0323125
0 0.495953 0.670333 0.0204375 0.07075
0 0.203063 0.579354 0.0190312 0.0464167
0 0.24618 0.516594 0.0302656 0.0330625
0 0.465703 0.880469 0.046875 0.105646
0 0.488391 0.914833 0.021625 0.0895
0 0.187688 0.607552 0.0176563 0.0618542
0 0.468797 0.815083 0.0296563 0.10075
0 0.241234 0.533073 0.0207813 0.0205208
0 0.1915 0.543177 0.0514687 0.0471875
0 0.240852 0.599344 0.0414219 0.0350625
0 0.452969 0.642312 0.0263437 0.0866667
0 0.467867 0.666531 0.0217344 0.0843542
0 0.41893 0.858073 0.0153906 0.0946042
0 0.494461 0.816312 0.0407969 0.0968333
0 0.238969 0.724104 0.0174375 0.053
0 0.527758 0.904427 0.0240469 0.110437
0 0.442484 0.767458 0.0327188 0.0789167
0 0.53018 0.707437 0.0532656 0.06975
0 0.256625 0.711604 0.0290938 0.0785
0 0.494539 0.771667 0.0268906 0.0937083
0 0.196766 0.547302 0.0363438 0.0294792
0 0.193242 0.655177 0.0269219 0.0569375
0 0.254023 0.683583 0.0269219 0.05025
0 0.432398 0.632687 0.0469219 0.0782083
0 0.251672 0.634292 0.0180312 0.0302917
0 0.257773 0.508979 0.0230781 0.02
0 0.432266 0.730229 0.030375 0.085125
0 0.39175 0.676719 0.0242188 0.0624375
0 0.434617 0.847052 0.0282344 0.0846875
0 0.202164 0.614552 0.0168594 0.0555625
0 0.547156 0.625063 0.048625 0.0602917
0 0.561656 0.716333 0.03225 0.0482917
0 0.54193 0.758844 0.0194219 0.0679375
0 0.222812 0.701292 0.0188437 0.075375
