0 0.490937 0.264398 0.067625 0.0226719
0 0.260083 0.306109 0.0288333 0.027625
0 0.123219 0.339359 0.0391042 0.013875
0 0.22976 0.391391 0.0873958 0.0313125
0 0.685271 0.240297 0.0505 0.0307812
0 0.43825 0.279719 0.0348333 0.0240938
0 0.369563 0.230258 0.0308333 0.0415156
0 0.30476 0.435898 0.0335625 0.0502031
0 0.368938 0.360164 0.0351667 0.0368281
0 0.199312 0.337313 0.0888333 0.0397813
0 0.327813 0.376695 0.0519583 0.0418906
0 0.402771 0.227578 0.0490833 0.0557813
0 0.22149 0.289328 0.0931458 0.0420937
0 0.34475 0.332016 0.0322917 0.0555312
0 0.503437 0.23107 0.0354583 0.0459844
0 0.350427 0.294977 0.0427708 0.0402031
0 0.282687 0.301047 0.032625 0.0425
0 0.341667 0.226703 0.0324167 0.0391562
0 0.286271 0.280172 0.0559583 0.0263125
0 0.302167 0.346 0.021875 0.0325625
0 0.225479 0.308352 0.0794583 0.0337969
0 0.313812 0.320328 0.0312917 0.0495937
0 0.4785 0.239367 0.0281667 0.0381719
0 0.238833 0.43132 0.0990833 0.0456719
0 0.303979 0.407922 0.0435 0.0267812
0 0.434656 0.352945 0.0390625 0.0346719
0 0.378302 0.328445 0.0473125 0.0407344
0 0.315292 0.28768 0.0460833 0.0359219
0 0.734365 0.362766 0.110437 0.0445313
0 0.501344 0.390211 0.0297708 0.0233281
0 0.292396 0.265094 0.04825 0.014125
0 0.12149 0.357117 0.0463958 0.0282344
0 0.325323 0.421703 0.0323958 0.0512188
0 0.642573 0.219242 0.0663958 0.0177344
0 0.451594 0.240383 0.0277292 0.0414531
0 0.27225 0.407734 0.02425 0.021375
0 0.519323 0.379914 0.0241458 0.0269531
0 0.238521 0.367922 0.0905 0.024125
0 0.270729 0.326219 0.054375 0.0365938
0 0.199302 0.356563 0.0897708 0.0373125
0 0.246885 0.347609 0.0707708 0.0206875
0 0.411115 0.307453 0.0308958 0.0487812
0 0.291156 0.236813 0.0588958 0.0426562
0 0.299969 0.380797 0.0288125 0.0394062
0 0.724333 0.25407 0.0350417 0.0172031
0 0.339073 0.264094 0.0500208 0.0379688
0 0.280646 0.3835 0.0255 0.0411875
0 0.25124 0.251305 0.0591875 0.0452969
0 0.463719 0.359922 0.0341042 0.02175
0 0.303 0.225781 0.0579167 0.0545625
0 0.217479 0.421281 0.1375 0.0659375
0 0.372052 0.310844 0.0524792 0.0395625
0 0.166677 0.306898 0.0576458 0.0247969
0 0.260531 0.456352 0.0731042 0.0361406
0 0.38725 0.282539 0.0325417 0.0359844
0 0.288604 0.346703 0.0218333 0.041
0 0.433823 0.23575 0.0443125 0.0494687
0 0.345938 0.389391 0.0262917 0.0297187
0 0.482365 0.37343 0.0187708 0.0137656
0 0.403833 0.269047 0.0509583 0.0414687
0 0.757104 0.339438 0.074 0.023125
0 0.733885 0.271156 0.0701875 0.0322812
0 0.230812 0.261906 0.0408333 0.020625
0 0.687375 0.247695 0.0337917 0.0296094
0 0.148271 0.329844 0.0805417 0.0228437
0 0.325375 0.351125 0.0350833 0.0417812
0 0.195854 0.389766 0.05275 0.0395625
0 0.724021 0.273234 0.063625 0.0233125
0 0.376708 0.247891 0.024 0.0326875
0 0.262979 0.242047 0.0433333 0.0329688
0 0.404948 0.353625 0.0412292 0.0270937
0 0.358042 0.266703 0.0400417 0.0286875
0 0.246562 0.325633 0.025125 0.0203594
0 0.447219 0.270109 0.0469375 0.027375
0 0.50151 0.365469 0.0347708 0.0302187
