0 0.213296 0.460187 0.0493509 0.0269375
0 0.234544 0.395039 0.0660446 0.0305781
0 0.266258 0.373688 0.0373022 0.0426875
0 0.363012 0.452445 0.0586815 0.0188594
0 0.14068 0.575508 0.0545842 0.0320469
0 0.238083 0.361438 0.0273631 0.03825
0 0.163499 0.558578 0.0483367 0.0285
0 0.157901 0.453133 0.0670385 0.0265469
0 0.302931 0.427312 0.0532454 0.0412813
0 0.400527 0.40282 0.0149696 0.00717187
0 0.178215 0.455883 0.0640162 0.0273594
0 0.337312 0.401938 0.0663895 0.0281563
0 0.299016 0.394703 0.0495132 0.02925
0 0.167292 0.544336 0.0879716 0.0233281
0 0.164858 0.426141 0.0503651 0.029875
0 0.389381 0.395258 0.0502434 0.0182031
0 0.335497 0.358656 0.065071 0.0507187
0 0.158428 0.437031 0.0450507 0.012
0 0.362667 0.384102 0.0895132 0.0260156
0 0.239432 0.433898 0.0356187 0.0343594
0 0.200994 0.381281 0.086856 0.03025
0 0.380791 0.412453 0.0834483 0.0258437
0 0.264351 0.411719 0.0366126 0.0295
0 0.386704 0.444555 0.027931 0.0110781
0 0.191562 0.403391 0.0732252 0.0425625
0 0.19998 0.431773 0.0489249 0.0328281
0 0.26428 0.456148 0.0514807 0.0289531
0 0.38283 0.426258 0.0509331 0.0164219
0 0.308002 0.448586 0.0525963 0.0269219
0 0.361075 0.369766 0.0831237 0.03225
0 0.337982 0.428719 0.0742191 0.0405
0 0.199341 0.560813 0.0308925 0.0215
