0 0.3355 0.344187 0.0756667 0.0159688
0 0.642417 0.558266 0.0322083 0.031625
0 0.352729 0.441086 0.028625 0.0419844
0 0.918344 0.221672 0.0215625 0.0215625
0 0.260396 0.475102 0.0218333 0.0252344
0 0.329948 0.470953 0.0512708 0.0612812
0 0.65074 0.686789 0.0394792 0.0248906
0 0.284885 0.547023 0.0260208 0.0205156
0 0.55925 0.480383 0.0317917 0.0246719
0 0.383688 0.261 0.054 0.0576875
0 0.587354 0.634234 0.0184583 0.0304063
0 0.598135 0.577148 0.0286458 0.0316406
0 0.260958 0.649039 0.0370833 0.0219844
0 0.659562 0.423555 0.0255833 0.0420469
0 0.576646 0.396664 0.0379583 0.0179531
0 0.640146 0.316281 0.0198333 0.0371875
0 0.361083 0.253477 0.036125 0.0280781
0 0.66075 0.645359 0.02925 0.0193125
0 0.663385 0.355914 0.0346458 0.0263281
0 0.358813 0.484898 0.025625 0.0360156
0 0.600021 0.301047 0.0249583 0.0359063
0 0.489885 0.335383 0.0776042 0.0235781
0 0.336563 0.424617 0.013 0.0164219
0 0.622969 0.316492 0.0308542 0.0497656
0 0.666333 0.329047 0.0209167 0.0434688
0 0.558438 0.696406 0.0317917 0.0184687
0 0.630073 0.166664 0.0191458 0.00820313
0 0.658458 0.454891 0.009875 0.0162188
0 0.865948 0.399625 0.0191042 0.014625
0 0.515687 0.690148 0.036125 0.0245469
0 0.631042 0.527438 0.050375 0.035875
0 0.47424 0.291039 0.0365625 0.0307969
0 0.527708 0.308992 0.0430417 0.0323906
0 0.62325 0.185055 0.014375 0.0105156
0 0.451625 0.328641 0.0314583 0.0269375
0 0.372385 0.352523 0.0582708 0.0177656
0 0.660573 0.496984 0.0427292 0.0288438
0 0.606802 0.328 0.0478542 0.038375
0 0.633823 0.363594 0.0276875 0.025125
0 0.508135 0.0876875 0.00939583 0.00296875
0 0.606469 0.52207 0.0567708 0.0316406
0 0.349375 0.272055 0.0830833 0.0353906
0 0.28699 0.461664 0.0211875 0.0366719
0 0.621323 0.496719 0.0441042 0.0359063
0 0.582885 0.206148 0.0106042 0.00923437
0 0.284302 0.644813 0.0210625 0.0161563
0 0.332521 0.330617 0.0511667 0.0237031
0 0.611781 0.631828 0.0285208 0.0316563
0 0.622198 0.607164 0.0331458 0.0302656
0 0.302417 0.521023 0.0205 0.0266719
0 0.62226 0.384836 0.0393542 0.0224844
0 0.525813 0.102563 0.00616667 0.00409375
0 0.533104 0.293844 0.034625 0.0313125
0 0.502969 0.297797 0.0367292 0.03575
0 0.649531 0.488977 0.0224792 0.0340469
0 0.624844 0.654898 0.0325625 0.0290781
0 0.405583 0.366422 0.066125 0.0179687
0 0.31775 0.299742 0.0635833 0.0148594
0 0.563219 0.645 0.0191458 0.0376875
0 0.346135 0.288078 0.0806875 0.01975
0 0.273646 0.449359 0.0215417 0.0376875
0 0.597406 0.344492 0.0506042 0.0269219
0 0.655115 0.521539 0.0338542 0.0251406
0 0.527062 0.659687 0.0510833 0.0238125
0 0.57826 0.555641 0.0211875 0.0435938
0 0.59551 0.686906 0.0291042 0.0171875
0 0.383906 0.469672 0.0226042 0.0172187
0 0.4015 0.300063 0.0582083 0.0211562
0 0.528792 0.462555 0.0290417 0.0479531
0 0.244687 0.619492 0.02275 0.0179531
0 0.261104 0.498469 0.0397083 0.0515
0 0.263427 0.538945 0.0355625 0.0233281
0 0.618948 0.14782 0.0143542 0.00898437
0 0.380021 0.492023 0.0270833 0.0342344
0 0.276042 0.57307 0.0403333 0.0317969
0 0.638781 0.546672 0.0355625 0.0338437
0 0.635292 0.624734 0.0403333 0.0359063
0 0.233292 0.610633 0.0240833 0.0167969
0 0.571583 0.293828 0.023125 0.020125
0 0.860708 0.434563 0.0135833 0.0171875
0 0.674177 0.514734 0.0218958 0.0175
0 0.319927 0.509375 0.0334375 0.03475
0 0.626823 0.579281 0.0396875 0.03275
0 0.431031 0.282922 0.0225625 0.0112812
0 0.461688 0.353852 0.078625 0.0194844
0 0.446385 0.283281 0.0444375 0.0307812
0 0.332646 0.541453 0.031125 0.0243438
0 0.514333 0.646875 0.0474167 0.01975
0 0.510052 0.344227 0.0625625 0.0217969
0 0.379656 0.337023 0.0551042 0.0221406
0 0.544406 0.359578 0.0529792 0.0192812
0 0.650573 0.336031 0.0338542 0.0412813
0 0.881167 0.403094 0.0145833 0.0118438
0 0.528948 0.710641 0.0376042 0.025375
0 0.601156 0.364539 0.0406875 0.0182031
0 0.321562 0.598867 0.0232917 0.0188594
0 0.596635 0.477555 0.0350208 0.0574219
0 0.555875 0.556414 0.024625 0.0456406
0 0.634448 0.686719 0.0324792 0.024625
0 0.600313 0.649484 0.0215417 0.0184687
0 0.56525 0.344125 0.063875 0.0282187
0 0.433406 0.300164 0.0321875 0.0294219
0 0.652833 0.378594 0.0257083 0.0188437
0 0.647354 0.587234 0.0320417 0.0237188
0 0.346823 0.596836 0.0274792 0.0204219
0 0.616385 0.202695 0.00922917 0.0233281
0 0.598458 0.381187 0.0584583 0.023375
0 0.599448 0.610367 0.0228542 0.0339844
0 0.336687 0.522883 0.0220417 0.0211719
0 0.528438 0.0909922 0.0100417 0.00904687
0 0.874708 0.448383 0.0133333 0.00845313
0 0.42299 0.351977 0.0581042 0.0202656
0 0.875573 0.198906 0.0191875 0.0131875
0 0.267 0.63082 0.028375 0.0138594
0 0.656958 0.628992 0.0294167 0.0279531
0 0.535896 0.643383 0.0335 0.0194844
0 0.514708 0.326391 0.048875 0.0243125
0 0.645281 0.607883 0.0391458 0.0327656
0 0.549021 0.680469 0.039125 0.0194687
0 0.468385 0.448266 0.0265625 0.0257188
0 0.499812 0.279617 0.0492083 0.0286406
0 0.497604 0.473258 0.0587917 0.0402656
0 0.635698 0.472305 0.0396458 0.0405156
0 0.351365 0.508 0.0228958 0.0189687
0 0.27 0.46757 0.0288333 0.0232656
0 0.585021 0.702688 0.028375 0.0176875
0 0.524104 0.0984531 0.006 0.00421875
0 0.91175 0.194922 0.02325 0.015375
0 0.85226 0.447062 0.0154375 0.0135625
0 0.60374 0.165 0.0160625 0.0069375
0 0.529073 0.373703 0.0419792 0.018875
0 0.861135 0.414062 0.0113125 0.015875
0 0.521854 0.511102 0.0323333 0.0497031
0 0.575958 0.655898 0.018125 0.0230781
0 0.574344 0.578937 0.0202708 0.0334062
0 0.303875 0.58407 0.0261667 0.0252344
0 0.284583 0.523977 0.0403333 0.0315469
0 0.925521 0.196055 0.020625 0.0107969
0 0.667833 0.623078 0.01675 0.0287187
0 0.630094 0.429797 0.0328125 0.0333437
0 0.520823 0.679547 0.0351875 0.0234375
0 0.595844 0.405039 0.0411458 0.0229219
0 0.610229 0.170641 0.0277083 0.00896875
0 0.531594 0.100773 0.00785417 0.00460938
0 0.626365 0.157336 0.0110625 0.00970312
