1 0.268945 0.636219 0.0192031 0.0223125
1 0.226281 0.626312 0.0276875 0.0305833
1 0.236141 0.590427 0.01775 0.0184792
1 0.182008 0.549292 0.0193594 0.0268333
1 0.175352 0.640396 0.0345156 0.0464167
1 0.212375 0.613229 0.0136875 0.0329167
1 0.294984 0.595802 0.019625 0.0189792
1 0.121961 0.579885 0.0265469 0.0210208
1 0.182469 0.607 0.0207188 0.0284583
1 0.0830859 0.584385 0.0287031 0.0134375
1 0.0734453 0.615187 0.0302656 0.028375
1 0.0548516 0.607667 0.0252344 0.0344167
1 0.0895 0.645729 0.0280938 0.03525
1 0.195695 0.629062 0.0285156 0.0333333
1 0.140594 0.568302 0.0117813 0.0225625
1 0.163797 0.608208 0.021625 0.0278333
1 0.121953 0.627583 0.0201875 0.0263333
1 0.254789 0.615292 0.0210781 0.0179167
1 0.250445 0.638021 0.0218906 0.0229167
1 0.0663828 0.670792 0.0216094 0.022875
1 0.0689141 0.643781 0.0311719 0.0404375
1 0.110398 0.573698 0.0149844 0.0253542
1 0.202648 0.527083 0.0220156 0.037625
1 0.265555 0.580719 0.0193594 0.0272292
1 0.0923906 0.599052 0.0331875 0.0278958
1 0.0905312 0.610062 0.0272812 0.0184583
1 0.197664 0.55275 0.0171406 0.0239583
1 0.115367 0.604458 0.0183594 0.031875
1 0.149523 0.651656 0.0196406 0.0294792
1 0.144812 0.625875 0.043375 0.0426667
1 0.24275 0.603667 0.03325 0.028375
1 0.124695 0.567792 0.0203906 0.0160833
1 0.214141 0.598812 0.0240938 0.025375
1 0.315203 0.60925 0.0135 0.0144583
1 0.288484 0.626594 0.0233125 0.0283125
1 0.312859 0.618115 0.0144687 0.0164375
1 0.252922 0.571052 0.0251563 0.0431875
1 0.235102 0.530958 0.0186719 0.0198333
1 0.0411953 0.624677 0.0149531 0.0187292
1 0.220266 0.551115 0.0150312 0.0141875
1 0.327891 0.607594 0.0175937 0.0171458
1 0.0407109 0.641885 0.0264531 0.0200625
1 0.274938 0.584021 0.0171563 0.0192917
1 0.180828 0.579229 0.0320625 0.0401667
1 0.135719 0.596938 0.024625 0.0244167
1 0.132102 0.645687 0.0164844 0.023125
1 0.15582 0.57851 0.0235469 0.0385625
1 0.229055 0.537812 0.0196094 0.0186667
1 0.216156 0.53701 0.010625 0.0190208
