0 0.817664 0.943229 0.0203906 0.0169167
0 0.509922 0.790917 0.01525 0.046
0 0.58268 0.689229 0.0109531 0.034875
0 0.425055 0.792396 0.0257656 0.0369167
0 0.42775 0.729865 0.029 0.0421458
0 0.412664 0.838812 0.0303906 0.0184583
0 0.561469 0.675208 0.0295312 0.0380833
0 0.359492 0.788896 0.00973437 0.0497917
0 0.438734 0.813646 0.0325 0.034875
0 0.650539 0.532375 0.0360469 0.019375
0 0.478109 0.831917 0.0261562 0.044875
0 0.926469 0.872615 0.0221562 0.0140625
0 0.0517656 0.201521 0.0180937 0.0264583
0 0.432859 0.80249 0.0276875 0.0346042
0 0.270633 0.581333 0.0222656 0.0289167
0 0.648594 0.702948 0.0340312 0.0228125
0 0.429078 0.874906 0.0205 0.0213542
0 0.326352 0.826583 0.0169219 0.0484583
0 0.60068 0.246427 0.0103281 0.0521042
0 0.773172 0.277063 0.008125 0.021375
0 0.969922 0.995385 0.0231875 0.00639583
0 0.106992 0.0933333 0.00948437 0.0338333
0 0.0801953 0.13601 0.0148906 0.0389375
0 0.875508 0.317563 0.0280781 0.0182083
0 0.0934141 0.0628854 0.0135469 0.0331458
0 0.304312 0.197802 0.0148437 0.0396042
0 0.618547 0.236406 0.0184687 0.0425625
0 0.0972031 0.0437188 0.00884375 0.0192292
0 0.306477 0.409615 0.0117344 0.0176875
0 0.838914 0.979437 0.0131406 0.0205
0 0.315664 0.870698 0.0149844 0.0320208
0 0.405766 0.834927 0.0226875 0.0241042
0 0.0750625 0.0684896 0.0111562 0.0226458
0 0.690961 0.905823 0.0230781 0.0720625
0 0.0735547 0.893177 0.0226406 0.0183542
0 0.10043 0.196687 0.00951562 0.020375
0 0.0846797 0.0553437 0.0143281 0.0306875
0 0.841844 0.340042 0.0359688 0.0472917
0 0.591898 0.242208 0.0151406 0.0476667
0 0.247562 0.492396 0.0190625 0.0214167
0 0.770469 0.2545 0.0076875 0.0264583
0 0.35257 0.790427 0.00807813 0.0407708
0 0.872195 0.906927 0.0122969 0.0210208
0 0.376375 0.763333 0.00721875 0.0295417
0 0.276672 0.335458 0.0115 0.006875
0 0.743734 0.10975 0.017125 0.0317917
0 0.879102 0.95501 0.0196094 0.0220625
0 0.342187 0.431813 0.0071875 0.0152083
