0 0.805297 0.154669 0.0120938 0.0366912
0 0.772578 0.214939 0.0165 0.0489951
0 0.988953 0.580613 0.0194062 0.0467157
0 0.767156 0.111042 0.0126875 0.0363971
0 0.974609 0.598542 0.0316875 0.0140931
0 0.742523 0.290784 0.0236094 0.0856373
0 0.71557 0.212341 0.0241719 0.0574265
0 0.71432 0.291875 0.0408281 0.0648775
0 0.760859 0.296949 0.0163438 0.0864951
0 0.756578 0.381066 0.010125 0.0281127
0 0.778508 0.28652 0.0138906 0.0715686
0 0.805555 0.128566 0.0116094 0.0364461
0 0.679766 0.162426 0.0576562 0.0317157
0 0.793703 0.226397 0.011 0.029951
0 0.781242 0.32511 0.0125156 0.023701
0 0.782328 0.283762 0.0170937 0.0673284
0 0.979602 0.572904 0.0204219 0.0420833
0 0.689258 0.233738 0.0158906 0.0748284
0 0.776766 0.111029 0.0230312 0.0456373
0 0.74175 0.124926 0.014875 0.0317647
0 0.764961 0.179792 0.00695313 0.0195343
0 0.77425 0.180147 0.004375 0.0121569
0 0.756437 0.358897 0.0127188 0.0473529
0 0.830219 0.15337 0.0137187 0.0192402
0 0.70582 0.170074 0.0522656 0.0402451
0 0.825516 0.187855 0.0259688 0.0202206
0 0.64325 0.373088 0.0423125 0.0343627
0 0.73075 0.134534 0.0349687 0.0164216
0 0.773883 0.236728 0.00873437 0.0193382
0 0.726531 0.184154 0.0307187 0.0471814
0 0.737805 0.152929 0.0435156 0.0252696
0 0.703867 0.13 0.0311406 0.047402
0 0.743367 0.312279 0.0189531 0.0738725
0 0.768945 0.300135 0.0158906 0.083848
0 0.75475 0.22098 0.012125 0.0554902
0 0.734133 0.206103 0.0125781 0.0661765
0 0.769766 0.367181 0.0135625 0.0328431
0 0.771391 0.178922 0.0264062 0.0414216
0 0.70307 0.26402 0.0539219 0.0347549
