0 0.158367 0.79142 0.0304844 0.0345775
0 0.198539 0.796092 0.0193281 0.0147183
0 0.370117 0.858216 0.0362656 0.0232864
0 0.089125 0.888016 0.0348437 0.0192254
0 0.0831719 0.861279 0.020125 0.0389906
0 0.409844 0.906279 0.0237188 0.0197418
0 0.135805 0.838204 0.0216719 0.0225587
0 0.440047 0.890763 0.0133125 0.024108
0 0.365047 0.90534 0.0158438 0.0417606
0 0.06975 0.844941 0.0264062 0.0309155
0 0.190844 0.835493 0.0239375 0.0142254
0 0.0703828 0.887993 0.0397656 0.0420423
0 0.186227 0.801925 0.0153594 0.021784
0 0.35193 0.898638 0.0124531 0.0223005
0 0.208687 0.805798 0.0191562 0.0146009
0 0.154414 0.877606 0.0270781 0.0199061
0 0.378352 0.899941 0.0118906 0.0328873
0 0.335867 0.8702 0.0219844 0.0351408
0 0.348352 0.92669 0.0148594 0.0128169
0 0.151938 0.839354 0.0140937 0.0370188
0 0.376219 0.921268 0.0135312 0.0298592
0 0.391883 0.907207 0.0140781 0.0330516
0 0.367836 0.889284 0.0126719 0.0230282
0 0.331531 0.896725 0.0129688 0.0235915
0 0.327516 0.880669 0.027375 0.0574883
0 0.181555 0.844296 0.0211406 0.00962441
0 0.426234 0.867477 0.0394062 0.0235915
0 0.122 0.852359 0.0199688 0.0184742
0 0.316563 0.870258 0.0235 0.0202347
0 0.148891 0.801279 0.01675 0.0355634
0 0.0420156 0.889648 0.0103438 0.025446
0 0.0851719 0.837981 0.0095625 0.00821596
0 0.290336 0.701901 0.0377969 0.034507
0 0.420719 0.88115 0.0165625 0.0176995
0 0.171813 0.800387 0.013125 0.0135915
0 0.383578 0.883392 0.00715625 0.0169249
0 0.118781 0.833333 0.0255937 0.0220657
0 0.382969 0.868709 0.0160313 0.0138498
0 0.348844 0.913075 0.0134687 0.0189671
0 0.0552656 0.848838 0.0353438 0.0225587
0 0.158109 0.820974 0.014 0.0360798
0 0.133891 0.822664 0.0240625 0.0343427
0 0.173359 0.809918 0.01075 0.00847418
0 0.144281 0.885305 0.0218125 0.0247887
0 0.0729609 0.886643 0.00951562 0.0203756
0 0.451109 0.868709 0.0149687 0.0177465
0 0.360547 0.92081 0.0144687 0.0234507
0 0.395641 0.919883 0.0269062 0.0212676
0 0.293961 0.71108 0.0315781 0.0389671
0 0.178297 0.856244 0.0207188 0.0150704
0 0.185883 0.815258 0.0302031 0.0238498
0 0.094875 0.827101 0.0344687 0.0279577
0 0.425297 0.854789 0.0368437 0.0223005
0 0.286781 0.683791 0.011875 0.0350469
0 0.121406 0.886068 0.0136562 0.0274413
0 0.397914 0.870317 0.0216719 0.0297418
0 0.276664 0.687054 0.0105781 0.0376761
0 0.341141 0.87939 0.0149062 0.042723
0 0.0567578 0.887336 0.0334531 0.0390376
0 0.409734 0.861878 0.0113125 0.00713615
