0 0.22362 0.804655 0.0506 0.079039
0 0.23996 0.670706 0.05376 0.0537838
0 0.23644 0.498994 0.08076 0.0630931
0 0.40455 0.372553 0.06502 0.134595
0 0.15717 0.815015 0.03906 0.104084
0 0.46882 0.587658 0.0408 0.100841
0 0.19303 0.71479 0.0469 0.060991
0 0.32487 0.364505 0.04858 0.104324
0 0.66638 0.581156 0.0374 0.0862162
0 0.74897 0.536006 0.0497 0.0721922
0 0.0465 0.566577 0.05136 0.0484084
0 0.24591 0.552958 0.10346 0.0722222
0 0.24708 0.339595 0.06656 0.0865165
0 0.56034 0.543198 0.0318 0.0743844
0 0.15413 0.484895 0.04746 0.100661
0 0.33028 0.63515 0.07536 0.0606907
0 0.32787 0.314895 0.0947 0.0951351
0 0.64699 0.659474 0.0707 0.0632132
0 0.37026 0.656276 0.05804 0.0654655
0 0.67224 0.648108 0.03656 0.0560961
0 0.21175 0.423589 0.07582 0.0648949
0 0.75759 0.480706 0.02642 0.0525225
0 0.4827 0.441532 0.02744 0.105706
0 0.45088 0.297432 0.03264 0.138829
0 0.49508 0.49955 0.04948 0.0901502
0 0.35659 0.261517 0.05842 0.139249
0 0.3918 0.577282 0.02452 0.0476577
0 0.65887 0.530285 0.0845 0.102673
0 0.56322 0.404339 0.0256 0.0466366
0 0.07655 0.589054 0.0601 0.0539039
0 0.50541 0.422718 0.03346 0.118168
0 0.13772 0.597718 0.04312 0.118258
0 0.36435 0.576982 0.03594 0.0378078
0 0.67797 0.728889 0.03326 0.0638438
0 0.42562 0.938168 0.0458 0.062042
0 0.64156 0.614865 0.04948 0.0705105
0 0.15214 0.673303 0.03956 0.0818619
0 0.48186 0.744159 0.05576 0.070961
0 0.6702 0.352432 0.05028 0.0836637
0 0.59382 0.563078 0.01944 0.0503604
0 0.412 0.899114 0.0438 0.0616517
0 0.41557 0.669474 0.04418 0.0728228
0 0.51839 0.764159 0.02794 0.0468168
0 0.17969 0.460405 0.06238 0.0596096
0 0.66288 0.389625 0.04068 0.105676
0 0.47427 0.877327 0.04066 0.0377177
0 0.61761 0.691952 0.03942 0.0228829
0 0.26256 0.350781 0.08284 0.0766366
0 0.53112 0.572012 0.03076 0.0774775
0 0.43777 0.84536 0.04274 0.0514414
0 0.37507 0.89048 0.03462 0.0787988
0 0.54502 0.441772 0.02824 0.0664264
0 0.04022 0.427508 0.07416 0.0753153
0 0.22112 0.626411 0.06052 0.0610511
0 0.38798 0.701607 0.04052 0.0872973
0 0.2114 0.363198 0.06572 0.0797898
0 0.27854 0.897583 0.04564 0.0393694
0 0.19331 0.827192 0.0343 0.0752853
0 0.1399 0.762087 0.0348 0.0721622
0 0.58027 0.538859 0.02954 0.0849249
0 0.10594 0.755946 0.0478 0.0551351
0 0.30975 0.853393 0.07734 0.0683483
0 0.77399 0.643498 0.06498 0.0608108
0 0.79137 0.518604 0.04562 0.0434535
0 0.26398 0.0735135 0.02932 0.0542342
0 0.33804 0.283138 0.07416 0.128619
0 0.51245 0.666757 0.04838 0.0416817
0 0.44839 0.631006 0.03562 0.0647748
0 0.24476 0.739595 0.05008 0.0591892
0 0.30817 0.917402 0.05614 0.0497598
0 0.15465 0.733919 0.0371 0.0543844
0 0.33039 0.422222 0.06754 0.0815015
0 0.33678 0.882372 0.04276 0.0751952
0 0.31359 0.696051 0.0663 0.0626126
0 0.29279 0.671727 0.06342 0.0525225
0 0.64326 0.39509 0.053 0.0944444
0 0.07746 0.683243 0.04428 0.0554354
0 0.2629 0.86488 0.0298 0.0313213
0 0.47418 0.846532 0.04224 0.042973
0 0.12079 0.556742 0.04438 0.0628529
0 0.55445 0.609535 0.0305 0.0927628
0 0.37867 0.513228 0.03534 0.0596697
0 0.3348 0.816171 0.05484 0.0546847
0 0.73478 0.615195 0.05204 0.0686486
0 0.494 0.706877 0.09112 0.0565165
0 0.08069 0.535811 0.04418 0.0606306
0 0.53146 0.474069 0.0328 0.0868769
0 0.69717 0.607027 0.03574 0.0712913
0 0.16955 0.305901 0.04734 0.155526
0 0.0841 0.419354 0.05196 0.0640541
0 0.10377 0.604114 0.04826 0.0599399
0 0.50216 0.312778 0.04152 0.0730631
0 0.29498 0.625225 0.05576 0.0517718
0 0.31954 0.582943 0.122 0.0581381
0 0.65493 0.712402 0.05658 0.0625826
0 0.54272 0.472087 0.06988 0.127598
0 0.80414 0.672733 0.06712 0.0421622
0 0.3421 0.35539 0.03304 0.126216
0 0.18684 0.763378 0.05348 0.0629129
0 0.39481 0.454099 0.0667 0.0821321
0 0.37634 0.399024 0.06528 0.092042
0 0.37882 0.26542 0.04416 0.112042
0 0.07343 0.460871 0.05922 0.0778378
0 0.2684 0.469685 0.11532 0.0778078
0 0.16439 0.40491 0.06678 0.0738438
0 0.11902 0.44494 0.038 0.118408
0 0.32107 0.734489 0.08902 0.0298799
0 0.54262 0.378919 0.02844 0.0705706
0 0.50479 0.598123 0.02882 0.0341441
0 0.68432 0.461201 0.03624 0.0602402
0 0.42724 0.25452 0.02292 0.119309
0 0.24557 0.0334234 0.02342 0.0466066
0 0.62852 0.44533 0.03808 0.0748649
0 0.14957 0.272718 0.01566 0.0559459
0 0.28582 0.81494 0.04476 0.0559459
0 0.78526 0.588048 0.05944 0.0311712
0 0.05508 0.512357 0.06464 0.0703604
0 0.71213 0.556021 0.03794 0.0904805
0 0.35217 0.468198 0.04998 0.075015
0 0.44421 0.888303 0.05118 0.0462162
0 0.77184 0.561126 0.06404 0.0597297
0 0.04526 0.609354 0.02396 0.0548649
0 0.46544 0.501967 0.0266 0.0823123
0 0.3178 0.775811 0.07292 0.0576877
0 0.10722 0.661577 0.06196 0.0681982
0 0.07111 0.633694 0.03934 0.0474474
0 0.40495 0.848198 0.04018 0.0586787
0 0.78143 0.696441 0.08282 0.0505405
0 0.19377 0.672012 0.04122 0.0573574
0 0.51848 0.393514 0.03244 0.127568
0 0.77478 0.491366 0.05716 0.0835135
0 0.53568 0.337237 0.02332 0.0558559
0 0.2443 0.0826727 0.03092 0.0372372
0 0.10352 0.495435 0.03168 0.0727327
0 0.35589 0.547808 0.05634 0.0545946
0 0.25896 0.412988 0.07896 0.0713213
0 0.46302 0.791021 0.0572 0.0807808
0 0.4154 0.768078 0.03948 0.11045
0 0.70843 0.662177 0.04002 0.0541441
0 0.3682 0.842703 0.04048 0.0595796
0 0.58011 0.596952 0.03242 0.082012
0 0.05357 0.677477 0.03302 0.0555556
0 0.28057 0.602312 0.05922 0.0401201
0 0.27058 0.828003 0.0442 0.052042
0 0.29725 0.0184234 0.05318 0.0368468
0 0.49951 0.793859 0.04018 0.0382282
0 0.22772 0.0143093 0.02976 0.0286186
0 0.07454 0.732538 0.04452 0.0484985
0 0.21071 0.316141 0.05698 0.0888589
0 0.17156 0.629655 0.04316 0.0613514
0 0.34671 0.69976 0.05882 0.0584384
0 0.74672 0.665631 0.05256 0.0555856
0 0.11319 0.714685 0.03722 0.0546547
0 0.43603 0.718979 0.0459 0.0925526
0 0.62521 0.353243 0.03554 0.0600601
0 0.72691 0.475931 0.03862 0.0743844
0 0.6536 0.462057 0.03324 0.0501802
0 0.69985 0.420165 0.04026 0.07997
0 0.28822 0.74024 0.0632 0.0557958
0 0.2805 0.025991 0.0756 0.051982
0 0.46352 0.927012 0.04192 0.053964
0 0.67294 0.517252 0.04924 0.0597297
