2 0.745328 0.442482 0.0532188 0.0821546
2 0.756344 0.726358 0.056375 0.0854567
2 0.88018 0.300059 0.0549844 0.0817096
2 0.821023 0.441358 0.0508281 0.0699766
2 0.125852 0.953068 0.0453281 0.0779391
2 0.140656 0.504239 0.0439375 0.0500703
2 0.146594 0.745152 0.0394062 0.0465105
2 0.844305 0.294157 0.0435781 0.075808
2 0.0933906 0.946604 0.0582812 0.0836534
2 0.801781 0.662529 0.043625 0.0832319
2 0.159875 0.832272 0.0528438 0.0629977
2 0.00794531 0.857108 0.0158906 0.0677049
2 0.159992 0.685902 0.0525156 0.0742389
2 0.128336 0.88192 0.0578594 0.0881967
2 0.852422 0.22144 0.0482187 0.073185
2 0.0480547 0.310562 0.0481094 0.0827166
2 0.0602188 0.406311 0.0517813 0.0631148
2 0.697727 0.472166 0.0426094 0.078103
2 0.202336 0.715913 0.0547344 0.0910773
2 0.10775 0.775773 0.0613437 0.0910773
2 0.895094 0.26644 0.0523125 0.0611241
2 0.838766 0.796733 0.0512188 0.0710773
2 0.189094 0.633794 0.0574687 0.0840281
2 0.758508 0.585386 0.0559844 0.0888525
2 0.927922 0.325948 0.0504687 0.0719438
2 0.166195 0.386464 0.0551406 0.076534
2 0.971477 0.377588 0.0549531 0.0535831
2 0.0264062 0.912623 0.0528125 0.0833255
2 0.0861953 0.294988 0.0602344 0.089555
2 0.780031 0.405468 0.0471875 0.0779625
2 0.710742 0.54281 0.0533906 0.0833255
2 0.0841406 0.238255 0.0521563 0.056089
2 0.709273 0.627143 0.0555469 0.0847775
2 0.0658203 0.965902 0.0493594 0.0681967
2 0.782156 0.47103 0.0495625 0.0529742
2 0.188086 0.556382 0.0477031 0.074356
2 0.0838047 0.85329 0.0566719 0.0757143
2 0.849789 0.749098 0.0402969 0.0574473
2 0.747906 0.513946 0.0327188 0.0614754
2 0.783867 0.763173 0.0446094 0.0700937
2 0.897508 0.900995 0.0541406 0.0806323
2 0.908617 0.354543 0.0584844 0.0572834
2 0.151672 0.60055 0.0436563 0.0793677
2 0.806148 0.74123 0.0453594 0.0788993
2 0.230813 0.468934 0.0518438 0.0831616
2 0.896992 0.78897 0.0507969 0.0460422
2 0.797648 0.33308 0.0531719 0.0822717
2 0.112281 0.360129 0.0543125 0.0851756
2 0.10582 0.451206 0.0550469 0.082178
2 0.920234 0.83171 0.0430625 0.0548009
2 0.223945 0.575468 0.0490469 0.080726
2 0.0300703 0.372564 0.0492656 0.0725761
2 0.853797 0.368326 0.0534375 0.0855035
2 0.134516 0.414344 0.0367188 0.038993
2 0.125375 0.299379 0.0358438 0.0654098
2 0.191062 0.448185 0.050625 0.0752459
2 0.0710859 0.358583 0.0317969 0.0387119
2 0.188906 0.756651 0.0464687 0.0746604
2 0.764398 0.632646 0.0503906 0.0600937
2 0.945719 0.792588 0.0479062 0.0325293
2 0.232164 0.522998 0.0505156 0.0533489
2 0.152258 0.789965 0.0436094 0.0761827
2 0.0544766 0.835878 0.0422969 0.0693677
2 0.752773 0.365785 0.0521719 0.0763466
