0 0.490969 0.676635 0.0261562 0.0324792
0 0.723484 0.52375 0.026375 0.03575
0 0.817406 0.568781 0.0160625 0.0172708
0 0.764023 0.593583 0.0130781 0.02
0 0.510016 0.629031 0.0338125 0.0177708
0 0.631047 0.528333 0.0217188 0.0269167
0 0.597836 0.655552 0.0262656 0.0323125
0 0.628641 0.647052 0.042875 0.0356458
0 0.692477 0.587229 0.0234531 0.0230833
0 0.564195 0.592896 0.0147344 0.028
0 0.48518 0.580635 0.0113594 0.0371875
0 0.799469 0.60826 0.04 0.0174375
0 0.542398 0.687625 0.0135469 0.0130833
0 0.593344 0.56151 0.009125 0.0314792
0 0.727578 0.629823 0.0255937 0.0167292
0 0.800477 0.5795 0.0236094 0.018875
0 0.491164 0.584844 0.00882813 0.0301042
0 0.703508 0.617094 0.0149531 0.0182292
0 0.765469 0.578208 0.0107813 0.0169167
0 0.742578 0.56774 0.0109687 0.0174375
0 0.740766 0.598187 0.0113437 0.0112917
0 0.616422 0.57899 0.03 0.0091875
0 0.561648 0.646188 0.0134531 0.0302083
0 0.774367 0.599396 0.0118906 0.015875
0 0.687156 0.531573 0.0216875 0.0154375
0 0.709477 0.514625 0.0153906 0.036375
0 0.6185 0.567844 0.024875 0.0154792
0 0.624742 0.615219 0.0262969 0.0316042
0 0.539797 0.620521 0.0125 0.0184583
0 0.463141 0.606 0.0255312 0.023375
0 0.666617 0.641792 0.0255781 0.02
0 0.52607 0.566698 0.0260469 0.0161875
0 0.569695 0.657313 0.0244219 0.0233333
0 0.713352 0.544177 0.0128906 0.0195208
0 0.647383 0.61526 0.0242344 0.0258958
0 0.630734 0.656323 0.0304687 0.0275208
0 0.815367 0.544615 0.0242344 0.0241042
0 0.790797 0.575 0.0223125 0.01925
0 0.551617 0.561156 0.0119219 0.0263958
0 0.735328 0.550406 0.00978125 0.0153125
0 0.544523 0.584042 0.0130156 0.0187083
0 0.503375 0.647885 0.0272812 0.0185208
0 0.457625 0.649802 0.0221562 0.0265625
0 0.471039 0.680521 0.0194219 0.0215417
0 0.585672 0.548594 0.01375 0.0271875
0 0.664594 0.572375 0.0174375 0.008625
0 0.536953 0.671927 0.0151875 0.0238542
0 0.486953 0.693083 0.0213438 0.026
0 0.720656 0.571031 0.0107813 0.0138542
0 0.454125 0.618812 0.0165937 0.0167083
0 0.576109 0.63774 0.00884375 0.0225625
0 0.525188 0.659781 0.0136875 0.0322708
0 0.606227 0.55926 0.0220781 0.0337292
0 0.817109 0.607698 0.015875 0.0122292
0 0.663 0.625896 0.0168125 0.011375
0 0.776789 0.563854 0.0148906 0.03275
0 0.738352 0.614354 0.0122969 0.0133333
0 0.571055 0.581333 0.0157656 0.024625
0 0.751141 0.555854 0.016375 0.03275
0 0.762461 0.617812 0.0194219 0.0164167
0 0.519359 0.573469 0.009125 0.0180625
0 0.570805 0.54874 0.0104219 0.0145208
0 0.779359 0.544229 0.016625 0.0217917
0 0.674266 0.614229 0.017875 0.0161667
0 0.577469 0.597979 0.0151875 0.013125
0 0.513062 0.670125 0.0309687 0.025375
0 0.655664 0.636927 0.0186406 0.0213125
0 0.694883 0.546854 0.0117344 0.019125
0 0.540078 0.600646 0.0123125 0.0166667
0 0.492289 0.633583 0.0171094 0.0133333
0 0.463805 0.582896 0.0190469 0.034375
0 0.590031 0.632563 0.0192187 0.0128333
0 0.843688 0.59424 0.00903125 0.00602083
0 0.716 0.587448 0.0228125 0.0173125
0 0.747516 0.624125 0.0115625 0.0176667
0 0.689617 0.638042 0.0123906 0.0190833
0 0.484086 0.641854 0.0246719 0.0298333
0 0.725586 0.558052 0.0112344 0.0084375
0 0.629281 0.603063 0.0197813 0.0429167
0 0.787195 0.562573 0.00789063 0.0140208
0 0.528062 0.580896 0.0190312 0.0171667
0 0.467867 0.624615 0.0215469 0.0138542
0 0.439453 0.639521 0.0159375 0.0123333
0 0.700477 0.60724 0.0107656 0.0174375
0 0.546484 0.647385 0.0183437 0.0274375
0 0.656055 0.531896 0.00904687 0.0112917
0 0.757688 0.539885 0.014875 0.0185208
0 0.738156 0.528844 0.0157813 0.0079375
0 0.517242 0.603458 0.00845313 0.0130833
