0 0.607641 0.394917 0.0199375 0.0429167
0 0.553516 0.244573 0.02975 0.0963958
0 0.376234 0.268219 0.02275 0.0884792
0 0.536187 0.244094 0.0274063 0.0813125
0 0.774383 0.249635 0.0397344 0.0903125
0 0.478016 0.262865 0.0176563 0.0935625
0 0.867945 0.229406 0.0283281 0.0809375
0 0.312977 0.249833 0.0282656 0.0773333
0 0.976125 0.223312 0.0249375 0.0944167
0 0.96482 0.284396 0.0123281 0.0244583
0 0.30168 0.259396 0.0242031 0.068
0 0.934797 0.235771 0.0273125 0.0987083
0 0.460578 0.260969 0.00865625 0.0748542
0 0.220102 0.281583 0.0202031 0.094125
0 0.392102 0.391542 0.0121094 0.0415417
0 0.762344 0.247187 0.0323125 0.0784583
0 0.775391 0.232469 0.0301875 0.0946042
0 0.635648 0.230135 0.0405781 0.0798125
0 0.486625 0.263719 0.029625 0.0992292
0 0.440867 0.246844 0.0427031 0.0725625
0 0.396242 0.258667 0.0273281 0.0697917
0 0.548156 0.252688 0.0288438 0.0930833
0 0.399414 0.247469 0.0184844 0.0397708
0 0.81382 0.282875 0.00960937 0.0266667
0 0.937258 0.190677 0.0208281 0.0171875
0 0.624992 0.395896 0.0157656 0.06975
0 0.63432 0.381552 0.0160469 0.0705625
0 0.403766 0.222031 0.0338125 0.0332708
0 0.228844 0.276594 0.0248125 0.0812708
0 0.84793 0.239771 0.0450781 0.0974583
0 0.679742 0.383198 0.0184531 0.0478958
0 0.235594 0.263865 0.0285625 0.0590625
0 0.945953 0.236458 0.0200313 0.102625
0 0.529797 0.21551 0.0201875 0.0387292
0 0.199633 0.277406 0.0232656 0.0833958
0 0.741039 0.391156 0.0178906 0.0505208
0 0.362977 0.265208 0.0242031 0.0653333
0 0.597906 0.399865 0.0198438 0.0283125
0 0.66968 0.382125 0.0225469 0.0613333
0 0.496437 0.40826 0.0076875 0.00922917
0 0.557539 0.398083 0.00845313 0.035125
0 0.450758 0.268042 0.0209844 0.0695833
0 0.642016 0.37799 0.028 0.0750208
0 0.484563 0.405615 0.0080625 0.0110625
0 0.838328 0.242427 0.0429688 0.100896
0 0.709352 0.393427 0.0131406 0.0333958
0 0.439211 0.254615 0.00923437 0.0297292
0 0.637609 0.246771 0.05025 0.0718333
0 0.208898 0.282469 0.0228281 0.0994375
0 0.386781 0.272104 0.0140313 0.06
0 0.615852 0.396146 0.0146094 0.0415417
0 0.625 0.246583 0.0476875 0.0869167
0 0.193211 0.267958 0.0308594 0.07925
0 0.467391 0.262635 0.014125 0.0926042
0 0.754391 0.381771 0.0167187 0.0579583
0 0.491102 0.244948 0.0319844 0.0651458
0 0.822406 0.234385 0.051 0.0973542
0 0.660758 0.262437 0.0221094 0.0279583
0 0.432289 0.246667 0.0430781 0.0866667
0 0.381289 0.265385 0.0109531 0.0610208
0 0.966812 0.238719 0.0215312 0.111813
0 0.476359 0.402562 0.017625 0.0186667
0 0.299914 0.27576 0.0303594 0.0779792
0 0.856219 0.235802 0.0441875 0.100771
0 0.568539 0.397052 0.0146094 0.0279375
0 0.698945 0.391042 0.0162344 0.034
0 0.661055 0.377563 0.0219219 0.0695
0 0.530984 0.410906 0.015125 0.0238125
0 0.188156 0.267313 0.0315312 0.0930833
