0 0.161028 0.605875 0.0248333 0.021125
0 0.738 0.454203 0.0454444 0.0249688
0 0.299556 0.0949062 0.0434444 0.0235938
0 0.786597 0.435977 0.0440278 0.0434219
0 0.362 0.152641 0.0298889 0.0369688
0 0.179167 0.584289 0.0223333 0.0232344
0 0.121625 0.0697031 0.0245833 0.0324688
0 0.986764 0.592055 0.0264722 0.0281094
0 0.131583 0.498578 0.0327222 0.0302812
0 0.761764 0.199836 0.0385833 0.0622969
0 0.573944 0.0566406 0.01 0.0225
0 0.529014 0.667398 0.0559722 0.0384844
0 0.548736 0.788563 0.0939167 0.0794375
0 0.150708 0.118 0.0223056 0.0198438
0 0.261889 0.89825 0.0885 0.0404375
0 0.5105 0.061875 0.0267222 0.037625
0 0.926403 0.697969 0.0746944 0.0506875
0 0.394653 0.0851328 0.0508611 0.0376094
0 0.981347 0.522727 0.0373056 0.0233594
0 0.749222 0.669234 0.0766667 0.0315312
0 0.0361944 0.925766 0.0578889 0.0349375
0 0.792958 0.0352813 0.0291944 0.0546875
0 0.887361 0.122961 0.0336111 0.0318594
0 0.851764 0.683375 0.0674722 0.0553125
0 0.952306 0.117539 0.0433889 0.0462969
0 0.978889 0.554898 0.0422222 0.0428594
0 0.164 0.528422 0.02 0.027125
0 0.280542 0.173883 0.0224722 0.0239844
0 0.927361 0.662141 0.0943333 0.0334688
0 0.8745 0.435641 0.0366667 0.034125
0 0.163694 0.505539 0.0332778 0.0401094
0 0.0611667 0.478102 0.0666111 0.0168906
0 0.418486 0.218641 0.0299167 0.0312812
0 0.277806 0.122188 0.0522222 0.0166875
0 0.369097 0.0906172 0.03425 0.0388906
0 0.790194 0.202367 0.0480556 0.0751406
0 0.892875 0.427234 0.0281944 0.038
0 0.168833 0.703672 0.0221111 0.015375
0 0.311889 0.0325469 0.0619444 0.0321562
0 0.119361 0.122922 0.0257222 0.0370937
0 0.693431 0.197945 0.0394722 0.0515469
0 0.0800278 0.271961 0.0162222 0.0115781
0 0.957319 0.0185391 0.0453056 0.0360781
0 0.051875 0.24607 0.0269167 0.0459219
0 0.125486 0.626188 0.0480278 0.0475625
0 0.151903 0.566125 0.0384167 0.0313437
0 0.936764 0.577016 0.0551389 0.0470625
0 0.590181 0.765742 0.0630278 0.0868281
0 0.440389 0.119906 0.0234444 0.0334375
0 0.818097 0.256047 0.0214722 0.0242812
0 0.0479583 0.566477 0.0439167 0.0390781
0 0.336625 0.151242 0.0266944 0.0395156
0 0.533778 0.0115781 0.0177222 0.0201875
0 0.214625 0.960242 0.0530833 0.0250156
0 0.278806 0.137977 0.0771667 0.0319531
0 0.0527778 0.538641 0.0451667 0.0290625
0 0.967917 0.642516 0.0641667 0.022
0 0.0175417 0.517359 0.0350833 0.027
0 0.829069 0.233039 0.0296944 0.0567656
0 0.885028 0.168234 0.0611667 0.0465
0 0.0639583 0.512383 0.0176944 0.0298281
0 0.764875 0.130906 0.0686389 0.0613437
0 0.149028 0.163406 0.048 0.03075
0 0.734222 0.197078 0.0436111 0.054375
0 0.9345 0.425344 0.0228889 0.0437813
0 0.489944 0.13132 0.0347222 0.0201406
0 0.108722 0.557359 0.0218889 0.0112812
0 0.158694 0.185898 0.0255 0.0247656
0 0.949792 0.0994141 0.0589167 0.0402656
0 0.315194 0.899563 0.101944 0.0291563
0 0.971361 0.599133 0.0175556 0.00957812
0 0.915681 0.0431641 0.0239167 0.0239531
0 0.0109861 0.524695 0.0219722 0.0184219
0 0.0606806 0.175813 0.0371389 0.0422187
0 0.574014 0.108156 0.0219722 0.0510938
0 0.755931 0.0407969 0.0344167 0.0520938
0 0.332694 0.0121328 0.0414444 0.0242656
0 0.485208 0.10382 0.0320278 0.0494219
0 0.983514 0.155984 0.0329722 0.0456875
0 0.786708 0.520687 0.0600833 0.0201875
0 0.806806 0.538758 0.0725556 0.0156719
0 0.503417 0.172305 0.0282222 0.0487656
0 0.721472 0.950047 0.0732222 0.033625
0 0.857889 0.455992 0.0391667 0.0295781
0 0.882319 0.464391 0.0210833 0.0138125
0 0.216 0.93232 0.0663333 0.0312031
0 0.0374722 0.241109 0.0419444 0.0405313
0 0.506069 0.846594 0.117028 0.041125
0 0.847819 0.126617 0.0521389 0.0598281
0 0.298375 0.920266 0.0946944 0.0315625
0 0.963097 0.586469 0.0276944 0.02
0 0.295792 0.148641 0.0528056 0.0219062
0 0.327986 0.0957109 0.0444722 0.0474844
0 0.666625 0.958141 0.0965278 0.0370625
0 0.100833 0.0803984 0.0262778 0.0226406
0 0.820889 0.469547 0.0387778 0.0310312
0 0.0450972 0.517188 0.0301389 0.0259062
0 0.564222 0.936352 0.0725 0.0432656
0 0.959375 0.456922 0.08125 0.0200625
0 0.479458 0.170047 0.0366389 0.052625
0 0.788306 0.913578 0.100389 0.0290625
0 0.83075 0.493922 0.0752222 0.0210625
0 0.802708 0.0518828 0.0271389 0.0531406
0 0.113153 0.584813 0.0233611 0.0292187
0 0.891194 0.00840625 0.0400556 0.0147813
0 0.856903 0.439805 0.0193611 0.0211719
0 0.713889 0.627641 0.0696667 0.0158438
0 0.586764 0.992297 0.0523611 0.0154062
0 0.747278 0.4885 0.0654444 0.013625
0 0.516681 0.105563 0.0319167 0.05375
0 0.944083 0.0313125 0.0572778 0.0340937
0 0.795417 0.621875 0.100389 0.0341875
0 0.379431 0.0549531 0.0431944 0.0301563
0 0.540444 0.147984 0.0264444 0.0469062
0 0.0791389 0.535047 0.0322778 0.0224375
0 0.859319 0.417156 0.0283056 0.0217188
0 0.812236 0.146937 0.0226389 0.0481875
0 0.827417 0.445508 0.0366667 0.0388594
0 0.295889 0.957297 0.0906111 0.031875
0 0.154792 0.479359 0.0299722 0.0244375
0 0.494778 0.960234 0.1325 0.0391562
0 0.880597 0.583102 0.0624167 0.0565781
0 0.725278 0.138758 0.0318889 0.0317969
0 0.0337917 0.147102 0.0448611 0.0388594
0 0.979556 0.0246406 0.0393889 0.042625
0 0.071875 0.191828 0.0246389 0.036
0 0.962375 0.538867 0.07525 0.0344844
0 0.913986 0.477797 0.0234167 0.0355938
0 0.877056 0.367008 0.0162778 0.0274844
0 0.379639 0.21043 0.0458889 0.0367969
0 0.511597 0.92007 0.0783611 0.0657344
0 0.848181 0.246219 0.02775 0.0541875
0 0.467028 0.0345156 0.0482778 0.0354375
0 0.459097 0.0979375 0.0385833 0.0436563
0 0.0180833 0.577133 0.0361667 0.0131406
0 0.714847 0.481844 0.0356944 0.0125
0 0.933931 0.547758 0.0458611 0.0262344
0 0.146806 0.917164 0.0487778 0.0392031
0 0.486556 0.0461953 0.0388889 0.0412031
0 0.385667 0.155055 0.0195556 0.0302656
0 0.862972 0.23118 0.0412778 0.0513906
0 0.709833 0.863406 0.120333 0.0524375
0 0.0534444 0.868633 0.0486667 0.0381406
0 0.866125 0.0108359 0.0276389 0.0212031
0 0.699639 0.178734 0.0866111 0.0448125
0 0.964292 0.0644141 0.0188056 0.0314531
0 0.779278 0.697688 0.0866111 0.0328125
0 0.109042 0.510086 0.0360278 0.0275781
0 0.802458 0.574195 0.0778056 0.0154844
0 0.559569 0.0242969 0.0211389 0.0339687
0 0.414 0.129211 0.0388889 0.0304531
0 0.377194 0.8675 0.087 0.0508125
0 0.783153 0.505062 0.0455833 0.0162813
0 0.123583 0.107375 0.0354444 0.0334375
0 0.501972 0.86232 0.0645556 0.0763594
0 0.830806 0.500156 0.0765556 0.0105625
0 0.917472 0.195922 0.0405556 0.0660625
0 0.822875 0.129695 0.0293056 0.0608906
0 0.320472 0.174648 0.0218889 0.0302031
0 0.945625 0.40132 0.0260833 0.0221094
0 0.272819 0.0792266 0.0481944 0.0317969
0 0.0858611 0.924375 0.0765 0.03375
0 0.0410556 0.618687 0.0304444 0.0340312
0 0.291 0.0796484 0.0473889 0.0302969
0 0.562833 0.84575 0.0838333 0.0403437
0 0.110181 0.616844 0.0246944 0.03225
0 0.707347 0.0171328 0.0449167 0.0330156
0 0.878375 0.189227 0.0319167 0.0398906
0 0.681931 0.618586 0.0821389 0.0220469
0 0.0397361 0.107969 0.0438056 0.0367188
0 0.122431 0.557563 0.0229722 0.0277187
0 0.558472 0.976258 0.06 0.0403906
0 0.755236 0.100398 0.0465833 0.0507656
0 0.187458 0.211875 0.0220278 0.0354688
0 0.176972 0.210633 0.0237778 0.0355469
0 0.824389 0.649758 0.105611 0.0332344
0 0.884736 0.0573359 0.0391944 0.0277031
0 0.905125 0.18193 0.0314722 0.0453906
0 0.271236 0.00509375 0.0304722 0.0101875
0 0.699542 0.0884609 0.0436389 0.0467656
0 0.426528 0.9615 0.0609444 0.0350937
0 0.908903 0.613742 0.0615833 0.0572969
0 0.169667 0.236359 0.0236111 0.0175
0 0.424903 0.0278281 0.0253611 0.0214062
0 0.922667 0.127891 0.0388333 0.0323125
0 0.188486 0.907984 0.0593056 0.0319063
0 0.202861 0.0763125 0.0311667 0.0138437
0 0.660917 0.690133 0.0914444 0.0422344
0 0.402667 0.151734 0.068 0.0416562
0 0.101778 0.491687 0.0303333 0.0205625
0 0.819861 0.4375 0.0179444 0.0394375
0 0.609667 0.967625 0.0581111 0.0355
0 0.752528 0.596875 0.112111 0.0321875
0 0.954917 0.0519688 0.0467778 0.0407813
0 0.516417 0.175656 0.0153889 0.0360625
0 0.0157083 0.251109 0.0118056 0.0234688
0 0.0169444 0.86675 0.0338889 0.0134687
0 0.918764 0.425352 0.0233056 0.0390156
0 0.0841389 0.179914 0.0257222 0.0350156
0 0.733819 0.637188 0.0923056 0.032375
0 0.0451667 0.0853672 0.0617222 0.0307656
0 0.739208 0.541695 0.0363056 0.0141719
0 0.822375 0.370617 0.0151944 0.0119844
0 0.60475 0.80243 0.0474444 0.0457344
0 0.744458 0.475336 0.04525 0.0137344
0 0.790458 0.986563 0.0880278 0.026875
0 0.713861 0.19725 0.0431111 0.0486562
0 0.516569 0.0478984 0.0241944 0.0428281
0 0.881958 0.103742 0.0405833 0.0432031
0 0.730917 0.0542578 0.0264444 0.0350469
0 0.662083 0.156812 0.0277222 0.0355313
0 0.791667 0.948977 0.0808889 0.0264219
0 0.336319 0.173375 0.0280278 0.0384375
0 0.985389 0.416031 0.0265 0.024875
0 0.350903 0.103055 0.0238056 0.0311406
0 0.523806 0.134086 0.0368889 0.0503281
0 0.880708 0.538523 0.0704167 0.0210781
0 0.747139 0.891117 0.152444 0.0322656
0 0.918903 0.370797 0.0228056 0.0344375
0 0.930958 0.0928438 0.0629722 0.0575312
0 0.463389 0.116352 0.0262778 0.0398906
0 0.0824306 0.258016 0.0306389 0.0333437
0 0.484958 0.938813 0.0836389 0.0214688
0 0.0505139 0.200367 0.0174167 0.0251094
0 0.332292 0.8335 0.129806 0.0295938
0 0.0323056 0.945305 0.0398333 0.0155156
0 0.138 0.521344 0.0403889 0.0275
0 0.955583 0.413945 0.0212778 0.0272344
0 0.0708611 0.947969 0.0495556 0.0259062
0 0.0180556 0.110953 0.0229444 0.0258125
0 0.979389 0.435063 0.0321111 0.0315312
0 0.50525 0.798047 0.102111 0.0669063
0 0.794236 0.130438 0.0328611 0.0596563
0 0.443458 0.0250703 0.0306389 0.0427031
0 0.108903 0.177883 0.0336944 0.0370469
0 0.049375 0.112953 0.0363611 0.0422812
0 0.187 0.134852 0.0272222 0.0355781
0 0.159847 0.147969 0.02525 0.0195
0 0.782264 0.464898 0.0449722 0.0421094
0 0.144653 0.494172 0.0325278 0.0387188
0 0.658 0.122109 0.0333889 0.0368437
0 0.921653 0.380242 0.0479722 0.0481094
0 0.174333 0.939156 0.0591111 0.0414062
0 0.874889 0.706508 0.0542222 0.0529531
0 0.0809167 0.520172 0.0308333 0.0161563
0 0.863931 0.623555 0.0559167 0.0348281
0 0.380917 0.0367813 0.0508333 0.0209688
0 0.522167 0.987617 0.0505556 0.0211094
0 0.0113472 0.538625 0.0218056 0.0166875
0 0.560736 0.112617 0.0300278 0.0551719
0 0.900403 0.376117 0.0295833 0.0344531
0 0.712194 0.225945 0.026 0.0220781
0 0.469611 0.173695 0.0243889 0.0446094
0 0.0628333 0.62707 0.0299444 0.0339219
0 0.196153 0.585641 0.0183056 0.0153437
0 0.113792 0.943422 0.0661389 0.0428125
0 0.318028 0.0726797 0.0372778 0.0189219
0 0.306319 0.161711 0.0366944 0.0423281
0 0.649431 0.0752734 0.0258056 0.0368594
0 0.0732222 0.234414 0.0266111 0.0396406
0 0.827389 0.387539 0.0488333 0.0335469
0 0.906792 0.0672734 0.0603056 0.0419219
0 0.840792 0.0226406 0.0455278 0.0452813
0 0.0423056 0.147055 0.0285 0.0257969
0 0.866097 0.509906 0.06075 0.0125938
0 0.0548889 0.903039 0.0765 0.0301094
0 0.709833 0.984922 0.0957222 0.0301563
0 0.348458 0.879266 0.141972 0.0490938
0 0.297583 0.0164609 0.0396111 0.0237656
0 0.379944 0.117883 0.0375556 0.0420156
0 0.174958 0.178812 0.0215833 0.0280625
0 0.686403 0.923148 0.115139 0.0467031
0 0.754778 0.828461 0.0771667 0.0208906
0 0.906778 0.451398 0.0448333 0.0418281
0 0.631333 0.922664 0.0716111 0.0564219
0 0.861361 0.486766 0.0394444 0.0354063
0 0.73425 0.0366484 0.0536111 0.0489219
0 0.916653 0.0179687 0.0590833 0.0285313
0 0.142042 0.541469 0.0319167 0.0180937
0 0.775181 0.850047 0.0891389 0.042625
0 0.919778 0.5265 0.0475556 0.026875
0 0.753097 0.959594 0.112083 0.034125
0 0.117667 0.528117 0.0368333 0.0225469
0 0.0980278 0.111148 0.0294444 0.0348906
0 0.893403 0.230914 0.0244722 0.0333906
0 0.182958 0.603352 0.0303056 0.0261094
0 0.684931 0.817281 0.157917 0.0453438
0 0.667681 0.109977 0.0445278 0.0410781
0 0.119681 0.2165 0.0363611 0.0352813
0 0.718722 0.0922266 0.0607778 0.0522031
0 0.390806 0.220586 0.0312778 0.0342656
0 0.5755 0.179187 0.0298333 0.0637188
0 0.119653 0.90043 0.0641389 0.0332344
0 0.0465 0.636852 0.0306111 0.0226719
0 0.157903 0.587422 0.0260833 0.0339062
0 0.0996111 0.967539 0.0463333 0.0205156
0 0.173458 0.0686641 0.03475 0.0313281
0 0.845903 0.0728516 0.0303056 0.0386094
0 0.798431 0.24932 0.0303056 0.0401094
0 0.160222 0.962484 0.0570556 0.051875
0 0.350472 0.966031 0.104167 0.0326562
0 0.271181 0.939547 0.0716944 0.02225
0 0.995375 0.533039 0.00897222 0.0150781
0 0.420958 0.01425 0.0353056 0.0285
0 0.732417 0.1045 0.0426111 0.0509375
0 0.201653 0.60932 0.0251389 0.0173906
0 0.18775 0.0616172 0.0597778 0.0283281
0 0.716667 0.692781 0.052 0.0425
0 0.0930139 0.0691719 0.0326389 0.0306875
0 0.778083 0.14582 0.0174444 0.0454844
0 0.803764 0.558266 0.0790833 0.0165313
0 0.988056 0.450578 0.0238889 0.0292187
0 0.771347 0.05875 0.0281944 0.0371563
0 0.03025 0.538891 0.0398333 0.0300312
0 0.0642361 0.585914 0.0381944 0.0312031
0 0.793 0.547734 0.0608889 0.010125
0 0.870292 0.0670703 0.0130278 0.0251719
0 0.307014 0.138477 0.0434722 0.0233906
0 0.138486 0.130805 0.0236389 0.0185781
0 0.965181 0.71357 0.0674722 0.0330469
0 0.178792 0.0865703 0.02225 0.0165469
0 0.797083 0.202883 0.0413333 0.0666406
0 0.100833 0.195906 0.0251111 0.0273438
0 0.820736 0.0316484 0.0415278 0.0490781
0 0.361153 0.842148 0.0936944 0.0372969
0 0.0321806 0.267672 0.0249722 0.0214688
0 0.6845 0.645188 0.0596111 0.0337812
0 0.984236 0.0509922 0.0315278 0.0508281
0 0.0110417 0.602172 0.0220833 0.0214062
0 0.03625 0.886953 0.0716111 0.0330312
0 0.0497361 0.498445 0.0225833 0.0160781
0 0.651319 0.989562 0.0645278 0.020875
0 0.948319 0.625398 0.0936389 0.0426094
0 0.184236 0.18032 0.0294722 0.0321094
0 0.0763472 0.495016 0.03275 0.0295625
0 0.096625 0.879922 0.0696944 0.0375313
0 0.163542 0.131984 0.0233611 0.0335312
0 0.146208 0.232539 0.0298056 0.0332656
0 0.572556 0.14857 0.0268889 0.0260781
0 0.276847 0.0363203 0.0306944 0.0172656
0 0.556 0.896797 0.068 0.0604062
0 0.0343056 0.596484 0.0293333 0.0267812
0 0.0964306 0.619305 0.0414722 0.0506094
0 0.415667 0.114883 0.0407778 0.0312969
0 0.0231389 0.493102 0.0462778 0.0230156
0 0.952222 0.427547 0.0507778 0.0439375
0 0.425931 0.986836 0.0760833 0.0240469
0 0.971694 0.684 0.0558333 0.038625
0 0.780889 0.438898 0.0425 0.0348281
0 0.257708 0.924445 0.0368056 0.0147031
0 0.596306 0.666047 0.0573333 0.0384375
0 0.0687917 0.56757 0.0423611 0.0333281
0 0.759236 0.53307 0.0669722 0.0151719
0 0.384319 0.934461 0.0863611 0.0417969
0 0.131083 0.194961 0.0271111 0.0297656
0 0.287333 0.98432 0.0753333 0.0313594
0 0.855347 0.0658047 0.0313056 0.0538594
0 0.624222 0.854859 0.0702778 0.0704063
0 0.196556 0.131961 0.0277222 0.0307344
0 0.331667 0.932586 0.108389 0.0369219
0 0.990514 0.112453 0.0189722 0.05925
0 0.908903 0.0346484 0.0518056 0.0267656
0 0.373472 0.17343 0.0277222 0.0318594
0 0.180208 0.622242 0.0285833 0.0222344
0 0.738278 0.215 0.0264444 0.0482812
0 0.791736 0.87357 0.132306 0.0307656
0 0.346986 0.988125 0.121528 0.02375
0 0.968403 0.113797 0.0381944 0.0764375
0 0.435944 0.0964141 0.0411111 0.0394219
0 0.483194 0.0130469 0.0279444 0.0254688
0 0.391514 0.0220938 0.0345833 0.0163125
0 0.0205417 0.184234 0.0291944 0.02875
0 0.0722639 0.111953 0.0275278 0.0374375
0 0.727681 0.016875 0.0569167 0.0335
0 0.866056 0.547953 0.0866667 0.0184062
0 0.154639 0.0790625 0.0356667 0.0367188
0 0.213375 0.896477 0.0665278 0.0283281
0 0.17375 0.484781 0.019 0.0138437
0 0.0470694 0.153055 0.0408056 0.0366406
0 0.980097 0.505766 0.0321389 0.017
0 0.173625 0.563719 0.0233056 0.0272188
0 0.095625 0.546781 0.0580833 0.0175937
0 0.347292 0.0569844 0.0319167 0.0415312
0 0.931181 0.511828 0.0261944 0.0191562
0 0.764986 0.47143 0.03975 0.0279844
0 0.131861 0.218516 0.0411667 0.0379688
0 0.0156528 0.576352 0.0278611 0.0552344
0 0.258153 0.155992 0.0230278 0.0253906
0 0.148083 0.702148 0.0201111 0.0152969
0 0.828556 0.599477 0.0618889 0.0472656
0 0.904972 0.0961562 0.0618333 0.0435313
0 0.421556 0.20318 0.0481667 0.0394219
0 0.436875 0.20975 0.0289722 0.0391562
0 0.139986 0.654641 0.0319722 0.0220312
0 0.901111 0.491359 0.034 0.0302812
0 0.565847 0.890797 0.0721944 0.0574063
0 0.165931 0.110438 0.0291944 0.0301563
0 0.347847 0.0270547 0.0494167 0.0301719
0 0.927667 0.00964844 0.044 0.0181406
0 0.977931 0.658844 0.0441389 0.0186562
