0 0.888109 0.917531 0.03125 0.0351042
0 0.478531 0.697771 0.0094375 0.0322917
0 0.505648 0.595833 0.0431406 0.017
0 0.874555 0.759865 0.0267344 0.0258958
0 0.264836 0.572865 0.0101719 0.0127292
0 0.587219 0.587031 0.0404375 0.0301042
0 0.627273 0.727 0.0138281 0.0209583
0 0.921523 0.769 0.0275469 0.0610833
0 0.436812 0.735 0.0115312 0.02025
0 0.658414 0.391771 0.00864063 0.0174167
0 0.47475 0.3125 0.0182812 0.0133333
0 0.597695 0.37925 0.0137969 0.01025
0 0.898836 0.950594 0.0352031 0.0490208
0 0.472477 0.541604 0.0121094 0.036125
0 0.564414 0.347062 0.0135469 0.00875
0 0.882586 0.312573 0.0353906 0.0307708
0 0.437156 0.605885 0.0139375 0.0396458
0 0.962109 0.925385 0.014125 0.0528542
0 0.606391 0.707667 0.0289687 0.0211667
0 0.825187 0.254135 0.014625 0.0205208
0 0.608734 0.374615 0.03 0.0143542
0 0.539023 0.589229 0.0194219 0.014375
0 0.969266 0.908875 0.0089375 0.019375
0 0.945117 0.460948 0.0166094 0.0300208
0 0.930719 0.758677 0.0271875 0.0426458
0 0.426305 0.32975 0.00942187 0.0117917
0 0.950477 0.433313 0.0152344 0.0327917
0 0.586609 0.376167 0.0100625 0.01725
0 0.632656 0.364771 0.008625 0.00775
0 0.467102 0.384906 0.0113594 0.0083125
0 0.624078 0.623073 0.0130625 0.0246042
0 0.550719 0.726083 0.010625 0.011625
0 0.643258 0.600302 0.0149844 0.0577292
0 0.445117 0.537396 0.0110781 0.0127917
0 0.452914 0.730687 0.0216406 0.0243333
0 0.933547 0.352687 0.0173125 0.0412917
0 0.811391 0.257563 0.0170313 0.0182083
0 0.472164 0.653198 0.00692187 0.0298958
0 0.500523 0.689594 0.0203281 0.0195625
0 0.990664 0.56449 0.0119219 0.0156458
0 0.635016 0.41101 0.0201875 0.0138125
0 0.58993 0.617448 0.0258594 0.0316458
0 0.582633 0.761792 0.0309531 0.0164167
0 0.8195 0.30226 0.0201875 0.0174375
0 0.867875 0.987177 0.0234688 0.0256458
0 0.940703 0.427187 0.0132812 0.0328333
0 0.518266 0.737823 0.0168125 0.0311875
0 0.906289 0.319104 0.0139531 0.0213333
0 0.62868 0.603448 0.0153906 0.0465208
0 0.982883 0.431073 0.0146094 0.0194792
0 0.916648 0.57101 0.0267969 0.0288542
0 0.393344 0.765635 0.0155625 0.0191042
0 0.954313 0.490771 0.0138437 0.0189583
0 0.863289 0.278187 0.0159531 0.0122917
0 0.489773 0.366385 0.0167344 0.00922917
0 0.887703 0.704313 0.0302187 0.0586667
0 0.443828 0.723229 0.01225 0.0187083
0 0.642172 0.656 0.0186562 0.0262917
0 0.41675 0.651406 0.0138125 0.0304792
0 0.911828 0.420052 0.0251563 0.0514792
0 0.838727 0.306687 0.0148594 0.0102083
0 0.879172 0.294875 0.0309687 0.0205
0 0.523305 0.342438 0.0231406 0.0213333
0 0.42068 0.612896 0.0131094 0.0302083
0 0.437594 0.545646 0.0075 0.00975
0 0.989672 0.951969 0.0206563 0.0305208
0 0.418773 0.742688 0.0141094 0.022375
0 0.524992 0.666281 0.0167344 0.0315208
0 0.587211 0.350427 0.0130781 0.0320625
0 0.950383 0.593125 0.0127969 0.0594167
0 0.500094 0.665385 0.0213438 0.0318125
0 0.979813 0.630823 0.0398125 0.0236042
0 0.938336 0.59601 0.0207031 0.0490625
0 0.885563 0.275479 0.0384375 0.0174583
0 0.970867 0.54725 0.0210781 0.037375
0 0.955852 0.96551 0.0215469 0.0320625
0 0.479008 0.39275 0.0102031 0.00845833
0 0.9 0.39 0.0215312 0.0420417
0 0.936055 0.276927 0.0136719 0.0254375
0 0.953125 0.316865 0.0219375 0.0207708
0 0.51357 0.666177 0.0200781 0.0346042
0 0.924125 0.497188 0.0234688 0.02
0 0.483687 0.556937 0.0139375 0.0427083
0 0.44125 0.658 0.0148125 0.0205
0 0.917242 0.825594 0.0234531 0.0541042
0 0.595273 0.674458 0.0196406 0.01725
0 0.607625 0.667188 0.022625 0.0211667
0 0.895484 0.27999 0.0375937 0.0213542
0 0.505594 0.349479 0.00921875 0.0105833
0 0.132719 0.417406 0.00465625 0.0065625
0 0.560594 0.612354 0.0125 0.0418333
0 0.528281 0.608104 0.0225938 0.02025
0 0.960898 0.464552 0.0172656 0.0190625
0 0.969836 0.794229 0.0157656 0.0269167
0 0.630289 0.702615 0.0234531 0.0179375
0 0.961844 0.358677 0.0229062 0.0227292
0 0.944516 0.302615 0.0190312 0.0205208
0 0.622391 0.371667 0.0240313 0.0140833
0 0.641039 0.63474 0.0269219 0.0192292
0 0.892297 0.262313 0.052125 0.025125
0 0.550656 0.389229 0.017125 0.0312917
0 0.642437 0.402052 0.0225938 0.0186042
0 0.480586 0.740219 0.0183906 0.0298542
0 0.58657 0.558844 0.0429219 0.0241042
0 0.580914 0.724344 0.0265156 0.0248542
0 0.620477 0.740021 0.0185781 0.0217917
0 0.915648 0.951333 0.0369219 0.0333333
0 0.885898 0.332521 0.0296094 0.0217917
0 0.901984 0.849333 0.026875 0.0446667
0 0.507727 0.722615 0.0208281 0.0298958
0 0.973445 0.418583 0.0219219 0.01975
0 0.796891 0.272156 0.01425 0.0163125
0 0.894063 0.865896 0.0226562 0.0280833
0 0.928547 0.433979 0.0190312 0.064875
0 0.536312 0.690104 0.012125 0.03875
0 0.980625 0.888271 0.0205313 0.0310833
0 0.665047 0.614469 0.0213438 0.0476875
0 0.451906 0.331417 0.0201875 0.0130833
0 0.983187 0.611865 0.0334375 0.0366042
0 0.472406 0.601979 0.0125312 0.0325
0 0.922406 0.875396 0.022875 0.0358333
0 0.872797 0.934927 0.032 0.0390208
0 0.979305 0.824896 0.0242031 0.041
0 0.551352 0.341604 0.0200781 0.0175833
0 0.552984 0.540031 0.0269688 0.0275625
0 0.85468 0.302469 0.0213281 0.0181042
0 0.582914 0.680708 0.0135781 0.013375
0 0.642672 0.356281 0.0236563 0.0115208
0 0.95032 0.329073 0.0143281 0.0216875
0 0.65325 0.677979 0.0185937 0.0257917
0 0.626828 0.60275 0.0267188 0.0566667
0 0.878273 0.320469 0.0471094 0.0250208
0 0.910906 0.915854 0.0324062 0.0562083
0 0.531586 0.724979 0.0140469 0.02975
0 0.429258 0.693312 0.0121719 0.024875
0 0.520531 0.376323 0.0115312 0.0112708
0 0.644109 0.693927 0.0174687 0.0195625
0 0.95382 0.374521 0.0153906 0.02975
0 0.573406 0.733969 0.0151875 0.0156458
0 0.522297 0.794865 0.0190312 0.0158958
0 0.625781 0.777125 0.0120938 0.0166667
0 0.971438 0.440583 0.0147813 0.0272917
0 0.977984 0.917896 0.0233125 0.0572083
0 0.987484 0.468969 0.024625 0.0276875
0 0.275203 0.370219 0.0130312 0.0119792
0 0.432359 0.649292 0.0131562 0.0321667
0 0.259172 0.536708 0.005875 0.004875
0 0.476211 0.352896 0.0155781 0.0130833
0 0.602391 0.611542 0.0292187 0.034875
0 0.919547 0.283302 0.0183437 0.0274375
0 0.924164 0.604104 0.0405781 0.045625
0 0.259203 0.496917 0.0071875 0.0155417
0 0.623461 0.71525 0.0111406 0.0135833
0 0.552672 0.680125 0.0213438 0.0505
0 0.450453 0.710135 0.0120625 0.0341042
0 0.543508 0.378458 0.0202656 0.02275
0 0.913977 0.77301 0.0285781 0.0708958
0 0.616914 0.364875 0.0244219 0.0128333
0 0.632648 0.645396 0.0278906 0.017625
0 0.971273 0.372219 0.0219219 0.0189792
0 0.626437 0.400688 0.0188437 0.0166667
0 0.537906 0.427344 0.0145313 0.0148125
0 0.982008 0.38475 0.0219219 0.0217917
0 0.420055 0.704969 0.0123594 0.0261458
0 0.421398 0.784635 0.0153281 0.0162292
0 0.990281 0.404521 0.0194375 0.0334583
0 0.43318 0.624708 0.0188281 0.030875
0 0.960289 0.422354 0.0127031 0.0215417
0 0.612063 0.684677 0.0300625 0.0193958
0 0.994742 0.822583 0.0105156 0.0665
0 0.5645 0.361792 0.0248125 0.014875
0 0.465531 0.782354 0.0190312 0.0164167
0 0.510867 0.77274 0.0117344 0.0161458
0 0.399336 0.680031 0.00885937 0.0190208
0 0.839711 0.297083 0.0155781 0.0128333
0 0.504117 0.639875 0.0146094 0.0238333
0 0.441172 0.694375 0.013 0.0252083
0 0.537195 0.752302 0.0215469 0.0307708
0 0.891523 0.302437 0.0102031 0.00795833
0 0.451141 0.745 0.0134687 0.0110417
0 0.512281 0.756625 0.015375 0.0266667
0 0.520484 0.350073 0.0260937 0.0131458
0 0.585992 0.718719 0.0246094 0.0271875
0 0.910391 0.450865 0.018125 0.0204375
0 0.553227 0.648312 0.0224219 0.0159167
0 0.612055 0.631542 0.0194219 0.0169167
0 0.625492 0.674854 0.0229531 0.0252083
0 0.880125 0.833719 0.0301875 0.0463958
0 0.495672 0.560448 0.015375 0.0379375
0 0.952102 0.40525 0.0267344 0.01975
0 0.823695 0.288823 0.0151094 0.0181875
0 0.485875 0.763604 0.01875 0.038125
0 0.596289 0.343687 0.0133906 0.0142083
0 0.891813 0.753594 0.0219375 0.0241042
0 0.128234 0.421469 0.00128125 0.00235417
0 0.943453 0.358594 0.0138437 0.0176875
0 0.405852 0.738719 0.0169219 0.0230625
0 0.572844 0.659292 0.0111562 0.0228333
0 0.491055 0.383063 0.0128906 0.0142917
0 0.477516 0.769156 0.0242188 0.0238125
0 0.557805 0.705042 0.0168594 0.0279583
0 0.454594 0.350594 0.0176563 0.0118542
0 0.453406 0.655646 0.0121563 0.026125
0 0.922844 0.316906 0.0283125 0.0193958
0 0.446063 0.673385 0.0113437 0.0220625
0 0.657664 0.362802 0.0155781 0.0174375
0 0.600852 0.720646 0.0219219 0.025375
0 0.936523 0.40526 0.0194219 0.0171875
0 0.436891 0.564542 0.0228125 0.0507917
0 0.949023 0.482563 0.0163594 0.0389583
0 0.612063 0.775313 0.0175 0.0212917
0 0.458445 0.708469 0.00979688 0.0323125
0 0.518758 0.691021 0.0254531 0.0235417
0 0.938594 0.377219 0.014875 0.0195208
0 0.932578 0.969615 0.0259688 0.0320625
0 0.56082 0.381969 0.0116719 0.0278958
0 0.419188 0.717948 0.0161875 0.0251042
0 0.610773 0.7585 0.0185781 0.0221667
0 0.427852 0.753146 0.0141406 0.0221667
0 0.884633 0.788687 0.0102031 0.03125
0 0.521055 0.403771 0.00460938 0.00845833
0 0.392531 0.727437 0.009625 0.00975
