2 0.299844 0.336714 0.0571562 0.0711268
2 0.880109 0.589531 0.07125 0.0871831
2 0.135438 0.864824 0.0767812 0.184577
2 0.646766 0.836009 0.0464687 0.0697653
2 0.222227 0.535023 0.0737031 0.105446
2 0.458797 0.607993 0.112875 0.121761
2 0.122273 0.622923 0.0767656 0.101432
2 0.711117 0.65784 0.0438594 0.0630516
2 0.505766 0.830423 0.059375 0.110751
2 0.548469 0.573169 0.058 0.0747887
2 0.287375 0.382535 0.06025 0.0573239
2 0.719523 0.777406 0.0355156 0.0601174
2 0.180617 0.944624 0.0906719 0.110751
2 0.539742 0.680939 0.0355781 0.0398592
2 0.641336 0.507653 0.108172 0.0750704
2 0.454844 0.461467 0.0734062 0.0611033
2 0.374977 0.923615 0.0232969 0.0419718
2 0.208984 0.352512 0.0290312 0.0300939
2 0.387516 0.765117 0.0619687 0.0731925
2 0.594055 0.460998 0.0793281 0.0647653
2 0.745797 0.473216 0.036375 0.0713146
2 0.175883 0.461585 0.0854531 0.0965023
2 0.0798516 0.578545 0.0978281 0.194695
2 0.46682 0.340669 0.0772656 0.074108
