2 0.373859 0.289656 0.0476875 0.0496042
2 0.381352 0.643167 0.0636406 0.062
2 0.567992 0.371896 0.0286406 0.0460833
2 0.4845 0.381333 0.0363438 0.0564167
2 0.551148 0.796281 0.0669219 0.0556458
2 0.65582 0.739281 0.0371094 0.0581042
2 0.557 0.646771 0.0613437 0.0625
2 0.452453 0.5405 0.0676875 0.0570417
2 0.213117 0.582229 0.0490781 0.0595833
2 0.578102 0.473344 0.0917969 0.0743542
2 0.305656 0.728594 0.0570312 0.0656042
2 0.441453 0.318083 0.0255937 0.0436667
2 0.616516 0.801896 0.0710625 0.0635833
2 0.440586 0.735583 0.0798594 0.100917
2 0.56032 0.578833 0.0452344 0.053625
2 0.293555 0.35574 0.0457031 0.0688958
2 0.778195 0.523344 0.0478281 0.0815208
2 0.602891 0.593083 0.036875 0.0845
2 0.731711 0.573698 0.0305469 0.0593958
2 0.247945 0.595448 0.0541406 0.0460208
2 0.285273 0.52424 0.0319219 0.0607708
2 0.695062 0.511844 0.0334688 0.0593542
2 0.570484 0.292875 0.0288438 0.0369167
2 0.318227 0.611344 0.0498594 0.0495208
2 0.468039 0.331615 0.0228281 0.0415208
2 0.260828 0.474573 0.043625 0.0568958
2 0.535313 0.257083 0.0364688 0.0497917
2 0.495016 0.247948 0.0270312 0.0317292
2 0.465086 0.2545 0.0348594 0.040125
2 0.410945 0.569354 0.0547969 0.074625
2 0.318617 0.492323 0.0332656 0.0546042
2 0.567625 0.443083 0.0140313 0.0133333
2 0.505469 0.449875 0.045375 0.0535833
2 0.313781 0.56826 0.044375 0.0469375
2 0.421391 0.49174 0.0375 0.0477708
2 0.442938 0.230562 0.024125 0.0439167
2 0.677859 0.309812 0.0371563 0.050375
2 0.53325 0.709229 0.0513438 0.0620417
2 0.525156 0.360479 0.0634687 0.0389167
2 0.513445 0.316031 0.0452031 0.0438542
2 0.575672 0.231417 0.0348125 0.0362083
