0 0.500552 0.379172 0.0367292 0.0474062
0 0.782417 0.724094 0.190458 0.124656
0 0.430052 0.913133 0.295396 0.170766
0 0.670917 0.764359 0.181875 0.165125
0 0.730917 0.436977 0.176417 0.128703
0 0.590396 0.820383 0.24 0.154109
0 0.399833 0.453508 0.0485417 0.150516
0 0.658531 0.975141 0.0358958 0.0474375
0 0.257917 0.870648 0.0769167 0.175641
0 0.429823 0.786719 0.0604375 0.0850313
0 0.688708 0.971539 0.0510833 0.0569219
0 0.635552 0.780047 0.186271 0.181281
0 0.733187 0.688406 0.081 0.059875
0 0.861125 0.407555 0.195625 0.120516
0 0.565385 0.430398 0.237979 0.136641
0 0.52026 0.846453 0.287729 0.199156
0 0.491135 0.864055 0.274771 0.212297
0 0.784156 0.772945 0.172646 0.0643594
0 0.284594 0.398461 0.0328125 0.0394844
0 0.71526 0.715711 0.244271 0.0999219
0 0.525125 0.735563 0.068375 0.0859062
0 0.616833 0.983617 0.0465 0.0327656
0 0.546979 0.463813 0.345292 0.2045
0 0.718646 0.372695 0.093 0.0776094
0 0.633885 0.389969 0.0367292 0.0791875
0 0.257833 0.415 0.0844583 0.0223125
0 0.514938 0.432383 0.157875 0.133391
0 0.545625 0.407523 0.06425 0.0639531
0 0.778635 0.497352 0.0758958 0.0520156
0 0.814927 0.413398 0.200646 0.135609
0 0.28049 0.401281 0.0280208 0.0425625
0 0.658177 0.438859 0.218437 0.125594
0 0.780771 0.702867 0.184958 0.115578
0 0.451344 0.471859 0.183688 0.246344
0 0.777302 0.427617 0.250396 0.144422
0 0.586615 0.449109 0.320271 0.170687
0 0.60425 0.800898 0.246833 0.120766
0 0.8885 0.398695 0.222458 0.106234
0 0.523333 0.375828 0.0599583 0.0492187
0 0.715021 0.796797 0.06975 0.0315312
0 0.548625 0.82475 0.234292 0.178406
0 0.699458 0.745625 0.221042 0.150875
