0 0.763102 0.832178 0.0547031 0.0792506
0 0.206266 0.555258 0.058125 0.118712
0 0.795828 0.66329 0.0774375 0.0404918
0 0.24725 0.717541 0.024 0.0608431
0 0.297414 0.532881 0.0430781 0.112459
0 0.683516 0.749028 0.0557187 0.0738407
0 0.526188 0.286019 0.0335 0.0271194
0 0.662031 0.799473 0.02825 0.0798829
0 0.758484 0.848946 0.0385 0.0815925
0 0.447094 0.158642 0.0417187 0.0407494
0 0.549836 0.228443 0.0370156 0.0406792
0 0.544055 0.395211 0.0397031 0.0362295
0 0.313539 0.336194 0.0396719 0.0333255
0 0.507594 0.315375 0.048875 0.034356
0 0.42332 0.194485 0.0317969 0.0592272
0 0.387695 0.211171 0.0171406 0.0676347
0 0.433695 0.390293 0.0379844 0.0386651
0 0.29743 0.688782 0.0686094 0.137237
0 0.432844 0.175761 0.04 0.055644
0 0.291687 0.509719 0.0544375 0.159251
0 0.463203 0.209122 0.0429375 0.0328571
0 0.388938 0.287295 0.0301563 0.0245199
0 0.796141 0.679731 0.0780625 0.0290164
0 0.677461 0.785714 0.0227344 0.0684309
0 0.725648 0.823407 0.0337656 0.0773068
0 0.655438 0.769918 0.04375 0.0910304
0 0.181789 0.587002 0.0904844 0.0847307
0 0.579086 0.3163 0.0145156 0.0566745
0 0.52 0.381803 0.0429062 0.0389696
0 0.18907 0.629321 0.0816719 0.0746604
0 0.456094 0.25959 0.0403125 0.0276112
0 0.548625 0.424742 0.0315 0.058993
0 0.434867 0.139625 0.0472031 0.0517564
0 0.521437 0.238454 0.0468438 0.0487119
0 0.704422 0.715984 0.0703125 0.0409602
0 0.551453 0.302658 0.0480938 0.0301405
0 0.473664 0.209742 0.0387969 0.0394848
0 0.215914 0.711991 0.0468906 0.0887119
0 0.313828 0.643841 0.0764062 0.0605152
0 0.441227 0.325995 0.0256719 0.0288056
0 0.534687 0.348267 0.0445938 0.0326932
0 0.500883 0.420386 0.0312969 0.034637
0 0.795586 0.705328 0.0843906 0.0442857
0 0.546812 0.261639 0.0492812 0.0326464
0 0.569211 0.401452 0.0359844 0.0780328
0 0.716461 0.845422 0.0351719 0.081007
0 0.751094 0.86952 0.0366875 0.0519672
0 0.198195 0.67877 0.0705156 0.0868618
0 0.448398 0.286768 0.0384531 0.0306792
0 0.603578 0.892951 0.0247812 0.0259016
0 0.714133 0.744567 0.0601719 0.0383138
0 0.462672 0.318934 0.0304687 0.0412881
0 0.320625 0.552002 0.0976875 0.108735
0 0.785133 0.651979 0.0678594 0.0623653
0 0.192281 0.559824 0.0730625 0.121007
0 0.355984 0.274333 0.0232812 0.0412646
0 0.415516 0.256979 0.01825 0.0191569
0 0.497609 0.213806 0.0294063 0.0562763
0 0.631797 0.857939 0.0528125 0.0337705
0 0.484773 0.37192 0.0244531 0.0264169
0 0.516453 0.337354 0.0504375 0.0284778
0 0.412469 0.207998 0.02325 0.0617096
0 0.737398 0.687201 0.0197344 0.057822
0 0.708047 0.707576 0.0639375 0.0555738
0 0.495422 0.248899 0.0419687 0.0763466
0 0.782984 0.824637 0.0282187 0.0757377
0 0.411313 0.283454 0.03175 0.0545902
0 0.710055 0.868033 0.0380469 0.0725059
0 0.480141 0.422927 0.0160313 0.0336768
0 0.168586 0.651253 0.0716719 0.0695785
0 0.790992 0.735281 0.0687969 0.0602576
0 0.502898 0.365773 0.0456406 0.0310304
0 0.404383 0.240504 0.0285469 0.028548
0 0.530625 0.323396 0.021875 0.023466
0 0.340031 0.335902 0.0425625 0.0974239
0 0.259578 0.524871 0.0335625 0.119485
0 0.589305 0.293852 0.0331719 0.045644
0 0.595187 0.319578 0.0215312 0.022623
0 0.397547 0.179801 0.0234375 0.0637705
0 0.64832 0.839742 0.0664844 0.033911
0 0.595047 0.367728 0.0241563 0.0354567
0 0.465625 0.393197 0.0217188 0.0397424
0 0.76418 0.782307 0.0547031 0.0620375
0 0.415883 0.372904 0.0143906 0.022623
0 0.549813 0.370761 0.0454688 0.045644
0 0.777031 0.763817 0.0655 0.0848244
0 0.581352 0.335164 0.0454844 0.0349649
0 0.364945 0.336534 0.0394844 0.0971897
0 0.525641 0.436511 0.0249062 0.0443091
0 0.378406 0.267436 0.0410313 0.0928103
0 0.405969 0.378466 0.0145313 0.0461593
0 0.491422 0.344227 0.0267188 0.0264871
0 0.345844 0.273208 0.0541875 0.123326
0 0.743453 0.790773 0.0535 0.0569087
0 0.562297 0.269602 0.0489687 0.0392037
0 0.664828 0.866944 0.0403125 0.0168384
0 0.501828 0.290386 0.0439375 0.0381967
0 0.230336 0.540293 0.0324844 0.140304
0 0.424539 0.347283 0.0417031 0.0368618
0 0.400672 0.218712 0.00940625 0.0189696
0 0.465672 0.345761 0.021875 0.0648712
