0 0.711016 0.915248 0.0689063 0.169503
0 0.607172 0.510745 0.0604688 0.184596
0 0.971148 0.31205 0.0577031 0.444472
0 0.787594 0.712236 0.0805 0.575528
0 0.755258 0.238106 0.123422 0.397578
0 0.935187 0.529224 0.0992187 0.524161
0 0.954602 0.879845 0.0907969 0.240311
0 0.737836 0.554534 0.0731406 0.701491
0 0.585266 0.753851 0.088875 0.492298
0 0.92182 0.149565 0.0713594 0.29913
0 0.838742 0.432578 0.137234 0.665528
0 0.663086 0.683354 0.0782031 0.63118
0 0.764758 0.041087 0.0575781 0.0821739
0 0.695828 0.299441 0.051875 0.202609
0 0.534539 0.663913 0.0554844 0.264348
0 0.973195 0.0604037 0.0536094 0.120807
0 0.853531 0.134876 0.100031 0.269752
0 0.898547 0.952112 0.030625 0.0901863
0 0.855883 0.889379 0.0554844 0.219752
0 0.979148 0.629907 0.0417031 0.480559
