2 0.60095 0.626187 0.10946 0.154453
2 0.88031 0.31484 0.09934 0.124933
2 0.64264 0.342347 0.13008 0.126133
2 0.52682 0.183387 0.08644 0.124427
2 0.8181 0.563573 0.11044 0.139573
2 0.54652 0.28264 0.12876 0.109067
2 0.83233 0.432293 0.12126 0.14976
2 0.69131 0.649573 0.0785 0.10576
2 0.75219 0.322573 0.09642 0.12632
2 0.70701 0.564307 0.11546 0.141893
2 0.61268 0.193733 0.09068 0.128907
2 0.56932 0.4956 0.1034 0.144533
2 0.54745 0.369427 0.1093 0.14712
2 0.62385 0.47556 0.09186 0.149253
2 0.71606 0.427427 0.11404 0.145947
2 0.70552 0.191773 0.102 0.166587
