2 0.43917 0.681267 0.06662 0.09864
2 0.81874 0.138907 0.17908 0.193227
2 0.20424 0.258067 0.1932 0.12952
2 0.60935 0.0406667 0.16898 0.0813333
2 0.384 0.380293 0.08016 0.08848
2 0.67769 0.13608 0.0671 0.0977067
2 0.06397 0.270293 0.10794 0.05408
2 0.97184 0.0646133 0.05632 0.0789867
2 0.85807 0.167547 0.13794 0.110507
2 0.286 0.403093 0.07504 0.05936
2 0.42086 0.121587 0.23948 0.238853
2 0.58969 0.139773 0.11846 0.0962933
2 0.71495 0.171347 0.06926 0.151653
2 0.03031 0.167533 0.05878 0.0623733
2 0.24771 0.37296 0.06346 0.0907733
