0 0.606589 0.335383 0.22243 0.227641
0 0.119042 0.364609 0.238084 0.128531
0 0.623458 0.606766 0.434907 0.22625
0 0.247617 0.0499141 0.321869 0.0943906
0 0.213984 0.428352 0.366659 0.346766
0 0.0593341 0.354992 0.118668 0.129328
0 0.1541 0.201156 0.0729673 0.0495625
0 0.614217 0.138094 0.360911 0.234719
0 0.387617 0.345484 0.273131 0.285312
0 0.692453 0.503703 0.569112 0.146406
0 0.111472 0.116633 0.217056 0.129266
0 0.466297 0.143562 0.489089 0.226969
0 0.445981 0.85207 0.211075 0.264953
0 0.842126 0.374633 0.269626 0.115547
0 0.830724 0.469555 0.338551 0.171203
0 0.252255 0.335562 0.136379 0.0832187
0 0.617044 0.720523 0.248341 0.206547
0 0.431273 0.0966875 0.562967 0.193375
0 0.18146 0.782523 0.201659 0.429672
0 0.676086 0.583531 0.536285 0.168656
0 0.130409 0.294633 0.256332 0.0786719
0 0.262231 0.760344 0.194883 0.405
0 0.884124 0.0179922 0.231752 0.0359844
0 0.465748 0.403242 0.174907 0.163484
0 0.596904 0.0224141 0.108435 0.0443594
0 0.098972 0.0409219 0.0656075 0.0406562
0 0.835946 0.648586 0.199042 0.168547
0 0.0553271 0.499969 0.104393 0.122625
0 0.104708 0.220227 0.203902 0.130359
0 0.038271 0.0395391 0.0765421 0.0473281
0 0.459194 0.707016 0.315724 0.3265
0 0.519977 0.0295078 0.098785 0.0397969
