0 0.352281 0.437 0.200625 0.171625
0 0.811805 0.306333 0.152766 0.121667
0 0.924141 0.203021 0.11275 0.0907083
0 0.503 0.677615 0.268062 0.249271
0 0.773719 0.17026 0.118813 0.0973542
0 0.905594 0.239927 0.125688 0.102937
0 0.653 0.213 0.135625 0.118875
0 0.627977 0.538177 0.190328 0.192396
0 0.599672 0.250958 0.14375 0.1355
0 0.706305 0.186562 0.140172 0.0975833
0 0.100219 0.582625 0.200437 0.232958
0 0.723633 0.40175 0.161641 0.164208
0 0.765773 0.340823 0.152297 0.132812
0 0.828867 0.113573 0.111234 0.0846875
0 0.803023 0.13875 0.116734 0.101542
0 0.472891 0.358469 0.164219 0.155187
0 0.237133 0.512365 0.186266 0.230437
0 0.54957 0.299708 0.153641 0.140292
