2 0.637344 0.65669 0.0934375 0.161212
2 0.0322422 0.3088 0.0644844 0.0784848
2 0.155695 0.610816 0.0534844 0.0678322
2 0.189609 0.26028 0.0591875 0.064662
2 0.816055 0.282413 0.112141 0.0515385
2 0.369305 0.245245 0.0666719 0.0795804
2 0.0530703 0.527261 0.0714844 0.0627273
2 0.244188 0.264557 0.0649062 0.0962005
2 0.769555 0.692378 0.161578 0.0750583
2 0.446086 0.585105 0.0688906 0.129138
2 0.815008 0.585186 0.196422 0.150047
2 0.570648 0.437063 0.0654531 0.08
2 0.212312 0.239406 0.043 0.0572261
2 0.615234 0.235023 0.04975 0.0361538
2 0.126008 0.594161 0.0444219 0.144918
2 0.244617 0.217949 0.0471719 0.0553846
