2 0.498312 0.539543 0.046375 0.0672834
2 0.652562 0.43185 0.0501875 0.0780796
2 0.493555 0.788571 0.0502656 0.0690398
2 0.40157 0.777319 0.0448281 0.0555269
2 0.347414 0.407904 0.0444844 0.0618501
2 0.458422 0.665269 0.09025 0.0864169
2 0.568688 0.319286 0.0306875 0.061897
2 0.345602 0.358923 0.0507344 0.0592037
2 0.421563 0.450761 0.0456875 0.07637
2 0.578133 0.694778 0.0704531 0.0470726
2 0.705297 0.292447 0.0518125 0.05726
2 0.577672 0.39589 0.0344375 0.0566511
2 0.699359 0.74096 0.0362188 0.066089
2 0.313961 0.265948 0.0537031 0.0410773
2 0.427008 0.490785 0.0524844 0.049719
2 0.575336 0.609766 0.0567969 0.0641218
2 0.615703 0.437635 0.0454062 0.0825293
2 0.815727 0.416874 0.0365469 0.0538407
2 0.698109 0.516639 0.0404687 0.0591803
2 0.453805 0.626909 0.0868594 0.052459
2 0.236187 0.436183 0.0196563 0.0408899
2 0.385406 0.441991 0.0370313 0.0681499
2 0.542273 0.659028 0.0638281 0.0475176
2 0.549508 0.489075 0.0716406 0.0523419
2 0.307766 0.465562 0.0363438 0.0837237
2 0.394219 0.394321 0.0260625 0.0449883
