0 0.68626 0.893573 0.03052 0.09312
0 0.50171 0.513467 0.03814 0.0923733
0 0.64643 0.8424 0.05862 0.0326933
0 0.64787 0.903253 0.06446 0.11904
0 0.64356 0.508533 0.0404 0.108587
0 0.51855 0.80668 0.03922 0.0689867
0 0.48 0.508893 0.03672 0.0801867
0 0.66637 0.89316 0.04594 0.0918667
0 0.46092 0.80492 0.03712 0.0633333
0 0.67201 0.520627 0.02742 0.0629067
0 0.69071 0.498587 0.04442 0.104853
0 0.67952 0.496333 0.05288 0.105893
0 0.54026 0.501787 0.03516 0.0879467
0 0.50574 0.848027 0.02972 0.0929067
0 0.61018 0.514307 0.03656 0.0760267
0 0.61647 0.918933 0.0227 0.0584533
0 0.72818 0.50152 0.0402 0.10672
0 0.549 0.825893 0.04424 0.100747
0 0.66787 0.833987 0.03058 0.0264267
0 0.52518 0.875253 0.04404 0.10384
0 0.51335 0.500067 0.03378 0.0744267
0 0.6373 0.853173 0.05068 0.0402133
0 0.45934 0.506987 0.02976 0.08128
0 0.68701 0.843187 0.01018 0.0161333
0 0.46037 0.825173 0.0313 0.0849067
0 0.63177 0.495347 0.02786 0.07592
0 0.64286 0.87168 0.06636 0.0696533
0 0.66341 0.930667 0.0289 0.09248
0 0.56823 0.506373 0.03374 0.103627
0 0.48189 0.784533 0.03746 0.0394667
0 0.68968 0.929173 0.02876 0.0994133
0 0.52816 0.501667 0.02768 0.0864267
0 0.58623 0.501667 0.04474 0.0926133
