0 0.0606719 0.457792 0.04075 0.0856776
0 0.369461 0.601565 0.0115156 0.0221028
0 0.444633 0.515467 0.0272656 0.0871963
0 0.307555 0.555502 0.0204531 0.0423598
0 0.40232 0.529089 0.0195469 0.0568224
0 0.387656 0.508458 0.0193125 0.0631776
0 0.525195 0.518166 0.0309531 0.0517523
0 0.296297 0.540818 0.0293438 0.0352336
0 0.140234 0.600631 0.0119688 0.0291589
0 0.506195 0.496495 0.0268906 0.0773364
0 0.796945 0.532161 0.0212031 0.0227804
0 0.147609 0.527629 0.0327188 0.0564252
0 0.602891 0.533925 0.031 0.0460748
0 0.0931953 0.542547 0.0178594 0.0568224
0 0.786773 0.540035 0.0171406 0.0281542
0 0.0840156 0.538341 0.0163125 0.0556542
0 0.333172 0.522266 0.00640625 0.0123832
0 0.810406 0.538037 0.0105313 0.0377103
0 0.381289 0.520958 0.0199531 0.0601402
0 0.321188 0.487009 0.0138437 0.0185514
0 0.0541641 0.419603 0.0458594 0.0735981
0 0.66532 0.528049 0.0134219 0.0605374
0 0.265109 0.54396 0.01325 0.0340421
0 0.679664 0.499054 0.0280781 0.0745561
0 0.155297 0.545152 0.0175625 0.056285
0 0.200539 0.496437 0.00639062 0.0108178
0 0.621875 0.548563 0.01625 0.0279206
0 0.0231484 0.536028 0.0187656 0.0681776
0 0.281359 0.492325 0.00846875 0.0270794
0 0.515336 0.481215 0.0313906 0.0698598
0 0.269039 0.589112 0.00964062 0.031028
0 0.435813 0.602442 0.00715625 0.0179673
0 0.703984 0.476974 0.032 0.0639486
0 0.118438 0.503376 0.0106875 0.0282009
0 0.747703 0.523458 0.02925 0.0143458
0 0.948094 0.484159 0.0455313 0.0307944
0 0.243625 0.540724 0.0185937 0.0497664
0 0.961531 0.494591 0.0355313 0.0349299
0 0.534719 0.497383 0.0373437 0.0710748
0 0.307656 0.535409 0.0260312 0.0367991
0 0.0381328 0.431297 0.0364531 0.0793692
0 0.673328 0.506647 0.0247812 0.0893692
0 0.794813 0.55618 0.01225 0.0279673
0 0.765766 0.55625 0.00865625 0.0386215
0 0.411453 0.521589 0.0417187 0.0605607
0 0.475352 0.476963 0.0344219 0.0797664
0 0.393625 0.55132 0.0256875 0.024229
0 0.278219 0.585199 0.0109375 0.0343224
0 0.011125 0.540701 0.02225 0.0700935
0 0.224914 0.569883 0.0287031 0.0235047
0 0.54493 0.599568 0.00723437 0.0234813
0 0.637742 0.487255 0.0339844 0.065257
