0 0.289984 0.654685 0.0490938 0.0523598
0 0.126336 0.657465 0.0435781 0.0206776
0 0.368523 0.620759 0.0626094 0.0449766
0 0.121422 0.577523 0.0242188 0.0529907
0 0.449172 0.614755 0.0692187 0.0300701
0 0.443078 0.709743 0.0235 0.0958879
0 0.468352 0.707138 0.0490469 0.088715
0 0.134891 0.673972 0.0319063 0.0546262
0 0.128648 0.58146 0.0387656 0.079743
0 0.149477 0.567605 0.0380469 0.0396963
0 0.293875 0.647722 0.040375 0.0640888
0 0.408891 0.655152 0.0504062 0.0506776
0 0.303039 0.696974 0.110453 0.0456308
0 0.416062 0.6641 0.0415 0.0530607
0 0.284383 0.596192 0.0585781 0.0227103
0 0.252477 0.661671 0.0320781 0.0161449
0 0.359234 0.598516 0.0564375 0.0364252
0 0.408727 0.607815 0.0190469 0.0561449
0 0.420547 0.714813 0.0475625 0.0502804
0 0.469656 0.730058 0.0418125 0.0724065
0 0.284258 0.620362 0.0584844 0.0348832
0 0.476609 0.64472 0.03 0.0271963
0 0.364102 0.678972 0.0434844 0.0459346
0 0.477891 0.675526 0.0360938 0.0917991
0 0.307617 0.658201 0.0205781 0.0584579
0 0.370164 0.661799 0.0425156 0.0401402
0 0.114133 0.697114 0.0151094 0.0416589
