1 0.600797 0.94449 0.0364063 0.0521042
1 0.568008 0.83925 0.0285156 0.0454583
1 0.63243 0.839865 0.0285156 0.0417708
1 0.579484 0.976229 0.0320937 0.0330833
1 0.598766 0.837417 0.0328437 0.039375
1 0.681414 0.901292 0.0315469 0.0445
1 0.564906 0.941698 0.0395313 0.0621458
1 0.674938 0.945177 0.0311875 0.0595208
1 0.658328 0.866427 0.034875 0.0526042
1 0.578141 0.873073 0.0354688 0.0365625
1 0.64368 0.965031 0.0327031 0.0521875
1 0.628469 0.913073 0.0182812 0.0353958
1 0.545164 0.874542 0.0297031 0.053625
1 0.61868 0.875562 0.0304531 0.0484583
1 0.610734 0.981156 0.0309687 0.0301875
1 0.647195 0.895271 0.0317031 0.0285
1 0.535758 0.922333 0.0278594 0.0493333
