0 0.697026 0.727508 0.382529 0.127578
0 0.182014 0.571336 0.0407494 0.0789844
0 0.40411 0.599398 0.14555 0.135547
0 0.236124 0.897406 0.0795082 0.130719
0 0.14123 0.0464297 0.172717 0.0447656
0 0.293489 0.854758 0.0990632 0.156922
0 0.161991 0.550281 0.080281 0.0698125
0 0.0634309 0.55675 0.0393208 0.0655625
0 0.18555 0.198953 0.0533489 0.104875
0 0.402623 0.103773 0.151101 0.149328
0 0.737564 0.163078 0.320984 0.142063
0 0.285398 0.510453 0.0912178 0.140125
0 0.388583 0.54025 0.182084 0.0905312
0 0.153009 0.753773 0.0776347 0.0610156
0 0.137436 0.751 0.0896721 0.068
0 0.104344 0.103117 0.132998 0.0429844
0 0.250222 0.499211 0.0887822 0.144609
0 0.107319 0.741922 0.103021 0.0576875
0 0.611546 0.742797 0.314754 0.164531
0 0.25904 0.88043 0.0987822 0.135047
0 0.11445 0.550375 0.0370023 0.05925
0 0.0993443 0.216281 0.0572834 0.0259062
0 0.0393443 0.0666953 0.0786885 0.0290156
0 0.609801 0.178008 0.359415 0.150797
0 0.0957728 0.792727 0.0249883 0.0205156
0 0.134895 0.0190625 0.133724 0.038125
0 0.0461124 0.193266 0.0787822 0.0235625
0 0.564684 0.268164 0.19377 0.0872969
0 0.119344 0.973922 0.0725527 0.0521563
0 0.124543 0.0842813 0.148009 0.045375
0 0.762869 0.203383 0.282553 0.147703
0 0.375831 0.17557 0.0645902 0.0515156
0 0.31637 0.502641 0.0538173 0.0776875
0 0.0935246 0.193961 0.0405386 0.0469219
0 0.110304 0.96782 0.101874 0.0643594
0 0.451148 0.125211 0.0873068 0.115047
0 0.76322 0.743711 0.331733 0.166922
0 0.38952 0.578203 0.183864 0.13325
0 0.283958 0.0743594 0.0680562 0.113344
0 0.152927 0.772719 0.0980328 0.0516875
0 0.116347 0.190047 0.0180796 0.0312187
0 0.0601756 0.162875 0.114169 0.0261562
0 0.102389 0.12775 0.102623 0.0276563
0 0.324578 0.110312 0.0235363 0.0384375
0 0.115773 0.0754688 0.055808 0.00975
0 0.0648361 0.0178203 0.117822 0.0356094
0 0.0261241 0.083 0.0468618 0.0223125
0 0.171089 0.00996094 0.150094 0.0199219
0 0.15863 0.597609 0.0416628 0.0370625
0 0.468044 0.960156 0.0835363 0.0796875
0 0.0655621 0.0534141 0.131124 0.0405156
0 0.0865222 0.769477 0.0440984 0.0553594
0 0.155902 0.185617 0.0629977 0.0860156
0 0.340691 0.963031 0.111874 0.07025
0 0.0365105 0.553375 0.0326464 0.0591563
0 0.31534 0.963445 0.107541 0.0731094
0 0.106499 0.575039 0.0352927 0.0306719
0 0.397319 0.963063 0.105035 0.073875
0 0.128806 0.992758 0.0240281 0.0144844
0 0.0440984 0.12775 0.0881967 0.0353125
0 0.0618852 0.62293 0.0661593 0.0812031
0 0.294403 0.280375 0.0261358 0.0387188
