0 0.678055 0.700887 0.0283281 0.051182
0 0.114203 0.812683 0.0471875 0.0613948
0 0.960602 0.793794 0.0767656 0.0613475
0 0.25107 0.678038 0.0655469 0.0768322
0 0.0940234 0.865154 0.0505469 0.0657683
0 0.148969 0.799113 0.0479687 0.0609693
0 0.111008 0.664799 0.0404844 0.171962
0 0.177273 0.6974 0.0469219 0.141182
0 0.225797 0.805343 0.04575 0.0645863
0 0.548195 0.735118 0.0673281 0.083948
0 0.782875 0.722234 0.0609375 0.0494799
0 0.718664 0.755177 0.0338594 0.0671868
0 0.0450156 0.855757 0.0695313 0.062435
0 0.934641 0.911348 0.0374063 0.0656265
0 0.502008 0.65617 0.0638281 0.0405201
0 0.968781 0.766265 0.0608125 0.0336643
0 0.997891 0.915709 0.00421875 0.017896
0 0.781602 0.795426 0.0583594 0.047305
0 0.473609 0.670095 0.0221875 0.031773
0 0.601141 0.755343 0.028125 0.0785816
0 0.363867 0.84357 0.0685156 0.0640662
0 0.0769375 0.734338 0.0555 0.103712
0 0.243063 0.753452 0.0472187 0.0715366
0 0.642789 0.792624 0.0519219 0.0461939
0 0.750367 0.747388 0.0431406 0.062435
0 0.223937 0.902813 0.0628125 0.06974
0 0.17093 0.842766 0.0453281 0.0499291
0 0.163445 0.924314 0.0588281 0.0665957
0 0.84007 0.783002 0.0460781 0.0514421
0 0.517859 0.764255 0.0101563 0.0192435
0 0.148594 0.659728 0.0496875 0.128676
0 0.0303828 0.798121 0.0607656 0.05974
0 0.884492 0.766537 0.0480781 0.0274468
0 0.339219 0.808593 0.0414687 0.0689598
0 0.603062 0.703345 0.0910312 0.0433806
0 0.345773 0.736099 0.0460469 0.0718676
0 0.533531 0.668227 0.0649687 0.0543262
0 0.0714766 0.804314 0.0580781 0.0641371
0 0.69418 0.670047 0.0329844 0.0999054
0 0.383523 0.713073 0.0509531 0.05026
0 0.928766 0.735035 0.0508438 0.0477541
0 0.775141 0.745284 0.0511875 0.0569031
0 0.644258 0.7437 0.0601719 0.0615839
0 0.751914 0.689539 0.0854844 0.0538298
0 0.98 0.954019 0.04 0.0653901
0 0.403852 0.801939 0.0247656 0.0450591
0 0.142563 0.860993 0.0376875 0.0594326
0 0.985844 0.900225 0.025875 0.033357
0 0.554563 0.765721 0.0665937 0.0560757
0 0.371625 0.673333 0.0699063 0.0477069
0 0.364852 0.779421 0.0500781 0.0662648
0 0.945727 0.862187 0.0648281 0.0730733
0 0.212133 0.755686 0.0317031 0.0543499
0 0.690734 0.772719 0.0415625 0.0610402
0 0.0156641 0.855236 0.0313281 0.0782742
0 0.195992 0.749291 0.0567344 0.0693144
0 0.639047 0.689113 0.054125 0.053026
0 0.280203 0.749279 0.040125 0.0620567
0 0.904813 0.901466 0.0206563 0.0310165
0 0.393859 0.767009 0.029625 0.0646099
0 0.139609 0.738215 0.0834375 0.0994563
0 0.0316797 0.644716 0.0442969 0.147069
0 0.818781 0.796761 0.0183437 0.0399054
0 0.0779922 0.950248 0.0314531 0.0275414
0 0.374492 0.694102 0.0831406 0.0321749
0 0.219539 0.694232 0.0306406 0.0561702
0 0.406133 0.752967 0.0380156 0.0576123
0 0.28582 0.916194 0.0441719 0.0252482
0 0.811781 0.758842 0.0385937 0.0443499
0 0.670094 0.755863 0.07 0.0665721
0 0.357336 0.662494 0.0846406 0.0995035
0 0.877547 0.788582 0.03875 0.0275177
0 0.0702656 0.659539 0.0440938 0.120638
0 0.302609 0.807908 0.03825 0.067305
0 0.118 0.912837 0.0547188 0.0686052
0 0.332648 0.896761 0.0560469 0.0394799
0 0.0824141 0.911596 0.0420469 0.0549173
0 0.304883 0.660106 0.0343594 0.0925059
0 0.970609 0.823853 0.0575625 0.04
0 0.0296094 0.716371 0.0580312 0.113546
0 0.260828 0.895662 0.0395937 0.0652719
0 0.318727 0.754031 0.0431094 0.0675887
0 0.622812 0.725603 0.0214062 0.0208511
0 0.265594 0.819645 0.0434063 0.0614184
0 0.0475938 0.90435 0.0365 0.047896
0 0.305195 0.87747 0.0793906 0.0718203
0 0.518031 0.701974 0.0721563 0.0526478
0 0.575547 0.792128 0.0423437 0.0271395
0 0.708242 0.803629 0.0328281 0.0423877
0 0.858781 0.730118 0.0708125 0.0791489
0 0.366641 0.877849 0.050375 0.0347991
0 0.738039 0.791206 0.0331719 0.0510165
0 0.543875 0.610012 0.049875 0.0965248
0 0.589234 0.734362 0.0556875 0.0492435
0 0.958234 0.91805 0.0244062 0.0413002
0 0.606922 0.788593 0.0240313 0.0474468
0 0.479359 0.641738 0.0384688 0.0237116
0 0.184969 0.895875 0.072 0.0589362
0 0.121602 0.955579 0.0357344 0.0169267
0 0.178578 0.794787 0.0525 0.0551064
0 0.203953 0.937151 0.0420937 0.0289125
0 0.498367 0.6274 0.0386719 0.0221749
0 0.0466719 0.943913 0.0401875 0.0373759
0 0.0183125 0.922943 0.0347812 0.0681087
0 0.223656 0.852671 0.0370937 0.0469504
0 0.968555 0.978865 0.0480156 0.0422695
