0 0.526617 0.200188 0.0178281 0.0670423
0 0.449711 0.184108 0.0208594 0.05
0 0.542172 0.241373 0.0165625 0.0662207
0 0.501047 0.213216 0.0125312 0.0446479
0 0.585703 0.239953 0.00984375 0.0613146
0 0.434633 0.137265 0.0178906 0.0253756
0 0.49125 0.144531 0.051 0.043615
0 0.512695 0.198404 0.0140156 0.0498122
0 0.441109 0.127606 0.01425 0.0311737
0 0.478602 0.119484 0.0434844 0.0420657
0 0.411516 0.245575 0.0291563 0.0273005
0 0.493438 0.262723 0.0379375 0.0566667
0 0.566195 0.247383 0.0176406 0.0697418
0 0.569844 0.208944 0.014375 0.0396714
0 0.432922 0.28419 0.0260625 0.053216
0 0.485078 0.126502 0.0482812 0.0341315
0 0.456234 0.252254 0.0158438 0.0644131
0 0.451008 0.263732 0.0192656 0.0559155
0 0.468508 0.206995 0.0407656 0.0546479
0 0.421414 0.260399 0.0316719 0.0495305
0 0.553813 0.221667 0.0145 0.0551174
0 0.533016 0.179308 0.0114375 0.0463615
0 0.463406 0.119249 0.0185937 0.0421127
0 0.393836 0.263169 0.0105781 0.0453991
0 0.468422 0.246972 0.021875 0.0698122
0 0.422344 0.279143 0.0207188 0.0607746
0 0.442883 0.296268 0.0251719 0.0305164
0 0.415781 0.226491 0.0277187 0.0188498
0 0.51707 0.163216 0.0124844 0.0449765
0 0.535805 0.264354 0.0344531 0.0599765
0 0.437016 0.201772 0.0188437 0.0771127
0 0.502539 0.27669 0.0481094 0.0425822
0 0.483484 0.253075 0.0274687 0.0692488
0 0.512 0.230869 0.0138125 0.047277
0 0.4245 0.217512 0.0337812 0.0413146
0 0.431445 0.162019 0.0207656 0.0275587
0 0.404516 0.291397 0.016375 0.0356573
0 0.579156 0.242899 0.0160938 0.0690845
0 0.546477 0.184683 0.00954687 0.0146244
0 0.555891 0.261455 0.0165313 0.0533333
0 0.425523 0.19696 0.0213281 0.0416667
0 0.485438 0.163298 0.0551875 0.0391784
0 0.507875 0.291643 0.0535625 0.0305164
0 0.455602 0.114671 0.0217969 0.0517371
0 0.456914 0.306514 0.0187656 0.0135915
0 0.463742 0.187758 0.0351406 0.0443897
