2 0.0683594 0.722659 0.0264688 0.0385882
2 0.103961 0.772059 0.0200781 0.0381412
2 0.0192266 0.753976 0.0224844 0.0370353
2 0.00779687 0.745118 0.0144375 0.0345176
2 0.0773125 0.775306 0.0353438 0.0499529
2 0.09375 0.745565 0.029625 0.0428
2 0.066 0.758188 0.0125312 0.0180706
2 0.0544922 0.795518 0.0233281 0.0356471
2 0.0367969 0.7846 0.0200313 0.0217176
2 0.0713984 0.740894 0.0187969 0.032
2 0.0416094 0.824894 0.022 0.0357647
2 0.0347891 0.754929 0.0230156 0.0389882
2 0.0349922 0.723341 0.0236719 0.0348706
2 0.0348203 0.804165 0.0223594 0.0324235
2 0.0522578 0.761965 0.0227656 0.0351765
2 0.00557031 0.766494 0.0110156 0.0169412
2 0.122695 0.754482 0.0270781 0.0402588
2 0.0159297 0.787353 0.0202656 0.0395059
