0 0.941781 0.476708 0.100875 0.153417
0 0.680844 0.022 0.158531 0.044
0 0.61325 0.458323 0.214688 0.159021
0 0.130445 0.558823 0.115578 0.108646
0 0.152836 0.704635 0.0680469 0.108771
0 0.608414 0.142167 0.125484 0.195583
0 0.224984 0.931219 0.108937 0.123271
0 0.834727 0.621365 0.129172 0.258896
0 0.838594 0.12 0.11 0.185125
0 0.452086 0.265615 0.213766 0.162771
0 0.675469 0.0733333 0.136531 0.094375
0 0.385102 0.507615 0.190766 0.161812
0 0.109297 0.44401 0.166875 0.119688
0 0.344906 0.738125 0.111531 0.0433333
0 0.0925781 0.528594 0.132312 0.0756458
0 0.686492 0.584125 0.194234 0.243375
0 0.316109 0.257417 0.127719 0.133042
0 0.821672 0.851313 0.112125 0.207292
0 0.28743 0.948719 0.0942969 0.0680208
0 0.252922 0.813333 0.0725 0.0938333
0 0.141523 0.879479 0.130953 0.138458
0 0.178141 0.4715 0.114688 0.0972083
0 0.542859 0.609302 0.193219 0.160812
0 0.429297 0.658531 0.142031 0.162729
0 0.803133 0.435 0.170203 0.164125
0 0.753922 0.0371875 0.172375 0.0712083
0 0.483187 0.504479 0.171906 0.152833
0 0.274047 0.864615 0.0650312 0.0959792
0 0.547648 0.754167 0.253859 0.155375
0 0.896023 0.824115 0.0691094 0.146979
0 0.343055 0.361281 0.184766 0.139854
0 0.690773 0.920604 0.122141 0.158792
0 0.337664 0.483115 0.251234 0.139646
0 0.22818 0.400687 0.137891 0.121542
0 0.779156 0.815698 0.0638125 0.131521
0 0.459305 0.166062 0.199953 0.123292
0 0.947656 0.618646 0.104688 0.144375
0 0.41443 0.794958 0.122766 0.122958
0 0.329391 0.811021 0.109344 0.116542
0 0.0332578 0.64976 0.0530469 0.0451042
0 0.0472734 0.915146 0.0945469 0.119667
0 0.652984 0.327146 0.228094 0.222625
0 0.940758 0.307052 0.118266 0.295646
0 0.114688 0.669115 0.111719 0.0617708
0 0.247594 0.989156 0.0527813 0.0216875
0 0.211422 0.563083 0.118844 0.106667
0 0.71918 0.730271 0.169609 0.3405
0 0.600187 0.269792 0.0975 0.243083
0 0.949945 0.763135 0.0622656 0.183479
0 0.0185391 0.77349 0.0370781 0.0663958
0 0.374531 0.653365 0.1735 0.168437
0 0.0363359 0.553333 0.0723281 0.061875
0 0.149812 0.951667 0.119375 0.0966667
0 0.146023 0.772719 0.0763594 0.0676042
0 0.0433516 0.7355 0.0846406 0.0747083
0 0.720258 0.232802 0.174953 0.278896
0 0.057625 0.600833 0.0649062 0.0742917
0 0.0518672 0.821063 0.103734 0.157042
0 0.472461 0.354469 0.205016 0.163812
0 0.0597891 0.863219 0.119578 0.157396
0 0.561117 0.836927 0.218609 0.228521
0 0.252039 0.696385 0.133734 0.114188
0 0.956328 0.105865 0.0343125 0.0633542
0 0.842406 0.28324 0.157 0.281896
0 0.928562 0.17374 0.0765312 0.138104
0 0.0195312 0.9795 0.0380937 0.0394167
0 0.184109 0.679271 0.0650312 0.0752083
