0 0.656758 0.557302 0.0481406 0.0975208
0 0.540336 0.283917 0.0144531 0.036125
0 0.758023 0.50849 0.0251719 0.0938542
0 0.475812 0.533312 0.0635 0.05
0 0.375219 0.538208 0.0192812 0.0882917
0 0.750836 0.62649 0.0335156 0.0966875
0 0.740703 0.6195 0.030875 0.0965417
0 0.57607 0.61549 0.0572656 0.0616875
0 0.205977 0.434083 0.0318594 0.0595833
0 0.225094 0.39475 0.0160313 0.066625
0 0.253906 0.618469 0.0150312 0.0692292
0 0.714477 0.454125 0.0284219 0.087875
0 0.571375 0.494625 0.0364063 0.081125
0 0.707445 0.328865 0.0292031 0.0753958
0 0.0754219 0.710063 0.0196875 0.053
0 0.357367 0.54824 0.0192969 0.0953958
0 0.559953 0.526958 0.02475 0.0762083
0 0.216758 0.54551 0.0342969 0.0643125
0 0.352969 0.328469 0.0187812 0.0748542
0 0.197734 0.338187 0.0345625 0.0572083
0 0.0313516 0.695583 0.0371406 0.0368333
0 0.412078 0.35726 0.0517188 0.0477292
0 0.554813 0.335531 0.0388125 0.0745625
0 0.460883 0.596417 0.0514531 0.0600417
0 0.237781 0.37326 0.0162813 0.0614792
0 0.536055 0.435083 0.0301094 0.077375
0 0.252203 0.473281 0.0212812 0.0600625
0 0.0680391 0.668354 0.0415781 0.02825
0 0.266625 0.320854 0.0171875 0.0612917
0 0.690953 0.607583 0.0415625 0.0938333
0 0.731398 0.339823 0.0280781 0.0723125
0 0.760086 0.359802 0.0369844 0.0683125
0 0.480211 0.311437 0.0334219 0.08325
0 0.760125 0.6405 0.0318125 0.111833
0 0.247672 0.277469 0.019625 0.0512292
0 0.185883 0.54675 0.0343281 0.0577917
0 0.405766 0.404333 0.04075 0.05525
0 0.0923281 0.708156 0.0157188 0.0453125
0 0.318945 0.278646 0.0514531 0.0630833
0 0.776672 0.586073 0.0237188 0.0313125
0 0.689602 0.457135 0.0342656 0.0881458
0 0.569539 0.33326 0.0393906 0.0714375
0 0.53475 0.333615 0.0276875 0.0699792
0 0.46657 0.284406 0.0340156 0.0612708
0 0.649734 0.52424 0.0675625 0.0705208
0 0.19275 0.43701 0.0380937 0.0614375
0 0.0910078 0.638823 0.0332344 0.0248958
0 0.366641 0.299354 0.0184062 0.05725
0 0.220672 0.365698 0.0232812 0.0571875
0 0.501773 0.291677 0.0341406 0.0662708
0 0.0412109 0.642292 0.0193594 0.0269583
0 0.757266 0.28976 0.0390937 0.0684375
0 0.107164 0.701375 0.0254219 0.0485
0 0.555555 0.489896 0.0342969 0.0689583
0 0.468352 0.424281 0.0450781 0.0702292
0 0.668422 0.556937 0.0289375 0.069625
0 0.732383 0.507594 0.0298281 0.0791875
0 0.672453 0.338031 0.0458125 0.0773958
0 0.566156 0.283188 0.0413125 0.05675
0 0.448648 0.637115 0.0212969 0.0808125
0 0.504383 0.6485 0.0315156 0.094875
0 0.355297 0.423667 0.0317812 0.0699167
0 0.0597109 0.649313 0.0283594 0.024875
0 0.267305 0.379385 0.0231719 0.0598125
0 0.527859 0.364854 0.0219062 0.0840833
0 0.526797 0.641094 0.0437188 0.0821875
0 0.433633 0.634042 0.0155469 0.0536667
0 0.503484 0.563104 0.010625 0.0574583
0 0.679281 0.426458 0.0457813 0.0757083
0 0.564016 0.621687 0.0453125 0.057375
0 0.0932188 0.676448 0.031 0.0156875
0 0.577313 0.489396 0.045875 0.0774167
0 0.33857 0.527406 0.0626094 0.0741042
0 0.403266 0.441708 0.0317188 0.0820833
0 0.259961 0.415073 0.0174844 0.0434375
0 0.475523 0.611833 0.0354531 0.0714167
0 0.649594 0.639833 0.01825 0.0530417
0 0.508648 0.639813 0.00792188 0.0414583
0 0.155141 0.64176 0.0500938 0.0392292
0 0.468266 0.459229 0.019 0.0742917
0 0.386437 0.512635 0.0200313 0.0681875
0 0.290289 0.606812 0.0410469 0.0575417
0 0.508719 0.504354 0.00715625 0.0221667
0 0.465422 0.661198 0.02225 0.0706875
0 0.416844 0.333083 0.0506875 0.056375
0 0.24257 0.401542 0.0168281 0.066
0 0.334234 0.382979 0.0424687 0.0721667
0 0.269367 0.617042 0.0226406 0.0704167
0 0.138898 0.677219 0.0366406 0.0268125
0 0.56157 0.225719 0.0396406 0.0580208
0 0.219047 0.296146 0.016125 0.0523333
0 0.287023 0.573417 0.0508281 0.0333333
0 0.410289 0.450292 0.0458906 0.0694583
0 0.637063 0.636167 0.0253125 0.0497917
0 0.190641 0.679615 0.0231562 0.0304792
0 0.720523 0.617062 0.0294531 0.103583
0 0.693961 0.633083 0.0386406 0.0964583
0 0.332031 0.439729 0.021 0.056375
0 0.715805 0.67074 0.0299531 0.0449792
0 0.489031 0.624521 0.029625 0.0742917
0 0.509797 0.329229 0.0209375 0.0697917
0 0.488367 0.350417 0.0236719 0.0700833
0 0.340328 0.292427 0.0347187 0.0526042
0 0.524844 0.499229 0.0252188 0.0848333
0 0.684086 0.346073 0.0325781 0.0829792
0 0.267656 0.280042 0.027 0.051
0 0.137875 0.655135 0.0360938 0.0343958
0 0.221109 0.611896 0.0259375 0.0658333
0 0.78475 0.37451 0.024375 0.0691458
0 0.292813 0.600135 0.0442188 0.0564792
0 0.541609 0.638167 0.046875 0.0794583
0 0.0166719 0.677115 0.0329062 0.0215208
0 0.309586 0.377667 0.0332031 0.0645833
0 0.544406 0.515031 0.0226875 0.0932292
0 0.242742 0.492198 0.0169219 0.0676875
0 0.0208594 0.659708 0.0415 0.030875
0 0.494203 0.476167 0.0240938 0.0575417
0 0.650859 0.439208 0.0323437 0.072625
0 0.35868 0.4565 0.00707813 0.024125
0 0.0598828 0.716333 0.0165156 0.039375
0 0.564812 0.265979 0.0510312 0.0630833
0 0.281875 0.613156 0.0335625 0.0687292
0 0.312539 0.303187 0.0314844 0.0571667
0 0.706313 0.363312 0.033 0.087
0 0.55807 0.2815 0.0266094 0.0390833
0 0.349789 0.54625 0.0352969 0.098875
0 0.460734 0.419771 0.0464375 0.06575
0 0.486023 0.279781 0.0391719 0.0586042
0 0.232164 0.270531 0.0167344 0.0457292
0 0.375281 0.422073 0.0273125 0.0767708
0 0.73193 0.390458 0.0263594 0.0786667
0 0.21743 0.464656 0.0231719 0.0539792
0 0.177742 0.436115 0.0284219 0.0586875
0 0.234547 0.298125 0.0188125 0.0701667
0 0.487742 0.427271 0.0369844 0.0721667
0 0.260422 0.636479 0.0160625 0.0692917
0 0.101719 0.620198 0.0325625 0.0317292
0 0.772313 0.50126 0.0444375 0.0898125
0 0.671203 0.316562 0.06625 0.0689167
0 0.453953 0.58026 0.0664375 0.0459375
0 0.502828 0.434021 0.0324375 0.0713333
0 0.750039 0.393781 0.0242031 0.0867708
0 0.578555 0.332542 0.0352969 0.0677917
0 0.268484 0.479625 0.0250625 0.0621667
0 0.232266 0.46899 0.0203438 0.0568542
