0 0.547963 0.426992 0.101171 0.0502969
0 0.58377 0.549664 0.0498829 0.0993281
0 0.411382 0.474516 0.095082 0.0687813
0 0.333923 0.455961 0.0745433 0.0218281
0 0.57589 0.490812 0.0788993 0.0432188
0 0.647389 0.438758 0.038993 0.0471094
0 0.366756 0.491023 0.0802108 0.0476094
0 0.474813 0.368578 0.108126 0.0482812
0 0.621663 0.324547 0.0554098 0.0849063
0 0.704145 0.572148 0.0638407 0.0669219
0 0.41103 0.357172 0.0614988 0.0386875
0 0.654532 0.343133 0.03726 0.0348906
0 0.623138 0.450477 0.0319438 0.0454219
0 0.407916 0.339945 0.138501 0.0275156
0 0.711464 0.399609 0.0455504 0.0323437
0 0.695222 0.352969 0.0573302 0.034125
0 0.580621 0.321313 0.0789461 0.0812187
0 0.622436 0.537648 0.067822 0.0730781
0 0.544192 0.322922 0.124262 0.081
0 0.733021 0.582016 0.0477283 0.051
0 0.755902 0.599594 0.0296487 0.0407187
0 0.671838 0.522062 0.0419438 0.024375
0 0.422998 0.306516 0.0837471 0.029
0 0.664239 0.369 0.0454333 0.0195
0 0.492096 0.335516 0.113934 0.0603125
0 0.394169 0.376719 0.0436534 0.0350625
0 0.591803 0.387016 0.0454333 0.0385
0 0.424133 0.471453 0.0251288 0.0195938
0 0.643583 0.611008 0.04 0.0882031
0 0.405773 0.509359 0.0623653 0.0364375
0 0.677939 0.61668 0.0550351 0.0610781
0 0.688841 0.5585 0.0629274 0.0627188
0 0.293068 0.457586 0.0447307 0.0377656
0 0.384496 0.540539 0.0815925 0.0274531
0 0.670644 0.335586 0.0361827 0.0485156
0 0.364274 0.528961 0.102131 0.0223594
0 0.60459 0.581484 0.0304918 0.0255
0 0.61137 0.520625 0.0573536 0.0770938
0 0.335152 0.426109 0.0509133 0.0208125
0 0.753817 0.567617 0.0377049 0.0410469
0 0.531148 0.331797 0.111991 0.0605625
0 0.636382 0.571703 0.0407728 0.0632812
0 0.524766 0.308805 0.0755269 0.0314531
0 0.401651 0.360156 0.0903279 0.0235313
0 0.566382 0.450594 0.0744028 0.03175
0 0.713583 0.426102 0.0251054 0.0320781
0 0.330796 0.412758 0.0673536 0.0469531
0 0.421066 0.546961 0.0731382 0.0454219
0 0.664426 0.547602 0.0161593 0.0123281
0 0.668653 0.420461 0.0330445 0.0398906
0 0.598384 0.424734 0.0480094 0.0531875
0 0.568864 0.551133 0.0429742 0.0859531
0 0.688244 0.422781 0.0360656 0.04725
0 0.626604 0.371289 0.0330211 0.0568594
0 0.636991 0.403617 0.0536534 0.0555469
0 0.338724 0.447141 0.0681265 0.0325937
0 0.34822 0.381961 0.0534895 0.0207969
0 0.523829 0.572109 0.0696721 0.0366875
0 0.676639 0.517445 0.0538876 0.0223281
0 0.66863 0.503305 0.0506089 0.0134844
0 0.526944 0.419336 0.0662061 0.0272031
