0 0.832641 0.0416458 0.038 0.0832917
0 0.325641 0.089875 0.0697812 0.17975
0 0.260359 0.107813 0.07075 0.215625
0 0.461094 0.0943021 0.103156 0.188604
0 0.152227 0.157177 0.131297 0.303063
0 0.54675 0.0433854 0.0719687 0.0867708
0 0.0679922 0.154969 0.135984 0.254271
0 0.379984 0.0867083 0.0700313 0.173417
0 0.76832 0.0241667 0.0383594 0.0483333
0 0.799758 0.0209687 0.0302656 0.0419375
0 0.0993516 0.205698 0.0779844 0.313854
0 0.336281 0.194427 0.0595625 0.122229
0 0.391297 0.144229 0.0689687 0.228792
0 0.750227 0.0178021 0.0256406 0.0356042
0 0.0733047 0.372562 0.0696094 0.095375
0 0.777672 0.0490208 0.0373125 0.0769167
0 0.209875 0.12376 0.0582812 0.247521
0 0.282211 0.0484479 0.0254531 0.0957292
0 0.893945 0.0137188 0.0272969 0.0274375
0 0.80507 0.0432708 0.0479844 0.0865417
0 0.861133 0.0302604 0.0332656 0.0594792
0 0.0260078 0.0465208 0.0520156 0.0930417
0 0.447641 0.0508333 0.0654062 0.101667
0 0.953336 0.578844 0.0700156 0.0411875
0 0.928562 0.561656 0.0415312 0.0312708
0 0.148227 0.293531 0.0871719 0.103854
0 0.0646484 0.0840938 0.126922 0.162562
0 0.0375859 0.322312 0.0715156 0.203583
2 0.594344 0.722365 0.0301875 0.0307708
2 0.609008 0.744031 0.0304531 0.0400208
2 0.66932 0.727354 0.0169219 0.0284583
2 0.634648 0.765406 0.0321094 0.0371875
2 0.628367 0.737687 0.0225781 0.02325
2 0.52507 0.719531 0.0306094 0.0296458
2 0.615867 0.711333 0.0209531 0.0271667
2 0.579602 0.743208 0.0309531 0.0284583
2 0.566516 0.72276 0.02725 0.0163958
2 0.634141 0.710906 0.0311563 0.0192292
2 0.562531 0.747323 0.0209063 0.0383542
2 0.651578 0.760385 0.022375 0.0397292
2 0.659781 0.814 0.0216562 0.0252083
2 0.62393 0.72324 0.0256094 0.0140625
2 0.548883 0.721667 0.0226406 0.0298333
2 0.649086 0.728865 0.0310156 0.0347292
2 0.652594 0.826927 0.0284687 0.0261458
