0 0.344641 0.688531 0.0284063 0.0628125
0 0.350336 0.507708 0.0553906 0.0572917
0 0.727531 0.634365 0.0489687 0.0610625
0 0.361711 0.453604 0.0176094 0.0515
0 0.736133 0.52626 0.0207969 0.0564792
0 0.583719 0.419365 0.0384688 0.0216458
0 0.835906 0.608542 0.0315312 0.0593333
0 0.331859 0.440333 0.0431563 0.095375
0 0.336766 0.613167 0.0315937 0.0630833
0 0.378898 0.551365 0.0104219 0.0325208
0 0.842516 0.577406 0.0233437 0.0303125
0 0.678906 0.414958 0.0192812 0.0544167
0 0.62775 0.412198 0.035875 0.0155625
0 0.264953 0.512437 0.0544375 0.0470417
0 0.569156 0.333021 0.0365 0.039875
0 0.20557 0.374854 0.0299531 0.0902917
0 0.574687 0.30526 0.0440313 0.0231875
0 0.804742 0.444187 0.0415469 0.0919583
0 0.272125 0.646615 0.0502187 0.0374792
0 0.710664 0.636917 0.0477344 0.063375
0 0.727945 0.747 0.0236719 0.05175
0 0.740211 0.583604 0.0367031 0.0857083
0 0.773453 0.390917 0.0209375 0.136833
0 0.37357 0.396167 0.0102344 0.0352083
0 0.339398 0.396698 0.0236094 0.0468125
0 0.302336 0.478271 0.0227031 0.070125
0 0.78025 0.612646 0.028 0.0856667
0 0.71807 0.314188 0.0446406 0.119292
0 0.730039 0.707167 0.0401094 0.0602917
0 0.720062 0.598969 0.0361875 0.0773542
0 0.344398 0.588104 0.0367031 0.064125
0 0.213773 0.39124 0.0437969 0.0682708
0 0.285445 0.740573 0.0221094 0.0344792
0 0.318102 0.696146 0.0169531 0.0572917
0 0.81282 0.595698 0.0427344 0.0776458
0 0.816531 0.743708 0.0424687 0.0518333
0 0.777945 0.771615 0.0358906 0.0494375
0 0.820492 0.404146 0.0525781 0.114
0 0.407531 0.578198 0.0109687 0.0411458
0 0.257188 0.574167 0.0206563 0.0464167
0 0.662195 0.415969 0.0178906 0.0238542
0 0.664125 0.347375 0.0308125 0.04625
0 0.349703 0.621646 0.0447813 0.0512083
0 0.387953 0.49875 0.00903125 0.0525
0 0.694211 0.684625 0.0462344 0.0675833
0 0.784133 0.434167 0.0290156 0.102042
0 0.281531 0.596125 0.0475625 0.05425
0 0.701539 0.560187 0.0556094 0.0692917
0 0.245711 0.473979 0.0342031 0.0575833
0 0.817109 0.349094 0.018125 0.0959792
0 0.703891 0.473365 0.0584063 0.0650625
0 0.217914 0.418594 0.0364531 0.0502708
0 0.279547 0.497125 0.04325 0.0551667
0 0.333797 0.472698 0.0450938 0.0629375
0 0.390586 0.516531 0.0137656 0.0456042
0 0.821844 0.465167 0.0694687 0.0697917
0 0.747898 0.624427 0.0392031 0.0689792
0 0.71368 0.680042 0.0597656 0.0660417
0 0.769352 0.742021 0.0262344 0.0615417
0 0.695023 0.351146 0.0290156 0.0820833
0 0.787547 0.736906 0.0332812 0.0628125
0 0.323562 0.430229 0.0225 0.04975
0 0.693016 0.535417 0.0617188 0.0716667
0 0.27718 0.551375 0.0111719 0.00525
0 0.321859 0.500854 0.03125 0.0557917
0 0.801359 0.788594 0.0539063 0.0317708
0 0.805281 0.386271 0.0219062 0.128875
0 0.333445 0.691271 0.0227344 0.061
0 0.699523 0.643677 0.0427656 0.0731458
0 0.699937 0.722896 0.0463125 0.0514167
0 0.407047 0.566115 0.0100938 0.0451875
0 0.802422 0.62725 0.0459688 0.0680833
0 0.276648 0.70101 0.0387031 0.0345208
0 0.164422 0.401156 0.0253125 0.0705625
0 0.383508 0.472594 0.00723437 0.0245208
0 0.750141 0.742427 0.0283125 0.0633542
0 0.545148 0.37899 0.0169219 0.0285208
0 0.675633 0.56599 0.0227344 0.0466458
0 0.752367 0.379469 0.0290156 0.136771
0 0.231422 0.583615 0.0197813 0.0448958
0 0.420188 0.621677 0.02675 0.0251458
0 0.19282 0.362573 0.0293281 0.0761042
0 0.210367 0.439365 0.0212656 0.0447708
0 0.401484 0.426958 0.0176563 0.0395
0 0.38293 0.437771 0.0186406 0.043
0 0.685641 0.386833 0.0627812 0.0685417
0 0.70332 0.525948 0.0496719 0.0864375
0 0.363875 0.592156 0.0279063 0.0570208
0 0.204828 0.467813 0.0266562 0.0343333
0 0.72493 0.396667 0.0471719 0.12575
0 0.251672 0.541521 0.062625 0.058125
0 0.797672 0.796458 0.0581562 0.0255833
0 0.395805 0.524927 0.0157031 0.0371875
0 0.695703 0.595698 0.0225312 0.0458125
0 0.400906 0.413292 0.008375 0.0230833
0 0.184625 0.413927 0.0177187 0.0611875
0 0.266688 0.442083 0.0269062 0.0577083
0 0.190031 0.354365 0.0315625 0.0821458
0 0.567859 0.33775 0.02 0.0133333
0 0.303867 0.584812 0.0199844 0.06675
0 0.723477 0.44849 0.0729531 0.0804375
0 0.753242 0.427031 0.0373906 0.105271
0 0.794633 0.498396 0.0197031 0.0112083
0 0.692102 0.298479 0.0277344 0.0728333
0 0.331992 0.751885 0.0484844 0.0289375
0 0.788336 0.567187 0.0217031 0.0820417
0 0.330453 0.58051 0.0178437 0.0695625
0 0.376719 0.433667 0.0145313 0.0439583
0 0.846875 0.45074 0.03575 0.0881458
0 0.727375 0.311615 0.0255312 0.120271
0 0.630672 0.381062 0.0179375 0.016125
0 0.385289 0.45149 0.00498438 0.0271042
0 0.356641 0.629812 0.0386875 0.041125
0 0.338953 0.507302 0.03025 0.0472708
0 0.391477 0.615115 0.0149531 0.0291042
0 0.808266 0.680208 0.085375 0.05
0 0.421375 0.502458 0.0045 0.022625
0 0.37232 0.689187 0.0185469 0.0315
0 0.337195 0.743167 0.0292031 0.013125
0 0.260727 0.620042 0.0381719 0.0425417
0 0.294703 0.440229 0.0355313 0.0910417
0 0.796461 0.326635 0.0297969 0.0703958
0 0.303281 0.699562 0.0152187 0.0542083
0 0.765586 0.586552 0.0214844 0.0889375
0 0.40418 0.454302 0.0257031 0.0477708
0 0.821336 0.709052 0.0127031 0.0177708
0 0.246281 0.512677 0.0324375 0.0457292
0 0.312047 0.529542 0.006875 0.0139167
0 0.790031 0.695396 0.0525625 0.062
0 0.61118 0.388073 0.0223906 0.00760417
0 0.430375 0.527167 0.00528125 0.00604167
0 0.707859 0.408219 0.0634062 0.104271
0 0.809648 0.738187 0.0287031 0.0591667
0 0.824273 0.503 0.0830469 0.0669583
0 0.263883 0.614885 0.0299531 0.0436458
0 0.607305 0.39275 0.0112031 0.00608333
0 0.384742 0.631969 0.0178594 0.0238125
0 0.81132 0.655281 0.0721719 0.0456042
0 0.598039 0.328948 0.0123906 0.0262708
0 0.318375 0.72775 0.0158438 0.0410833
0 0.577063 0.379531 0.0054375 0.00639583
