0 0.77735 0.278507 0.10634 0.11552
0 0.27959 0.398267 0.09114 0.151893
0 0.41311 0.785733 0.09162 0.123147
0 0.54626 0.441907 0.1094 0.155173
0 0.81832 0.37448 0.13488 0.126933
0 0.4194 0.16972 0.09764 0.12472
0 0.57667 0.88356 0.10342 0.135227
0 0.2942 0.62696 0.10264 0.114773
0 0.77787 0.62184 0.14346 0.16
0 0.47982 0.872787 0.09056 0.129627
0 0.23951 0.527893 0.10318 0.14976
0 0.79982 0.498547 0.12768 0.12248
0 0.60932 0.136347 0.09644 0.14352
0 0.75208 0.757667 0.12944 0.155173
0 0.32008 0.28384 0.10768 0.113333
0 0.33191 0.728973 0.12018 0.132293
0 0.64287 0.813093 0.1103 0.149333
0 0.49855 0.109773 0.09766 0.116187
0 0.69516 0.189787 0.10268 0.157013
