0 0.349031 0.846391 0.0125312 0.00974713
0 0.278703 0.902253 0.0118125 0.0188506
0 0.272359 0.895598 0.0078125 0.0355632
0 0.2995 0.910575 0.00825 0.00698851
0 0.373187 0.823437 0.0161563 0.0224138
0 0.308898 0.895851 0.0109531 0.0121609
0 0.306492 0.839069 0.0140469 0.011977
0 0.288266 0.849908 0.0125625 0.0101149
0 0.283203 0.869552 0.0125312 0.0128046
0 0.326914 0.871874 0.0137344 0.0196092
0 0.338836 0.897598 0.0113281 0.0254483
0 0.299703 0.882644 0.0115625 0.0154943
0 0.292391 0.888609 0.011375 0.0222759
0 0.314109 0.887586 0.0122188 0.0138391
0 0.373352 0.84708 0.0153594 0.0276322
0 0.329859 0.831931 0.0165313 0.0270345
0 0.349711 0.839713 0.0236406 0.0127586
0 0.344562 0.880126 0.0200313 0.0157931
0 0.290633 0.908057 0.0108594 0.0214023
0 0.34175 0.855678 0.0187812 0.0118621
0 0.378648 0.833034 0.0165781 0.0114483
0 0.337563 0.907793 0.0102188 0.0184368
0 0.364766 0.881276 0.014875 0.0103218
0 0.33618 0.834586 0.0151719 0.0151034
0 0.45782 0.841805 0.0245469 0.0133563
0 0.306867 0.850103 0.0117969 0.0128046
0 0.401242 0.81554 0.0123906 0.0146667
0 0.367781 0.875598 0.00696875 0.00512644
0 0.28143 0.880966 0.0113594 0.0176092
0 0.317148 0.898126 0.0124531 0.0105977
0 0.304953 0.82492 0.0106875 0.0157241
0 0.35568 0.883402 0.0140469 0.0151724
0 0.316023 0.85577 0.0119844 0.0115402
0 0.364148 0.889172 0.0103281 0.00666667
0 0.294852 0.834828 0.0134219 0.0236782
0 0.428086 0.81592 0.0165781 0.0110115
0 0.355625 0.872253 0.0171875 0.0156322
0 0.362289 0.815701 0.00979688 0.0347126
0 0.266977 0.899011 0.0114531 0.0424368
0 0.356914 0.853644 0.00992188 0.0103218
0 0.317898 0.907931 0.0164844 0.0153563
0 0.311383 0.863805 0.0107656 0.0115172
0 0.351062 0.904149 0.0149375 0.00871264
0 0.392234 0.79777 0.00578125 0.0115402
