2 0.856066 0.255391 0.0575644 0.0351562
2 0.918864 0.250031 0.0646136 0.024875
2 0.845761 0.280148 0.0575644 0.0345469
2 0.812717 0.243773 0.0392506 0.0307969
2 0.776628 0.221961 0.048103 0.0174531
2 0.908162 0.303437 0.0485012 0.0161563
2 0.82959 0.228797 0.0531382 0.0289375
2 0.94089 0.295477 0.0277283 0.0141406
2 0.731897 0.266773 0.0586885 0.0336719
2 0.922084 0.277867 0.0619204 0.0433281
2 0.953852 0.317797 0.0627869 0.03825
2 0.691616 0.247047 0.0261358 0.0270625
2 0.964286 0.273148 0.0386885 0.0343906
2 0.738162 0.238641 0.0513115 0.0364375
2 0.7763 0.247039 0.0590632 0.0357969
2 0.96582 0.29843 0.0394145 0.0209844
2 0.792693 0.276367 0.0638876 0.0359219
0 0.897049 0.608852 0.171054 0.0269531
0 0.613384 0.496289 0.195199 0.0448594
0 0.631159 0.568312 0.214778 0.053125
0 0.856054 0.5275 0.191686 0.0414062
0 0.650691 0.536 0.15445 0.0481562
0 0.947319 0.517523 0.0896721 0.0420781
0 0.857576 0.569078 0.219789 0.0413125
0 0.589461 0.613711 0.18267 0.0194219
0 0.568466 0.408234 0.0361827 0.0607812
0 0.839122 0.627914 0.286159 0.0370156
0 0.732728 0.46643 0.039555 0.0430781
0 0.447916 0.573266 0.0585012 0.0256563
0 0.459543 0.454844 0.123162 0.0744375
0 0.716405 0.58407 0.0728103 0.0357656
0 0.721522 0.438859 0.0299766 0.0342187
0 0.971874 0.525531 0.0562061 0.0554375
0 0.0483489 0.479383 0.0715457 0.0394844
0 0.586698 0.599086 0.190773 0.0222656
0 0.894379 0.485367 0.160141 0.0256719
0 0.463794 0.586477 0.0573302 0.0418281
0 0.852295 0.652156 0.259813 0.0495
0 0.61048 0.410781 0.0550117 0.0815
0 0.104672 0.444047 0.0952459 0.0185312
0 0.633536 0.54593 0.190539 0.0346406
0 0.747857 0.43557 0.0419906 0.0385156
0 0.599742 0.622781 0.161499 0.0266875
0 0.941429 0.462828 0.0857143 0.0558125
0 0.870129 0.583922 0.212529 0.0530625
0 0.734403 0.592305 0.0359719 0.0414531
0 0.90623 0.477086 0.134895 0.0327344
0 0.81541 0.454969 0.0346604 0.039
0 0.628173 0.461391 0.153911 0.0498125
0 0.853677 0.668945 0.246417 0.0484844
0 0.611979 0.587242 0.160492 0.0320781
0 0.246698 0.46818 0.0311944 0.0228281
0 0.761874 0.435688 0.0266979 0.0311875
0 0.0137471 0.540898 0.0274941 0.0358906
0 0.550457 0.425836 0.0595082 0.0947031
0 0.0234543 0.544648 0.0165574 0.0402969
0 0.856194 0.54225 0.208595 0.0293125
0 0.706674 0.469789 0.0404215 0.0357969
0 0.798255 0.48632 0.0440047 0.0455781
0 0.897857 0.509906 0.161663 0.031875
0 0.653934 0.520914 0.206698 0.0451719
0 0.953326 0.665477 0.0880094 0.0475781
0 0.686112 0.641344 0.0220609 0.025125
0 0.68055 0.628844 0.046534 0.0289687
0 0.771194 0.472305 0.0386885 0.0510469
0 0.756674 0.487641 0.0359251 0.0318437
0 0.684145 0.462797 0.0230913 0.0254063
0 0.510597 0.583484 0.046534 0.0310312
0 0.701756 0.43957 0.0239344 0.0404844
