1 0.44963 0.708827 0.00538 0.00661333
1 0.51849 0.731187 0.01698 0.0206133
1 0.65454 0.723747 0.01284 0.006
1 0.66404 0.710107 0.01032 0.0101867
1 0.44413 0.684813 0.01346 0.0211467
1 0.49202 0.688893 0.01072 0.00792
1 0.6238 0.69008 0.00992 0.01872
1 0.65181 0.696413 0.00822 0.0105333
1 0.63424 0.69316 0.01244 0.01496
1 0.49598 0.727733 0.01164 0.0197333
1 0.64465 0.692467 0.0103 0.00882667
1 0.50778 0.718053 0.0136 0.0170667
1 0.70355 0.67728 0.00702 0.00634667
1 0.49562 0.742573 0.0106 0.0106933
1 0.59297 0.69024 0.01126 0.00752
1 0.5051 0.73264 0.0126 0.0195733
1 0.64189 0.703573 0.01154 0.0125867
1 0.46936 0.70344 0.00764 0.0113067
1 0.69552 0.699147 0.0088 0.00992
1 0.49831 0.703067 0.0131 0.0128533
1 0.50429 0.68548 0.00962 0.0105867
1 0.73686 0.7018 0.00708 0.01112
1 0.66996 0.699667 0.00976 0.0161867
1 0.4763 0.723307 0.00612 0.00565333
1 0.61461 0.704373 0.01058 0.00672
1 0.60016 0.681 0.00936 0.0109067
1 0.69711 0.66588 0.0071 0.0052
1 0.69829 0.718773 0.01194 0.01232
1 0.63885 0.68396 0.00746 0.0107467
1 0.4902 0.720013 0.00848 0.01048
1 0.58904 0.6842 0.01472 0.01224
1 0.527 0.712187 0.00844 0.008
1 0.58292 0.7202 0.01228 0.0156533
1 0.44413 0.69784 0.01062 0.0128533
1 0.49638 0.714307 0.00772 0.00626667
1 0.46318 0.760253 0.01012 0.00754667
1 0.47219 0.6892 0.01222 0.0111467
1 0.67328 0.720093 0.0076 0.01096
1 0.45424 0.701013 0.009 0.00789333
1 0.4387 0.732733 0.01876 0.0249867
1 0.58371 0.732507 0.00702 0.0126933
1 0.67974 0.716413 0.0082 0.0169867
1 0.53759 0.69992 0.00738 0.00778667
1 0.68897 0.719347 0.00874 0.00978667
1 0.65535 0.713547 0.0071 0.00864
1 0.53953 0.71132 0.01226 0.0127733
1 0.61271 0.685187 0.00942 0.0138933
1 0.54808 0.704547 0.0064 0.00690667
1 0.48135 0.685867 0.01054 0.0162667
1 0.50541 0.69256 0.01198 0.00496
1 0.66433 0.7214 0.01094 0.0117067
1 0.48308 0.698587 0.01244 0.012
1 0.51873 0.7062 0.01054 0.0118667
1 0.58142 0.706307 0.01076 0.01128
