0 0.58655 0.74676 0.01642 0.0296267
0 0.81578 0.41024 0.01592 0.0212267
0 0.80294 0.809107 0.00676 0.0369333
0 0.77104 0.772747 0.02096 0.0151467
0 0.60675 0.262667 0.0437 0.0594133
0 0.34888 0.173787 0.2854 0.149707
0 0.66088 0.132587 0.04192 0.0571733
0 0.81092 0.793027 0.00644 0.0161867
0 0.91712 0.25676 0.07384 0.08392
0 0.76491 0.7418 0.0373 0.0296267
0 0.31886 0.330267 0.23312 0.27856
0 0.73506 0.25876 0.03652 0.0442933
0 0.06258 0.565813 0.06492 0.210187
0 0.79114 0.80556 0.01272 0.0238133
0 0.56478 0.213893 0.07096 0.0543467
0 1 0.816653 0.2 0.220613
0 0.80288 0.240867 0.04168 0.0711733
0 0.32742 0.572947 0.03592 0.04488
0 0.77204 0.62348 0.01272 0.0430133
0 0.66028 0.0426933 0.06616 0.0853867
0 0.5694 0.759627 0.01756 0.0206933
0 0.91865 0.384373 0.02854 0.0166933
0 0.7507 0.49236 0.00944 0.0188533
0 0.81079 0.169893 0.0523 0.0506133
0 0.57384 0.826547 0.01852 0.05256
0 0.69734 0.49836 0.02832 0.0503733
0 0.02129 0.576333 0.02662 0.112133
0 0.66557 0.820827 0.02134 0.0292267
0 0.07956 0.985707 0.03056 0.0265067
0 0.86975 0.47824 0.00842 0.0185067
0 0.5835 0.712947 0.01268 0.0361333
0 0.9884 0.79304 0.00948 0.0413867
0 0.59806 0.927387 0.019 0.06336
0 0.76753 0.0989733 0.0723 0.105627
0 0.57475 0.938293 0.01042 0.05424
0 0.74207 0.29584 0.02958 0.0421867
0 0.56077 0.315333 0.03638 0.0653333
0 0.81422 0.0687733 0.09576 0.10208
0 0.648 0.946533 0.02212 0.04848
0 0.42834 0.485947 0.03176 0.0450667
0 0.63044 0.460093 0.01904 0.0405067
0 0.70985 0.724733 0.03002 0.01256
0 0.09884 0.150827 0.19692 0.301013
0 0.83682 0.200613 0.05388 0.0405867
0 0.8836 0.43432 0.0154 0.02464
0 0.02037 0.717947 0.02674 0.0369067
0 0.8577 0.258293 0.06932 0.0779733
0 0.70356 0.2194 0.03788 0.0407733
0 0.42532 0.558093 0.02864 0.03864
0 0.71252 0.491067 0.01624 0.04592
0 0.01097 0.655227 0.02194 0.160267
0 0.80218 0.444853 0.0124 0.03696
0 0.0932 0.5064 0.11624 0.182347
0 0.79344 0.474973 0.00884 0.0156533
0 0.52885 0.777107 0.00826 0.03512
0 0.82341 0.35196 0.03126 0.0352267
0 0.11918 0.97788 0.02456 0.04424
0 0.49034 0.424467 0.06508 0.09416
0 0.67788 0.360893 0.10476 0.118587
0 0.90224 0.110667 0.13964 0.09792
0 0.60219 0.83624 0.03622 0.0610667
0 0.58527 0.42528 0.02586 0.0459733
0 0.56957 0.98344 0.02086 0.03152
0 0.43349 0.412013 0.10934 0.186587
0 0.64249 0.732187 0.02018 0.04128
0 0.34648 0.257053 0.28256 0.178747
0 0.7597 0.611787 0.01308 0.0371733
0 0.24202 0.684667 0.0252 0.0256533
0 0.39177 0.237973 0.12942 0.07264
0 0.77778 0.788587 0.01808 0.0136
0 0.72711 0.511027 0.00866 0.02616
0 0.7379 0.991133 0.0162 0.0147467
0 0.68857 0.301707 0.14142 0.0765333
0 0.75217 0.762107 0.0377 0.04256
0 0.52528 0.327427 0.14756 0.16456
0 0.65293 0.721693 0.0129 0.0482933
0 0.57097 0.277827 0.09154 0.115653
0 0.77233 0.4216 0.02346 0.0369067
0 0.09058 0.249547 0.17768 0.329227
0 0.78322 0.237867 0.01952 0.0720533
0 0.71606 0.748933 0.00932 0.00634667
0 0.75353 0.595853 0.01878 0.0225867
0 0.79768 0.497653 0.00844 0.0162133
0 0.71443 0.826333 0.01346 0.0192267
0 0.80874 0.762747 0.01 0.01872
0 0.7974 0.774107 0.01308 0.0158933
0 0.73923 0.45968 0.02486 0.04368
0 0.58566 0.196147 0.11088 0.0569333
0 0.80807 0.720467 0.01166 0.0102667
0 0.07119 0.30588 0.14238 0.256507
0 0.77729 0.827533 0.04482 0.02104
0 0.59237 0.821493 0.01566 0.0385067
0 0.83133 0.465373 0.0075 0.0153867
0 0.10999 0.629307 0.0541 0.0662933
0 0.48088 0.26028 0.03588 0.03448
0 0.77491 0.48624 0.01354 0.0242133
0 0.75142 0.980907 0.015 0.0279467
0 0.71074 0.95028 0.03324 0.04616
0 0.1023 0.976467 0.01632 0.0470667
0 0.88302 0.01592 0.10708 0.03184
0 0.22582 0.576453 0.03784 0.141813
0 0.72788 0.706787 0.02924 0.0233333
0 0.79135 0.437827 0.0131 0.0238133
0 0.81845 0.757947 0.00754 0.0269867
0 0.69435 0.408467 0.0377 0.0489333
0 0.70306 0.16488 0.04212 0.08256
0 0.18663 0.657733 0.05026 0.0456533
0 0.65875 0.392107 0.08958 0.126987
0 0.26198 0.64716 0.04092 0.0516
0 0.54767 0.834147 0.0143 0.0190667
0 0.48833 0.353387 0.12034 0.154827
0 0.60025 0.66872 0.0263 0.0158933
0 0.70868 0.0962533 0.06604 0.098
0 0.86782 0.161027 0.125 0.0948533
0 0.56129 0.46976 0.04966 0.0504
0 0.77416 0.735347 0.02832 0.0241333
0 0.85085 0.33744 0.03694 0.0630933
0 0.12515 0.675493 0.03026 0.0261333
0 0.90896 0.389693 0.0276 0.0304267
0 0.79863 0.741653 0.00842 0.0125867
0 0.82616 0.45304 0.00904 0.0112533
0 0.76414 0.709253 0.0108 0.0186133
0 0.36393 0.579933 0.02682 0.0344267
0 0.02646 0.677253 0.02324 0.0564267
0 0.80382 0.49144 0.00708 0.00944
0 0.25656 0.57632 0.06024 0.101973
0 0.72064 0.738773 0.03592 0.01456
0 0.89979 0.363333 0.01462 0.0179733
0 0.7713 0.511867 0.00964 0.0162133
0 0.88873 0.221947 0.0663 0.0410667
0 0.53669 0.785747 0.01194 0.0468533
0 0.85127 0.423187 0.0095 0.0360267
0 0.6456 0.9758 0.02432 0.0484
0 0.52287 0.785307 0.0149 0.0330667
0 0.69894 0.987973 0.02232 0.0240533
0 0.85326 0.380307 0.01596 0.03848
0 0.89537 0.41064 0.01634 0.0146133
0 0.01344 0.503173 0.02688 0.141813
0 0.66056 0.735253 0.01712 0.0346133
0 0.19311 0.61008 0.0407 0.0448
0 0.73146 0.84312 0.01808 0.00922667
0 0.66806 0.483453 0.01884 0.0341067
0 0.58022 0.749867 0.00904 0.0222933
0 0.88096 0.31556 0.01616 0.0443467
0 0.71229 0.44444 0.02202 0.03544
0 0.9633 0.228213 0.0734 0.08144
0 0.75363 0.827613 0.0221 0.0348
0 0.97465 0.0134933 0.0507 0.0269867
0 0.87116 0.408667 0.01376 0.0306667
0 0.73681 0.9686 0.01558 0.0341067
0 0.78845 0.721147 0.0123 0.0346133
0 0.74652 0.398547 0.03328 0.0283467
0 0.12342 0.6042 0.05556 0.0505867
0 0.66815 0.990613 0.02302 0.0187733
0 0.74435 0.493253 0.00794 0.02048
0 0.66176 0.977053 0.02924 0.0458933
0 0.15014 0.977653 0.03072 0.0446933
0 0.60292 0.445267 0.01848 0.09304
0 0.71099 0.76836 0.01738 0.0231733
0 0.77463 0.31936 0.03418 0.04128
0 0.75596 0.421773 0.0284 0.0241333
0 0.31931 0.859613 0.00538 0.0135733
0 0.83885 0.43732 0.01126 0.0150133
0 0.90096 0.425947 0.01808 0.0235733
0 0.6033 0.735027 0.00564 0.00866667
0 0.74488 0.438133 0.02828 0.0264
0 0.5013 0.784613 0.01992 0.02416
0 0.34758 0.583587 0.01924 0.0353867
0 0.61734 0.74412 0.01016 0.0205067
0 0.97711 0.274453 0.04302 0.0298667
0 0.73116 0.487613 0.01904 0.0366667
0 0.99087 0.109853 0.01826 0.03704
0 0.71008 0.259133 0.0278 0.0497867
0 0.15724 0.657013 0.04232 0.07296
0 0.74288 0.802653 0.00708 0.0183733
0 0.29592 0.567987 0.05436 0.0656267
0 0.52431 0.50308 0.04462 0.06616
0 0.58732 0.69004 0.01196 0.0159733
0 0.34364 0.543147 0.02388 0.0304533
0 0.84023 0.450893 0.01962 0.0166667
0 0.485 0.49248 0.0346 0.0402667
0 0.75365 0.213627 0.05358 0.0976
0 0.91819 0.344413 0.0349 0.0276533
0 0.59242 0.717747 0.00904 0.0115467
0 0.62867 0.731027 0.01854 0.0481333
0 0.79433 0.817187 0.00834 0.0169333
0 0.63186 0.703613 0.00924 0.0251467
0 0.78153 0.5166 0.01278 0.0161867
0 0.80986 0.298653 0.04128 0.09864
0 0.29946 0.441787 0.09884 0.19936
0 0.34258 0.11384 0.27212 0.105653
0 0.50017 0.201213 0.06582 0.0934133
0 0.82325 0.385133 0.01826 0.04104
0 0.61954 0.9458 0.01096 0.0617867
0 0.65371 0.09136 0.0419 0.0472
0 0.3834 0.43144 0.0776 0.265813
0 0.7186 0.72184 0.0304 0.0250133
0 0.03071 0.346813 0.06142 0.164827
0 0.74636 0.166107 0.05232 0.0730667
0 0.17589 0.985987 0.02066 0.0265333
0 0.79618 0.367373 0.04336 0.0561333
0 0.86739 0.459747 0.00922 0.0230667
0 0.55866 0.42784 0.04404 0.0408
0 0.78105 0.62076 0.0125 0.0310133
0 0.72585 0.4574 0.00626 0.00781333
0 0.51531 0.808773 0.00654 0.0239467
0 0.75586 0.748027 0.03472 0.0322667
0 0.65128 0.472947 0.00884 0.0382133
0 0.79189 0.784493 0.0175 0.0157067
0 0.31449 0.838693 0.01102 0.0408
0 0.68106 0.982453 0.02124 0.0307733
0 0.76508 0.6174 0.0096 0.0492533
0 0.76739 0.44228 0.01982 0.02712
0 0.89753 0.445987 0.0105 0.0164
0 0.61659 0.724987 0.01358 0.0358933
0 0.71591 0.761347 0.04042 0.03448
0 0.88701 0.370947 0.01966 0.0169867
0 0.53262 0.752187 0.02096 0.0241067
0 0.79691 0.727053 0.00962 0.0335733
0 0.76817 0.987893 0.01826 0.0242133
0 0.91264 0.311507 0.07148 0.0374133
0 0.68629 0.495893 0.0271 0.03696
0 0.88614 0.410387 0.01636 0.0258933
0 0.82912 0.420773 0.00732 0.01232
0 0.4928 0.80624 0.02032 0.0262933
0 0.72391 0.807067 0.01266 0.0248533
0 0.53883 0.46128 0.04442 0.0630933
0 0.16539 0.48304 0.09146 0.2256
0 0.92711 0.05768 0.14306 0.102613
0 0.23878 0.46832 0.119 0.199253
0 0.58018 0.851853 0.02 0.0230667
0 0.21594 0.674747 0.01212 0.0177067
0 0.59763 0.721787 0.01422 0.0241067
0 0.52662 0.807053 0.01444 0.0382133
0 0.71863 0.985827 0.01246 0.0264267
0 0.59291 0.986813 0.01374 0.0263733
0 0.91278 0.417827 0.01928 0.0169867
0 0.62971 0.947733 0.01294 0.0624
0 0.81369 0.442293 0.00938 0.01248
0 0.68602 0.746867 0.02388 0.02216
0 0.87908 0.472227 0.0136 0.0185333
0 0.55818 0.800907 0.0156 0.0374933
0 0.7746 0.27756 0.03944 0.09768
0 0.70941 0.808213 0.01826 0.0215467
0 0.56476 0.732853 0.02096 0.0363733
0 0.88884 0.348373 0.01836 0.0333867
0 0.09676 0.197307 0.19352 0.344747
0 0.79355 0.747453 0.00966 0.0132
0 0.76494 0.49504 0.0134 0.0171733
0 0.19321 0.249547 0.0305 0.15376
0 0.16575 0.596627 0.02998 0.0513867
0 0.81489 0.814493 0.01306 0.0258933
0 0.74074 0.381453 0.03304 0.0214667
0 0.60643 0.694867 0.00482 0.0169333
0 0.55149 0.764453 0.01438 0.01952
0 0.52094 0.0366 0.03256 0.02584
0 0.90561 0.535707 0.01578 0.0149867
0 0.8697 0.379867 0.01428 0.02176
0 0.85552 0.31572 0.04692 0.04296
0 0.62485 0.986373 0.0187 0.0272533
0 0.602 0.655853 0.01616 0.01512
0 0.78003 0.47548 0.0079 0.0228
0 0.70475 0.820773 0.00634 0.01024
0 0.60385 0.961013 0.0195 0.05008
0 0.91085 0.362947 0.01306 0.0233333
0 0.85706 0.449747 0.01692 0.02152
0 0.67787 0.515773 0.01826 0.0135733
