0 0.411531 0.638255 0.0805625 0.0718267
0 0.395141 0.72377 0.073875 0.0762529
0 0.448922 0.777986 0.0693438 0.099719
0 0.382281 0.789953 0.0812812 0.0954098
0 0.372352 0.669766 0.0758281 0.0613583
0 0.327898 0.753501 0.0733906 0.105082
0 0.450617 0.700129 0.0655156 0.0848478
1 0.370477 0.425691 0.0829531 0.113162
1 0.257156 0.442225 0.03125 0.0566745
1 0.363758 0.490234 0.0775469 0.0960187
1 0.296937 0.478513 0.0625 0.162459
1 0.300852 0.419801 0.0838906 0.0861593
1 0.327648 0.456534 0.0396719 0.0387354
1 0.356703 0.531909 0.0599688 0.0559016
