2 0.60907 0.347313 0.0530781 0.0433333
2 0.496031 0.353385 0.0451875 0.0174375
2 0.425719 0.674406 0.0605625 0.0659792
2 0.303945 0.438583 0.0645156 0.0286667
2 0.612727 0.500521 0.0613594 0.051875
2 0.427102 0.40449 0.0352031 0.0253958
2 0.422195 0.307188 0.0272969 0.00666667
2 0.365125 0.31674 0.0605313 0.0149792
2 0.271094 0.383719 0.0173125 0.0274375
2 0.641539 0.684167 0.0731094 0.0735833
2 0.826094 0.680458 0.0715313 0.04325
2 0.530484 0.401615 0.0558125 0.0188542
2 0.852633 0.861802 0.101359 0.116604
2 0.447359 0.647115 0.0583438 0.0673958
2 0.328391 0.386271 0.038125 0.0357917
2 0.359492 0.585927 0.0435156 0.0667708
2 0.331234 0.282687 0.0176875 0.0233333
2 0.418141 0.38049 0.0211562 0.0356042
2 0.471617 0.289365 0.0380781 0.0274375
2 0.419977 0.316083 0.0547969 0.015125
2 0.458383 0.95824 0.117078 0.0835208
2 0.319023 0.34875 0.0925156 0.0310833
2 0.409453 0.423469 0.0365625 0.0360208
2 0.281812 0.778208 0.0827187 0.085125
