0 0.449023 0.509792 0.115109 0.118625
0 0.107266 0.310604 0.0508438 0.0574167
0 0.754055 0.220635 0.0777656 0.0322708
0 0.163633 0.330781 0.0251406 0.0260625
0 0.867125 0.286094 0.060625 0.0728542
0 0.0857109 0.38074 0.112891 0.119438
0 0.709898 0.333333 0.104297 0.0370417
0 0.983367 0.310229 0.0332656 0.05
0 0.954422 0.268635 0.0911563 0.0858958
0 0.148703 0.225438 0.087125 0.119375
0 0.893617 0.205021 0.0657969 0.0589583
0 0.174984 0.31051 0.0665313 0.152312
0 0.0671016 0.323719 0.0409531 0.0305208
0 0.0783281 0.367 0.108062 0.0558333
0 0.132352 0.321719 0.0503906 0.0638542
0 0.937586 0.338198 0.0515781 0.0669792
0 0.571289 0.271 0.0479531 0.05775
0 0.104703 0.22 0.1 0.04975
