2 0.483075 0.662125 0.0206832 0.018875
2 0.422484 0.680953 0.0258385 0.0136562
2 0.509803 0.687703 0.0310766 0.0144687
2 0.487133 0.701586 0.0295859 0.0194844
2 0.496832 0.676773 0.0286128 0.0144844
2 0.470756 0.686633 0.0292547 0.0146094
2 0.414306 0.716148 0.0472878 0.0169219
2 0.50324 0.659453 0.0298758 0.0255937
2 0.459337 0.708266 0.0366874 0.02125
2 0.43176 0.673344 0.0337888 0.0211562
2 0.454886 0.674641 0.0201242 0.0200938
2 0.467629 0.73782 0.0306211 0.0289844
2 0.490166 0.73807 0.0173499 0.0269219
2 0.414969 0.690953 0.0340373 0.018375
2 0.552764 0.698937 0.0270186 0.0148125
2 0.534586 0.67325 0.0340166 0.0161563
2 0.521977 0.666031 0.0367495 0.015125
2 0.528954 0.719234 0.0451139 0.0167813
2 0.452029 0.735578 0.0354451 0.0267188
2 0.539265 0.685195 0.0353002 0.0152969
2 0.422319 0.726922 0.0412422 0.0198438
2 0.480455 0.715844 0.0257971 0.0194375
2 0.49647 0.685641 0.0210973 0.0123125
2 0.493406 0.713719 0.0265217 0.01975
2 0.453002 0.693211 0.0481159 0.0205781
2 0.533716 0.712562 0.0493375 0.0179375
2 0.467484 0.657711 0.0173292 0.0145156
2 0.436066 0.734648 0.0330435 0.0243594
2 0.473447 0.67275 0.0263147 0.0164063
2 0.523168 0.725125 0.0309731 0.0189687
2 0.508954 0.733758 0.0233747 0.0296406
2 0.409596 0.70293 0.0404762 0.0220469
2 0.514938 0.698258 0.0266874 0.0139531
2 0.435714 0.664484 0.0241408 0.0176875
2 0.539327 0.69718 0.0238302 0.0128281
