0 0.771094 0.158896 0.0192187 0.0505417
0 0.524281 0.154802 0.0315625 0.0466875
0 0.465219 0.177448 0.0599688 0.104979
0 0.600953 0.287323 0.035625 0.262437
0 0.659641 0.37826 0.107937 0.286896
0 0.482266 0.360292 0.122844 0.362958
0 0.402531 0.176906 0.0903438 0.105312
0 0.385344 0.352958 0.0944375 0.372917
0 0.611758 0.371635 0.147891 0.336688
0 0.22057 0.152365 0.0318906 0.0443958
0 0.760859 0.315 0.140313 0.33525
0 0.238945 0.264927 0.0812344 0.111479
0 0.29143 0.392625 0.203359 0.294
0 0.343664 0.338646 0.0647969 0.311458
0 0.760938 0.380844 0.151781 0.336146
0 0.0969062 0.392375 0.104281 0.28425
0 0.726063 0.145229 0.0761875 0.0526667
0 0.425555 0.130573 0.0667344 0.0583958
0 0.0226797 0.403115 0.0453594 0.173854
0 0.183867 0.147031 0.0645156 0.0563958
0 0.71625 0.390813 0.117406 0.311042
0 0.677133 0.145417 0.155453 0.14775
0 0.162703 0.400396 0.127188 0.268875
0 0.283852 0.276813 0.0525156 0.197333
0 0.179852 0.11876 0.0543906 0.0973958
0 0.250852 0.20024 0.0327344 0.127937
0 0.540047 0.145875 0.0182187 0.0372083
0 0.260539 0.150198 0.0158594 0.0418542
0 0.560477 0.373396 0.155734 0.338125
0 0.242297 0.400812 0.166125 0.272958
0 0.489398 0.169969 0.0373906 0.0600625
0 0.682617 0.184198 0.144578 0.171854
0 0.27968 0.137635 0.0457656 0.0669792
