0 0.72687 0.54788 0.04738 0.02712
0 0.44133 0.673467 0.0375 0.0664
0 0.6617 0.693093 0.02664 0.0938667
0 0.56769 0.571093 0.05526 0.0578133
0 0.43189 0.686053 0.0351 0.0758933
0 0.43679 0.605413 0.0515 0.05792
0 0.48722 0.614693 0.05208 0.05376
0 0.41216 0.699587 0.03672 0.0928267
0 0.49043 0.668347 0.0537 0.07392
0 0.56301 0.574053 0.0455 0.04112
0 0.53696 0.604107 0.01768 0.0666667
0 0.58312 0.679787 0.05344 0.0670933
0 0.36059 0.704627 0.02814 0.0799733
0 0.6882 0.69268 0.02048 0.0636
0 0.49877 0.56284 0.04442 0.03288
0 0.39454 0.709213 0.01268 0.0790667
0 0.45125 0.664707 0.01666 0.0410933
0 0.50828 0.578733 0.02888 0.0454133
0 0.63102 0.685973 0.03764 0.0932267
0 0.37402 0.699613 0.01404 0.0658933
0 0.72424 0.566947 0.0556 0.05416
0 0.70994 0.67552 0.0316 0.0498133
0 0.52113 0.592533 0.0175 0.0492267
0 0.48297 0.5414 0.02694 0.01256
0 0.52343 0.6972 0.04638 0.0841067
0 0.47635 0.556787 0.02098 0.01208
0 0.68065 0.5972 0.01698 0.0801067
0 0.46731 0.534587 0.01614 0.00848
0 0.65653 0.590773 0.03866 0.0810133
0 0.55098 0.585253 0.02844 0.05936
0 0.42317 0.6158 0.03634 0.0612
0 0.36409 0.59888 0.04094 0.0430933
0 0.35138 0.69964 0.0406 0.0852533
0 0.7187 0.577773 0.04556 0.04744
0 0.64423 0.689093 0.03502 0.0975467
0 0.70895 0.587973 0.03154 0.07776
0 0.40395 0.614147 0.02402 0.0579467
0 0.72366 0.670013 0.04364 0.0605067
0 0.58982 0.610027 0.05428 0.0303467
0 0.34053 0.679907 0.0447 0.0720267
0 0.54444 0.6976 0.02192 0.0810133
0 0.49128 0.642827 0.05596 0.0517867
0 0.74182 0.646787 0.03992 0.0406667
0 0.49487 0.675933 0.05078 0.06824
0 0.59104 0.631053 0.02408 0.01112
0 0.46022 0.647187 0.01396 0.01224
0 0.58762 0.638573 0.06144 0.0361333
0 0.35803 0.58268 0.05794 0.0430133
0 0.43643 0.590893 0.05346 0.0464267
0 0.49862 0.575093 0.04464 0.0433067
0 0.64305 0.571067 0.05302 0.0787733
0 0.50527 0.69692 0.04654 0.0881867
0 0.73401 0.660773 0.03994 0.0562133
0 0.37407 0.61636 0.02978 0.0558667
0 0.34371 0.69472 0.04058 0.0769067
