0 0.624773 0.818732 0.0749844 0.232254
0 0.199875 0.928521 0.060625 0.142958
0 0.411352 0.785481 0.0314219 0.126033
0 0.0398984 0.724883 0.0314844 0.171502
0 0.581852 0.976279 0.0326094 0.0442488
0 0.547578 0.688592 0.05225 0.216761
0 0.9635 0.68966 0.0599063 0.0849061
0 0.350617 0.69784 0.0427656 0.1677
0 0.433 0.968357 0.0540937 0.0606573
0 0.994594 0.795399 0.0108125 0.0940376
0 0.864484 0.892641 0.088 0.214718
0 0.440156 0.853521 0.0349062 0.153192
0 0.616273 0.633474 0.0362969 0.155915
0 0.0927031 0.894519 0.0458438 0.210962
0 0.633156 0.651033 0.0188125 0.0997183
0 0.0473047 0.899883 0.0505469 0.200235
0 0.491375 0.852958 0.0409687 0.124742
0 0.572289 0.642101 0.0772344 0.157958
0 0.411055 0.67831 0.0627031 0.143991
0 0.0775 0.700904 0.049625 0.131573
0 0.49368 0.9523 0.0837969 0.0953991
0 0.844477 0.900646 0.0789844 0.197441
0 0.92868 0.884178 0.0724844 0.178873
0 0.767422 0.811162 0.0587188 0.0642019
0 0.340797 0.969765 0.0490312 0.0604695
0 0.247375 0.980387 0.0183125 0.0392254
0 0.381094 0.879953 0.0353438 0.115446
0 0.526875 0.795939 0.111 0.211174
0 0.783 0.922688 0.04075 0.0955634
0 0.581695 0.927993 0.0527344 0.144014
0 0.308531 0.793122 0.032875 0.148685
0 0.307867 0.677688 0.0572344 0.177817
0 0.738531 0.937054 0.0440313 0.122934
0 0.954328 0.788803 0.0679687 0.120423
0 0.598336 0.78257 0.0722969 0.17162
0 0.858734 0.741925 0.0297187 0.148826
0 0.183812 0.696009 0.0304687 0.111784
0 0.947703 0.702934 0.04625 0.0894836
0 0.412883 0.883779 0.0644844 0.146808
0 0.481453 0.645822 0.0631875 0.0860094
0 0.196773 0.811702 0.0284844 0.0856573
0 0.944688 0.870669 0.0900938 0.149272
0 0.887562 0.743263 0.062875 0.156667
0 0.15332 0.741385 0.0529219 0.202254
0 0.9795 0.848345 0.041 0.191291
0 0.192828 0.91561 0.053875 0.168779
0 0.141555 0.726714 0.0817031 0.20061
0 0.813844 0.898263 0.0729062 0.199953
0 0.345313 0.892864 0.035625 0.149061
0 0.24007 0.9002 0.0377344 0.0817606
0 0.207508 0.961244 0.0580469 0.076385
0 0.0685156 0.706596 0.0472813 0.106197
0 0.170258 0.882406 0.0514844 0.235188
0 0.954398 0.824073 0.0425469 0.157441
0 0.470211 0.672171 0.0518906 0.110258
0 0.272422 0.92338 0.063375 0.143474
0 0.42375 0.659577 0.0241875 0.106901
0 0.104055 0.782077 0.0386406 0.0847653
0 0.378492 0.678275 0.0361406 0.144718
0 0.124664 0.892277 0.0797656 0.21385
0 0.928 0.728122 0.0435 0.119108
0 0.383727 0.745845 0.0371094 0.071831
0 0.850836 0.595423 0.0302031 0.1
0 0.878133 0.608169 0.0442969 0.162347
0 0.649062 0.930434 0.0764688 0.139131
0 0.518281 0.976455 0.0645312 0.0470892
0 0.517141 0.850505 0.0734062 0.13946
0 0.566539 0.662899 0.0479219 0.163028
0 0.616445 0.931585 0.0548906 0.136831
0 0.712477 0.931138 0.0687031 0.137019
0 0.369172 0.981315 0.0226875 0.0373709
0 0.190961 0.774847 0.0265781 0.0596009
0 0.913898 0.738627 0.0207969 0.120681
0 0.207914 0.690716 0.0532656 0.142418
0 0.254172 0.722911 0.0448125 0.223709
0 0.441141 0.678709 0.029875 0.118685
0 0.0183828 0.765857 0.0367656 0.221338
0 0.484352 0.747077 0.0457031 0.106925
0 0.287406 0.678521 0.028375 0.13723
0 0.903281 0.887113 0.0584375 0.193474
0 0.459727 0.881455 0.0364219 0.179906
0 0.277711 0.973908 0.0555469 0.0503052
0 0.648344 0.827113 0.0495625 0.21615
0 0.847375 0.747465 0.0270312 0.159859
0 0.432312 0.767312 0.0475 0.0972066
0 0.320195 0.904026 0.0600781 0.191948
0 0.386039 0.979812 0.0144531 0.0384977
0 0.955633 0.975164 0.0320469 0.0153521
