0 0.299044 0.619771 0.0313562 0.0149346
0 0.568391 0.744477 0.0326634 0.0305229
0 0.244828 0.521397 0.0131209 0.0180229
0 0.415065 0.665531 0.0201634 0.0235131
0 0.231732 0.502712 0.0162745 0.00905229
0 0.474158 0.710891 0.0157026 0.0147549
0 0.553007 0.804526 0.034085 0.0225163
0 0.510621 0.703276 0.0135621 0.0131536
0 0.815343 0.94643 0.0318954 0.0278268
0 0.490539 0.714894 0.0231373 0.0274673
0 0.417386 0.710882 0.0440196 0.0158497
0 0.351471 0.612966 0.0258824 0.0193627
0 0.161658 0.449918 0.00998366 0.01
0 0.227214 0.582712 0.0260294 0.0241503
0 0.607614 0.779747 0.0128105 0.0171732
0 0.336846 0.578922 0.0151961 0.0208824
0 0.381185 0.664281 0.0355392 0.0304575
0 0.194902 0.55652 0.0186928 0.0106209
0 0.818611 0.965588 0.032549 0.014183
0 0.373995 0.607288 0.0203105 0.0154902
0 0.42634 0.671675 0.0237255 0.018317
0 0.588791 0.867304 0.059281 0.0323203
0 0.544493 0.794126 0.0294771 0.0210621
0 0.703252 0.841667 0.0380392 0.0226471
0 0.788881 0.939665 0.0522712 0.0310621
0 0.317933 0.616046 0.020049 0.0180392
0 0.235278 0.565229 0.0190523 0.0119608
0 0.256708 0.6075 0.0187418 0.0187582
0 0.411193 0.651667 0.0169608 0.0172876
0 0.471405 0.728717 0.0138889 0.0228595
0 0.703799 0.906242 0.0389379 0.0404575
0 0.622067 0.799559 0.0207353 0.0225163
0 0.205588 0.528113 0.020098 0.0134804
0 0.454739 0.723758 0.0206536 0.0319281
0 0.271757 0.531095 0.0114216 0.00934641
0 0.488505 0.674967 0.0191667 0.0161765
0 0.53366 0.747459 0.0316667 0.0206046
0 0.133995 0.462533 0.00939542 0.00686275
0 0.861119 0.935114 0.058415 0.0284967
0 0.118881 0.455368 0.0123039 0.00792484
0 0.22384 0.563268 0.0238235 0.0155882
0 0.647492 0.804216 0.0235458 0.0264379
0 0.796217 0.891062 0.0286438 0.0173856
0 0.299011 0.598627 0.0185784 0.02
0 0.164828 0.45884 0.00985294 0.00480392
0 0.504126 0.685662 0.0284804 0.0126307
0 0.0925327 0.466618 0.0117647 0.0077451
0 0.537443 0.784003 0.0267157 0.0139869
0 0.281806 0.573342 0.0142974 0.0172059
0 0.577149 0.810098 0.0329575 0.0187908
0 0.713317 0.872271 0.0945425 0.0397059
0 0.513587 0.709779 0.022598 0.0170098
0 0.399232 0.68201 0.064902 0.0243464
0 0.463064 0.661977 0.0164869 0.0164706
0 0.588399 0.817075 0.0360784 0.0137255
0 0.106201 0.457435 0.0238072 0.0148039
0 0.219812 0.53826 0.0120098 0.0147876
0 0.27143 0.60848 0.0131536 0.0155229
0 0.197353 0.567614 0.0248366 0.0168627
0 0.250123 0.566871 0.0155065 0.0126961
0 0.389673 0.615605 0.0254575 0.020915
0 0.265833 0.537647 0.0174183 0.0131373
0 0.42973 0.650768 0.0173366 0.0131699
0 0.580997 0.829363 0.0470261 0.0265359
0 0.185605 0.475613 0.00816993 0.00619281
0 0.452108 0.711552 0.0268954 0.0143791
0 0.80219 0.9104 0.0553922 0.027402
0 0.662802 0.826944 0.0319444 0.0304248
0 0.606544 0.800776 0.0268791 0.0292647
0 0.318946 0.556487 0.0218791 0.0229085
0 0.265212 0.584485 0.0229412 0.0100163
0 0.455768 0.669698 0.0189869 0.0143954
0 0.388905 0.649093 0.0433007 0.0246895
0 0.635261 0.838971 0.0321242 0.0175163
0 0.247369 0.607631 0.019085 0.0119281
0 0.154118 0.467377 0.0165033 0.0103431
0 0.47902 0.660907 0.0173203 0.018219
0 0.306577 0.606536 0.0130556 0.0146732
0 0.456912 0.686275 0.027549 0.0221242
0 0.754208 0.893031 0.0479902 0.0822386
0 0.624706 0.845286 0.0155882 0.0182843
0 0.487941 0.744518 0.0377124 0.0192647
0 0.398815 0.665114 0.0189706 0.0146405
0 0.296038 0.542279 0.0284804 0.0106046
0 0.841797 0.944297 0.0377778 0.0304902
0 0.619502 0.904935 0.0952124 0.0262745
0 0.633562 0.784796 0.0361438 0.0283824
0 0.556364 0.725891 0.0321405 0.0164216
0 0.253162 0.52424 0.00576797 0.00423203
0 0.270286 0.554771 0.019232 0.0179412
0 0.66665 0.911895 0.025915 0.0395425
0 0.698039 0.825466 0.0228105 0.0118791
0 0.295678 0.578015 0.0124673 0.00531046
0 0.323619 0.588546 0.0133497 0.0173203
0 0.137459 0.436732 0.0181536 0.00604575
0 0.145899 0.462345 0.0104248 0.00730392
0 0.516193 0.756822 0.0269608 0.0172712
0 0.721405 0.895114 0.0225817 0.0219281
0 0.740833 0.955482 0.0416667 0.0287092
0 0.4971 0.701667 0.014232 0.0178758
0 0.539093 0.72799 0.0187745 0.0108497
0 0.607941 0.825343 0.0294444 0.0158497
0 0.579436 0.850613 0.0603431 0.0222712
0 0.525833 0.694412 0.021732 0.0112418
0 0.444886 0.653121 0.0203922 0.0162745
0 0.669461 0.867974 0.0282026 0.0275163
0 0.551087 0.738824 0.0203758 0.022549
0 0.277361 0.618391 0.0238072 0.0177288
0 0.126413 0.476462 0.0204412 0.00890523
0 0.218701 0.503096 0.00714052 0.00740196
0 0.651111 0.88152 0.0229412 0.0212745
0 0.72165 0.937631 0.0448366 0.0177124
0 0.248072 0.506234 0.0155229 0.00838235
0 0.645384 0.920106 0.0340033 0.0291993
0 0.429101 0.702394 0.0200327 0.00867647
0 0.640686 0.858987 0.033366 0.0229412
0 0.111732 0.447778 0.00601307 0.00810458
0 0.771324 0.8946 0.0306863 0.0354412
0 0.483301 0.690989 0.0230719 0.019134
0 0.242704 0.548047 0.0184804 0.014134
0 0.104453 0.469469 0.0151144 0.0115196
0 0.140531 0.483252 0.00838235 0.00732026
0 0.206087 0.510302 0.0160294 0.0109314
