2 0.0513115 0.688094 0.061452 0.0495
2 0.864438 0.270133 0.1374 0.0763281
2 0.277939 0.41968 0.0710539 0.0530156
2 0.120445 0.66707 0.0822951 0.0871719
2 0.662155 0.257023 0.0812178 0.0533594
2 0.845761 0.493773 0.122857 0.0615156
2 0.585492 0.534641 0.06274 0.0260312
2 0.506054 0.174563 0.122225 0.0650625
2 0.748724 0.281844 0.0992272 0.03175
2 0.16397 0.13757 0.0777752 0.0558281
2 0.0426347 0.635664 0.0852693 0.0599844
2 0.390585 0.366867 0.0644965 0.0433281
2 0.612178 0.0596719 0.0557845 0.037375
2 0.628618 0.46207 0.0881967 0.0438594
2 0.306862 0.110469 0.139906 0.11725
2 0.0110539 0.670523 0.0221077 0.0768594
2 0.664133 0.432047 0.123162 0.0256563
