0 0.435578 0.284875 0.0365313 0.0784583
0 0.628656 0.238458 0.0276875 0.0620417
0 0.635969 0.452115 0.0449375 0.0845208
0 0.720141 0.521667 0.0310937 0.08025
0 0.450172 0.241802 0.0448125 0.0558958
0 0.781727 0.248521 0.0442344 0.0882083
0 0.657617 0.457521 0.0549219 0.0680833
0 0.744227 0.234469 0.0371406 0.0771875
0 0.515875 0.237031 0.0253125 0.0765208
0 0.526047 0.24175 0.02875 0.0655
0 0.713703 0.452698 0.0208438 0.0684375
0 0.559617 0.441969 0.0570156 0.0933542
0 0.659695 0.441458 0.0219531 0.070375
0 0.733047 0.528938 0.0281875 0.0827917
0 0.482625 0.2395 0.0306563 0.0644583
0 0.619383 0.445021 0.0503906 0.0879583
0 0.657984 0.245531 0.0552813 0.0523542
0 0.799797 0.238333 0.0151875 0.0577083
0 0.763992 0.242385 0.0343281 0.0861458
0 0.567484 0.444365 0.0598125 0.0841042
0 0.590945 0.249104 0.0396094 0.055625
0 0.644406 0.229917 0.0138437 0.0464167
0 0.539086 0.240896 0.0501719 0.0638333
0 0.691602 0.454229 0.0543594 0.078125
0 0.566 0.240771 0.02 0.0605
0 0.544023 0.23 0.0134531 0.0461667
0 0.804656 0.242688 0.0380937 0.0840833
0 0.721805 0.456604 0.0384531 0.0923333
0 0.844039 0.240875 0.0184531 0.084375
0 0.721609 0.232937 0.0347187 0.070625
0 0.617773 0.241406 0.0296094 0.0725625
0 0.698641 0.24 0.0367188 0.0640833
0 0.685273 0.519615 0.0188594 0.0992292
0 0.604711 0.444865 0.0443906 0.0857292
0 0.679367 0.245896 0.0427969 0.0610417
0 0.581523 0.451792 0.0571094 0.0815417
0 0.667195 0.229552 0.0169219 0.0389792
0 0.824703 0.244677 0.0357188 0.0816875
0 0.549289 0.440375 0.0515469 0.0793333
0 0.45893 0.272052 0.0146094 0.0528125
0 0.694789 0.511667 0.0305781 0.07925
0 0.463211 0.237563 0.0428906 0.0582083
0 0.733477 0.235219 0.0355781 0.0701875
0 0.643102 0.239365 0.0473906 0.0712708
2 0.641539 0.555125 0.0162344 0.0225
2 0.503672 0.544271 0.0153125 0.0177083
2 0.558078 0.549406 0.020375 0.0223125
2 0.714227 0.321562 0.0130781 0.0184583
2 0.701641 0.308979 0.0147813 0.023
2 0.643313 0.332865 0.0138437 0.0174375
2 0.478711 0.530333 0.0124844 0.01925
2 0.510563 0.535896 0.00596875 0.00820833
2 0.615492 0.3295 0.0145781 0.0197083
2 0.59132 0.280198 0.0142656 0.0195625
2 0.737758 0.297833 0.0125781 0.0172917
2 0.534328 0.544802 0.0192187 0.0192292
2 0.642703 0.52276 0.015375 0.0210208
2 0.621156 0.504667 0.0163438 0.0225833
2 0.618305 0.272115 0.0128906 0.0128958
2 0.669383 0.534396 0.0133906 0.0230833
2 0.680063 0.317948 0.01175 0.0150625
2 0.59718 0.504458 0.0128906 0.0208333
2 0.474359 0.539271 0.0073125 0.0163333
2 0.538125 0.511281 0.0165313 0.0199375
2 0.691094 0.28949 0.0159688 0.0210208
2 0.529508 0.494354 0.0165469 0.02
2 0.543609 0.287094 0.0136562 0.0174375
2 0.651375 0.322094 0.0160625 0.0161458
2 0.656773 0.522417 0.0151094 0.0207917
2 0.483344 0.279104 0.01 0.00641667
2 0.672383 0.49475 0.0155781 0.0115417
2 0.733453 0.272427 0.0138437 0.0192292
2 0.50143 0.281031 0.00789063 0.00614583
2 0.633641 0.49026 0.012875 0.0158958
2 0.610938 0.282448 0.00678125 0.0124375
2 0.649352 0.281271 0.0134219 0.0202083
2 0.516977 0.525917 0.0152344 0.0205417
2 0.53643 0.28026 0.0103906 0.0143542
2 0.517297 0.506406 0.0151875 0.0210208
2 0.517242 0.544115 0.0151094 0.0187292
2 0.57132 0.50074 0.0160156 0.0220625
2 0.516172 0.290479 0.0084375 0.00595833
2 0.530086 0.287052 0.0130781 0.0171875
2 0.563187 0.27149 0.0145313 0.0126042
2 0.718445 0.287052 0.0140469 0.0192292
2 0.581445 0.319948 0.0136719 0.0148125
2 0.553172 0.529135 0.0135 0.0206042
2 0.631938 0.305719 0.008625 0.0135625
2 0.504469 0.509365 0.0131562 0.0161458
2 0.595898 0.542979 0.0103281 0.0133333
2 0.547703 0.313604 0.010375 0.0172917
2 0.57282 0.55 0.0165469 0.0205
2 0.672391 0.290104 0.0117813 0.0144167
2 0.494266 0.498979 0.012875 0.0179583
2 0.529375 0.525396 0.0139375 0.0231667
2 0.73843 0.314656 0.0144844 0.0168125
2 0.546633 0.496844 0.0103906 0.00947917
2 0.579617 0.534146 0.0228906 0.0282083
2 0.603852 0.494583 0.0146719 0.0219583
2 0.648586 0.298458 0.00942187 0.0169167
2 0.494313 0.277052 0.0111562 0.0115208
2 0.553977 0.505125 0.0152031 0.0195
2 0.570656 0.489354 0.015375 0.0135833
2 0.692234 0.322979 0.0121563 0.0162083
2 0.626281 0.555865 0.015875 0.0221458
2 0.606062 0.300563 0.015 0.02
2 0.557438 0.328594 0.017875 0.0176875
2 0.706617 0.286823 0.0132969 0.0182292
2 0.670617 0.305521 0.0162656 0.0210417
2 0.664461 0.277906 0.0176094 0.0145625
2 0.665852 0.320698 0.0132656 0.0194792
2 0.582898 0.513896 0.0221094 0.0220417
2 0.49368 0.515875 0.0132344 0.0175
2 0.566758 0.299865 0.0128281 0.0202292
2 0.655828 0.558438 0.0165625 0.0193333
2 0.630984 0.53874 0.0233437 0.0231042
2 0.658891 0.503437 0.0140313 0.0184583
2 0.543844 0.545167 0.0075625 0.0175417
2 0.635992 0.504771 0.0162656 0.0174583
2 0.617727 0.539885 0.0113906 0.0213542
2 0.604758 0.532625 0.0117344 0.0217917
2 0.627094 0.520771 0.0163438 0.0195
2 0.72925 0.323844 0.016125 0.0175208
