0 0.473336 0.589125 0.105203 0.10175
0 0.579422 0.466542 0.0757812 0.046125
0 0.317203 0.632729 0.106313 0.102917
0 0.637703 0.369396 0.0824063 0.067
0 0.438703 0.491031 0.106563 0.0523542
0 0.686719 0.470438 0.0476875 0.0361667
0 0.37618 0.478063 0.0748906 0.05975
0 0.293234 0.471885 0.055125 0.0224375
0 0.630312 0.342594 0.0518438 0.0228542
0 0.566148 0.404979 0.0832656 0.0320833
0 0.378172 0.548208 0.105 0.1005
0 0.677492 0.429177 0.0867344 0.0532708
0 0.656109 0.428031 0.0684687 0.0523125
0 0.415094 0.621271 0.0895625 0.0359167
0 0.476484 0.519573 0.0365313 0.0403958
0 0.645336 0.491917 0.0656406 0.0604583
0 0.557203 0.343583 0.0638438 0.0569167
0 0.415289 0.674302 0.106891 0.0864792
0 0.451664 0.507427 0.0933281 0.0715625
0 0.417 0.602302 0.0267812 0.0330208
0 0.721383 0.377083 0.0788594 0.0611667
