0 0.310141 0.58866 0.0105625 0.0172249
0 0.635398 0.673469 0.0123906 0.0408134
0 0.707 0.451017 0.0060625 0.0116029
0 0.966195 0.547057 0.00342188 0.0076555
0 0.738219 0.509079 0.00725 0.027488
0 0.713703 0.481842 0.0065625 0.0156938
0 0.627523 0.541232 0.00954687 0.0242344
0 0.632305 0.566495 0.0109844 0.0336124
0 0.636523 0.515801 0.0192969 0.0244258
0 0.625875 0.63799 0.011 0.0407177
0 0.782172 0.489797 0.006875 0.0280622
0 0.618773 0.531029 0.0112031 0.0287081
0 0.615312 0.439689 0.011 0.0209569
0 0.613344 0.457249 0.0143125 0.0186603
0 0.630031 0.522931 0.0206563 0.0313158
0 0.628281 0.475706 0.0117813 0.027201
0 0.610031 0.581854 0.014125 0.0280144
0 0.615141 0.650096 0.0111875 0.0291388
0 0.622789 0.492249 0.0103281 0.0300478
0 0.858961 0.498577 0.00454688 0.0136124
0 0.617828 0.627931 0.00909375 0.0350957
