0 0.517922 0.474388 0.0120938 0.0403059
0 0.510336 0.463753 0.0113594 0.042
0 0.57425 0.449494 0.056875 0.0779529
0 0.594531 0.494647 0.0136875 0.0374824
0 0.64025 0.502365 0.0228125 0.0220471
0 0.74875 0.487929 0.04675 0.0218353
0 0.538656 0.449482 0.017875 0.0497412
0 0.616125 0.479447 0.01925 0.0294824
0 0.55093 0.464153 0.0148906 0.0302353
0 0.623414 0.508976 0.0185781 0.0370588
0 0.545578 0.487576 0.0494687 0.0473412
0 0.599203 0.487224 0.0318437 0.0251294
0 0.560922 0.477565 0.0611875 0.0486824
0 0.606266 0.512565 0.052625 0.0235765
