0 0.5412 0.309039 0.11977 0.105297
0 0.31763 0.230992 0.0486639 0.0953906
0 0.487349 0.225156 0.0552401 0.103781
0 0.511733 0.264008 0.100835 0.100828
0 0.392505 0.421937 0.160585 0.0462813
0 0.396409 0.259312 0.0463048 0.103656
0 0.354864 0.244539 0.0547808 0.126078
0 0.331952 0.316812 0.0538413 0.0159063
0 0.454134 0.239937 0.037119 0.121906
0 0.329729 0.307477 0.0774948 0.0238594
0 0.485344 0.259789 0.0665553 0.105391
0 0.367463 0.193242 0.0495825 0.117672
0 0.394468 0.405875 0.141294 0.0490625
0 0.550386 0.347234 0.116931 0.0585
0 0.541618 0.376461 0.0813152 0.0204844
0 0.448455 0.34693 0.0449269 0.0802969
0 0.345846 0.34018 0.0248852 0.0333906
0 0.333142 0.175805 0.0329228 0.0325781
0 0.535334 0.386016 0.0717119 0.018875
0 0.30404 0.266516 0.0912944 0.0747812
0 0.553424 0.320391 0.122088 0.0895625
0 0.425125 0.339898 0.0198121 0.0442031
0 0.407046 0.238273 0.044238 0.107234
0 0.46238 0.412109 0.0129854 0.012375
0 0.528716 0.321867 0.0293737 0.0373594
0 0.479071 0.350523 0.0281211 0.0618281
0 0.440605 0.257258 0.0382463 0.0962031
0 0.374635 0.353477 0.0356576 0.0631094
0 0.447317 0.419453 0.0408142 0.02925
0 0.517234 0.324852 0.0632777 0.0476094
0 0.425188 0.35657 0.0487474 0.0502344
0 0.532192 0.216742 0.0351566 0.0533281
0 0.419572 0.366367 0.0976827 0.0703906
0 0.572537 0.247008 0.0201044 0.0622031
