1 0.349562 0.41709 0.0239375 0.0201313
1 0.426359 0.346783 0.0265 0.0280525
1 0.26375 0.518468 0.0338437 0.031116
1 0.383453 0.402637 0.050125 0.0208096
1 0.223609 0.44372 0.0179687 0.0124289
1 0.307984 0.384912 0.0132188 0.0125383
1 0.157359 0.401433 0.0162813 0.0135449
1 0.206164 0.400514 0.00826563 0.00693654
1 0.435617 0.373621 0.0295156 0.0226915
1 0.31675 0.419595 0.029375 0.0277243
1 0.34793 0.363862 0.0212656 0.0159081
1 0.251125 0.46221 0.024125 0.0294967
1 0.247141 0.437845 0.019375 0.0225602
1 0.298344 0.464748 0.03225 0.0258206
1 0.459313 0.333961 0.0382188 0.0284026
1 0.503281 0.333829 0.0260312 0.01186
1 0.311891 0.335066 0.014875 0.013895
1 0.462156 0.269978 0.0194375 0.0138293
1 0.293211 0.366991 0.0240781 0.0161269
1 0.467391 0.282538 0.0275 0.0221882
1 0.406578 0.30198 0.0267188 0.0210284
1 0.444188 0.277243 0.0204375 0.0208315
1 0.263766 0.476313 0.02275 0.019628
1 0.399336 0.36023 0.0287969 0.0280744
1 0.416188 0.324059 0.0289063 0.0219912
1 0.333266 0.403063 0.0328437 0.0179431
1 0.291039 0.410449 0.0309844 0.0257549
1 0.383078 0.334573 0.0321875 0.0271335
1 0.338187 0.311838 0.0254063 0.0204376
1 0.266508 0.4107 0.0269844 0.0202626
1 0.480063 0.26744 0.0200313 0.0255142
1 0.177055 0.396685 0.0191094 0.0144639
1 0.200469 0.424912 0.019625 0.0228665
1 0.354953 0.43547 0.0287187 0.0214004
1 0.473289 0.342298 0.0326406 0.0295405
1 0.362078 0.388676 0.023125 0.0277243
1 0.307312 0.325766 0.0185312 0.01407
1 0.326164 0.458829 0.0247969 0.0171772
1 0.332734 0.382407 0.0212188 0.0242888
1 0.471562 0.363862 0.02975 0.0171772
1 0.396234 0.288556 0.0232812 0.014267
1 0.37382 0.364114 0.0257031 0.0196937
1 0.459445 0.315952 0.0319844 0.0196937
1 0.289016 0.503917 0.0201875 0.0167615
1 0.326367 0.367659 0.0231094 0.0187746
1 0.244633 0.413304 0.0230156 0.0181619
1 0.32243 0.439147 0.0358594 0.0205252
1 0.533445 0.298063 0.0190156 0.0142013
1 0.291492 0.446269 0.0188281 0.0138074
1 0.216492 0.490175 0.0222656 0.0143545
1 0.329625 0.338512 0.0193437 0.0146171
1 0.531445 0.316915 0.0217656 0.0193873
1 0.271891 0.46058 0.0254063 0.0175711
1 0.381719 0.304442 0.0246875 0.0213567
1 0.236914 0.425919 0.0173906 0.0158643
1 0.228688 0.395842 0.0301563 0.0170678
1 0.548625 0.301772 0.0176563 0.016674
1 0.200297 0.450842 0.0225 0.017046
1 0.489195 0.301335 0.0283906 0.0414004
1 0.413781 0.279617 0.0257812 0.0179212
1 0.231141 0.367932 0.0141563 0.0103939
1 0.275117 0.336368 0.0244219 0.0171116
1 0.429438 0.296641 0.020625 0.0201532
