0 0.862008 0.225293 0.0188281 0.0714319
0 0.220773 0.48811 0.0307344 0.0339671
0 0.18975 0.531268 0.0403125 0.0774178
0 0.877984 0.215282 0.0119688 0.0192488
0 0.160305 0.780763 0.0768281 0.17885
0 0.242156 0.600411 0.071375 0.102042
0 0.285477 0.698415 0.137797 0.174859
0 0.895969 0.346479 0.0871563 0.0661502
0 0.173508 0.868146 0.123922 0.200563
0 0.06775 0.290516 0.0286875 0.0696244
0 0.207281 0.784261 0.064875 0.232934
0 0.873906 0.17446 0.0122813 0.0246479
0 0.339875 0.26216 0.0068125 0.0248357
0 0.165617 0.912418 0.150891 0.175164
0 0.793203 0.279401 0.0336562 0.0661268
0 0.790687 0.358427 0.0373125 0.0793897
0 0.200711 0.27 0.0785781 0.0876056
0 0.430641 0.586678 0.0694375 0.136455
0 0.0609063 0.488462 0.0386875 0.117394
0 0.305734 0.473862 0.0200313 0.0791784
0 0.699445 0.377535 0.0419219 0.0561972
0 0.287477 0.484824 0.0261406 0.0874883
0 0.315625 0.325892 0.0322188 0.0571362
0 0.359687 0.449261 0.0460938 0.0779577
0 0.348641 0.304272 0.0520312 0.0838028
0 0.293664 0.324484 0.0412969 0.0674178
0 0.0910547 0.467183 0.0280781 0.0919249
0 0.643195 0.325974 0.0410156 0.0766432
0 0.518859 0.529331 0.0399687 0.0866432
0 0.616859 0.295235 0.0164687 0.0235681
0 0.677172 0.327418 0.044 0.0905634
0 0.862781 0.280716 0.0617188 0.10885
0 0.362164 0.295376 0.0158281 0.0507512
0 0.683031 0.32061 0.0865937 0.0644601
0 0.919906 0.336538 0.0681563 0.0599296
0 0.493117 0.504378 0.0287031 0.12669
0 0.201813 0.511526 0.0322188 0.0813615
0 0.269398 0.499777 0.0352656 0.079507
0 0.822313 0.229648 0.0268437 0.0343662
0 0.3345 0.661878 0.103125 0.254038
0 0.298867 0.641585 0.0998906 0.18716
0 0.432305 0.670059 0.0483281 0.102183
0 0.0843672 0.91973 0.0778594 0.156831
0 0.470398 0.507746 0.0417344 0.127371
0 0.257133 0.449918 0.0288281 0.0764085
0 0.766492 0.271878 0.0172656 0.0665258
0 0.0863672 0.60757 0.104578 0.206831
0 0.304945 0.795763 0.175078 0.11392
0 0.411906 0.315 0.0549063 0.051831
0 0.794531 0.339214 0.112312 0.1073
0 0.144383 0.483239 0.0403281 0.0471831
0 0.421867 0.607946 0.0943906 0.114577
0 0.0716016 0.621737 0.102953 0.207183
0 0.243984 0.687993 0.132719 0.152653
0 0.205953 0.298991 0.0772812 0.0907512
0 0.372594 0.66277 0.0766875 0.167465
0 0.53818 0.545728 0.0593594 0.100235
0 0.769266 0.215493 0.01425 0.0301408
0 0.934531 0.289378 0.0833438 0.0373944
0 0.629414 0.268192 0.0227031 0.0305634
0 0.728875 0.250986 0.0132188 0.0192488
0 0.112859 0.292993 0.029875 0.0808685
0 0.192008 0.471937 0.0489531 0.0251408
0 0.362 0.249601 0.0204063 0.0470423
0 0.261602 0.517312 0.0430469 0.0691784
0 0.208164 0.261772 0.0663281 0.0992723
0 0.714734 0.217746 0.0104688 0.0211268
0 0.449906 0.507183 0.04475 0.121033
0 0.355016 0.491103 0.0552813 0.0655869
0 0.439328 0.571467 0.0564375 0.147958
0 0.128742 0.289507 0.0547031 0.0895305
0 0.754273 0.378146 0.0735156 0.0611737
0 0.717156 0.330258 0.0442813 0.0968075
0 0.275273 0.32054 0.0220156 0.0315962
0 0.288242 0.825329 0.131141 0.0934742
0 0.261813 0.282042 0.025 0.05277
0 0.113727 0.51534 0.0232344 0.0581925
0 0.182539 0.777899 0.0774531 0.230962
0 0.818727 0.293521 0.0257031 0.0569953
0 0.0699766 0.261244 0.0249219 0.0855869
0 0.404523 0.322254 0.0530781 0.05
0 0.741055 0.22662 0.0136406 0.0232864
0 0.787977 0.23527 0.0190781 0.0374883
0 0.0551797 0.649401 0.0429531 0.131056
0 0.0945391 0.28743 0.0318906 0.101197
0 0.850078 0.317969 0.0341875 0.075892
0 0.353617 0.550282 0.0333281 0.11939
