0 0.3252 0.65712 0.09116 0.105387
0 0.5253 0.244653 0.08056 0.10056
0 0.73545 0.54108 0.1201 0.10936
0 0.4522 0.75548 0.07708 0.0979467
0 0.60813 0.80016 0.0927 0.112747
0 0.52327 0.435573 0.1003 0.108587
0 0.6529 0.72136 0.10448 0.125813
0 0.26677 0.582427 0.08722 0.117013
0 0.60164 0.256707 0.07676 0.119333
0 0.73333 0.654147 0.10934 0.109147
0 0.37098 0.725893 0.10132 0.104907
0 0.30833 0.38588 0.09514 0.0821067
0 0.43605 0.23872 0.07846 0.0856533
0 0.52294 0.808027 0.08072 0.0918933
0 0.72833 0.459627 0.10426 0.0873067
0 0.37806 0.29436 0.0852 0.09592
0 0.67661 0.31088 0.08386 0.0927467
0 0.72444 0.367333 0.10732 0.102933
0 0.2854 0.476293 0.084 0.11568
