2 0.267273 0.155691 0.0148281 0.0187822
2 0.390398 0.262073 0.0387969 0.0315457
2 0.473836 0.16315 0.0171719 0.0132787
2 0.299813 0.262108 0.0393125 0.0389696
2 0.248289 0.191452 0.0132656 0.029274
2 0.327719 0.173689 0.0419687 0.0510304
2 0.226438 0.136569 0.0290625 0.0338407
2 0.352414 0.259274 0.0515156 0.0341452
2 0.398961 0.116288 0.0241094 0.0320609
2 0.204773 0.217096 0.0357656 0.0377518
2 0.22575 0.275 0.0445 0.0307963
2 0.172891 0.186967 0.0236875 0.0195082
2 0.384758 0.101639 0.0293906 0.0471663
2 0.357836 0.184707 0.0111719 0.0299766
2 0.499516 0.133583 0.0177813 0.0297424
2 0.476141 0.112693 0.0287187 0.0140984
2 0.455648 0.138595 0.0122969 0.0210773
2 0.421523 0.20726 0.0187344 0.0140515
