0 0.599274 0.205547 0.0227166 0.0133437
0 0.618653 0.161313 0.0297658 0.0515938
0 0.543689 0.135977 0.0538876 0.0295156
0 0.910972 0.200914 0.0257845 0.0443594
0 0.507506 0.277523 0.0254098 0.0320781
0 0.54445 0.160148 0.042623 0.0467969
0 0.868431 0.272133 0.0215457 0.0459219
0 0.925726 0.141523 0.0351054 0.0283281
0 0.860433 0.148633 0.0257845 0.0307969
0 0.969403 0.0816563 0.0207728 0.0133437
0 0.805222 0.2415 0.0148478 0.0231875
0 0.836815 0.229164 0.034192 0.0425156
0 0.943197 0.18232 0.0338876 0.0259219
0 0.5426 0.187297 0.035082 0.0217812
0 0.559532 0.244414 0.0296487 0.0490156
0 0.499133 0.259148 0.0385012 0.0356719
0 0.651686 0.153227 0.0543326 0.0400781
0 0.570831 0.178391 0.0257845 0.0513125
0 0.518923 0.22925 0.0500703 0.0527188
0 0.916874 0.164383 0.0267681 0.0314219
0 0.954824 0.161109 0.0277752 0.0222188
0 0.562799 0.158031 0.0389461 0.0455938
0 0.921991 0.0693594 0.0276815 0.0192187
0 0.812494 0.123266 0.0260656 0.0277187
0 0.639262 0.161242 0.0440515 0.0521094
0 0.910621 0.27093 0.0258782 0.0525156
0 0.96671 0.0984219 0.031171 0.0218125
0 0.5563 0.117578 0.0461827 0.0354063
0 0.887681 0.114578 0.024637 0.0300312
0 0.844649 0.253773 0.0277986 0.0390156
0 0.896534 0.085625 0.0255738 0.0269375
0 0.948044 0.240727 0.0733255 0.0278906
0 0.939637 0.109906 0.0338407 0.0323125
0 0.650703 0.103695 0.0450585 0.0385469
0 0.515995 0.148047 0.0264169 0.0390625
0 0.933384 0.160445 0.0330913 0.0330781
0 0.60055 0.317563 0.0253162 0.0314063
0 0.549485 0.228813 0.0328337 0.0510625
0 0.623923 0.208039 0.0297658 0.0439844
0 0.958208 0.206703 0.0231148 0.0254063
0 0.934297 0.193523 0.0357143 0.0320156
0 0.872014 0.164164 0.0196253 0.0353906
0 0.939848 0.0757969 0.0238173 0.025125
0 0.863454 0.216055 0.0275644 0.0404219
0 0.534578 0.276141 0.0326698 0.0487187
0 0.838993 0.210289 0.0415925 0.0346406
0 0.830035 0.136422 0.0330913 0.034625
0 0.86678 0.259188 0.0319204 0.0441875
0 0.61082 0.283766 0.0287588 0.0658125
0 0.927611 0.26507 0.0477283 0.0502969
0 0.978407 0.0744844 0.0176112 0.014625
0 0.495457 0.234359 0.0572365 0.0599063
0 0.867506 0.189336 0.0176347 0.0170781
0 0.961511 0.184391 0.0231616 0.0313125
0 0.62034 0.117109 0.0364169 0.037125
0 0.598642 0.182727 0.0256674 0.0492031
0 0.971639 0.186031 0.0188759 0.0277187
0 0.816721 0.239078 0.015363 0.0319063
0 0.649461 0.196977 0.0192974 0.0249531
0 0.856885 0.107805 0.0406089 0.0169844
0 0.956534 0.139844 0.0499766 0.0266875
0 0.860082 0.234336 0.0219438 0.0215469
0 0.645269 0.218203 0.0228571 0.0364063
0 0.592518 0.161453 0.0249883 0.0489375
0 0.902447 0.141859 0.0280796 0.027625
0 0.581276 0.305711 0.0261593 0.0518281
0 0.826733 0.161609 0.0110773 0.0249062
0 0.527482 0.117531 0.059274 0.0354063
0 0.818642 0.20982 0.0388759 0.0307969
0 0.85315 0.131305 0.0400234 0.0346406
0 0.887963 0.260969 0.024637 0.0477187
0 0.632763 0.116883 0.0531148 0.0459219
0 0.930094 0.201875 0.0342389 0.0485
0 0.526909 0.249453 0.03363 0.0484062
0 0.83397 0.184594 0.0257845 0.023875
0 0.629883 0.184375 0.028103 0.0423437
0 0.943724 0.141977 0.0433724 0.0285781
0 0.56281 0.0940469 0.0331148 0.0207813
0 0.613852 0.322773 0.0203513 0.0171094
0 0.963911 0.252797 0.0417799 0.0205938
0 0.554239 0.302445 0.023466 0.0431094
0 0.591311 0.282016 0.0279157 0.0555625
0 0.911792 0.0888359 0.0202576 0.0318281
0 0.893794 0.158922 0.021452 0.0394062
0 0.839075 0.156336 0.0220375 0.0266406
0 0.968126 0.114711 0.0254801 0.0190156
0 0.846101 0.171422 0.0138876 0.0298125
0 0.871218 0.0939219 0.0331148 0.0205313
0 0.847927 0.274711 0.016089 0.0320469
0 0.503267 0.161328 0.0153864 0.0254063
0 0.952635 0.0973828 0.0268618 0.0203906
0 0.825422 0.259563 0.0150117 0.0228437
0 0.897717 0.0664375 0.0238173 0.0150312
0 0.654415 0.161656 0.0400234 0.0497812
0 0.562904 0.280211 0.029274 0.0574844
0 0.493677 0.202312 0.01363 0.0215625
0 0.85397 0.171719 0.0184778 0.0282187
0 0.874063 0.0673281 0.0326698 0.0169687
0 0.638302 0.265375 0.0267681 0.0380313
0 0.834649 0.11432 0.034637 0.0274531
0 0.597506 0.122109 0.0388993 0.0448125
0 0.627763 0.285859 0.0288759 0.0595313
0 0.932436 0.0874063 0.030445 0.0248438
0 0.510094 0.187266 0.0318501 0.0402813
0 0.95507 0.0689844 0.0431148 0.0169375
0 0.504403 0.133438 0.0315691 0.0410625
0 0.663946 0.196727 0.0133724 0.0228281
0 0.819438 0.136516 0.0334895 0.0277187
0 0.892295 0.282555 0.021171 0.0361406
0 0.529344 0.301102 0.0312881 0.0292969
0 0.603443 0.234313 0.0511944 0.0554687
0 0.943372 0.259867 0.0600468 0.0361719
0 0.880644 0.144391 0.0238642 0.0397813
0 0.582494 0.23693 0.0344028 0.0581406
0 0.551265 0.329266 0.0346136 0.066625
