1 0.683773 0.503641 0.125516 0.106856
1 0.40075 0.434764 0.174656 0.0961939
1 0.397406 0.525059 0.104281 0.0793381
1 0.580398 0.424693 0.0913906 0.0993617
1 0.711289 0.349113 0.111797 0.0644208
1 0.932555 0.459338 0.134297 0.099669
1 0.532008 0.268735 0.0597656 0.0579905
1 0.555508 0.727116 0.162859 0.204823
1 0.752867 0.704704 0.149328 0.151962
1 0.601227 0.525355 0.130328 0.106359
1 0.415727 0.30039 0.137391 0.0730733
1 0.55482 0.33708 0.0774844 0.0471158
1 0.833469 0.317329 0.10125 0.0695508
1 0.955688 0.595615 0.0869062 0.0946809
1 0.638336 0.274669 0.0802969 0.0512766
1 0.354547 0.5826 0.140906 0.122553
1 0.821656 0.426206 0.0879375 0.0717967
