0 0.492073 0.695594 0.0641458 0.0616875
0 0.446698 0.574469 0.0506458 0.0593437
0 0.574417 0.737664 0.0668333 0.0749531
0 0.391427 0.893492 0.0744375 0.0323906
0 0.378531 0.515359 0.0601875 0.0946562
0 0.328323 0.609836 0.107063 0.0417031
0 0.569646 0.800766 0.0595 0.0512813
0 0.223594 0.610875 0.0696875 0.0345
0 0.213958 0.662609 0.0974583 0.0386562
0 0.46624 0.872797 0.0956458 0.0800625
0 0.398615 0.586125 0.0552708 0.0536563
0 0.532531 0.931078 0.0551042 0.0393125
0 0.450667 0.83282 0.101542 0.0502656
0 0.329417 0.479633 0.0512917 0.0485469
0 0.249521 0.63382 0.103583 0.0517969
0 0.549438 0.88125 0.0677083 0.0734375
0 0.285031 0.67582 0.118896 0.0388281
0 0.413333 0.866422 0.0871667 0.0482812
0 0.459042 0.737953 0.085125 0.0564063
0 0.349771 0.59443 0.12 0.0419219
0 0.323573 0.697633 0.128896 0.0450156
0 0.316021 0.759422 0.080125 0.0400625
0 0.432771 0.499836 0.0462917 0.0717656
0 0.438583 0.613844 0.0609583 0.0487187
0 0.501115 0.910852 0.0585208 0.0832031
0 0.476927 0.781539 0.0943542 0.0494844
0 0.517917 0.74682 0.077375 0.0533594
0 0.386125 0.63007 0.0777083 0.0597031
0 0.302 0.536836 0.12725 0.0793594
0 0.536833 0.845313 0.0612917 0.0542188
0 0.483052 0.643586 0.0506042 0.0717969
0 0.308396 0.513164 0.0914167 0.0594531
0 0.443594 0.664664 0.0626042 0.0504844
0 0.328896 0.644102 0.128542 0.0584531
0 0.385177 0.679469 0.0844375 0.044625
0 0.388927 0.748812 0.114396 0.049
0 0.518979 0.808773 0.0563333 0.0483906
0 0.543313 0.694414 0.0536667 0.0793906
0 0.262562 0.591203 0.067 0.0520625
0 0.419802 0.794875 0.0974375 0.0564063
0 0.27975 0.737461 0.082125 0.0127969
0 0.516521 0.632 0.0461667 0.0885312
0 0.379469 0.82782 0.0878542 0.0377031
0 0.639115 0.837305 0.0879375 0.0407656
0 0.599635 0.870898 0.0707708 0.0694844
0 0.513385 0.682734 0.0250625 0.0301875
0 0.218323 0.699812 0.0629375 0.0355
0 0.482635 0.601727 0.0273542 0.0332969
0 0.372396 0.722742 0.103875 0.0457656
0 0.434 0.911922 0.0649583 0.05975
0 0.57826 0.828969 0.0389792 0.0164063
0 0.283385 0.721336 0.108604 0.0317969
0 0.242802 0.698203 0.0458125 0.0266562
0 0.264073 0.569234 0.0523125 0.0374375
0 0.457406 0.927562 0.0502708 0.0664062
0 0.385969 0.495563 0.0604375 0.0779375
0 0.605698 0.803773 0.0565625 0.0503594
0 0.614958 0.770117 0.0485417 0.0297344
0 0.321479 0.797195 0.0842083 0.0372344
0 0.537781 0.645469 0.0363125 0.048875
0 0.585323 0.751656 0.117188 0.0747188
0 0.375063 0.853609 0.0510833 0.0220938
0 0.382167 0.783539 0.147792 0.0552344
0 0.58751 0.689852 0.0374792 0.0459219
0 0.44126 0.529211 0.0922708 0.0713594
