1 0.10518 0.606542 0.0690469 0.074625
1 0.167945 0.605437 0.0487031 0.063625
1 0.18393 0.561927 0.0515469 0.0341042
1 0.14457 0.679167 0.0905781 0.084625
1 0.21825 0.593427 0.0530312 0.0912708
1 0.0702813 0.6765 0.0738125 0.094
1 0.123508 0.734937 0.0802344 0.0607917
1 0.19332 0.672094 0.0469531 0.0764792
1 0.134609 0.63125 0.0701563 0.0484167
1 0.216953 0.656667 0.0215312 0.0384583
2 0.682172 0.753188 0.0888125 0.0972917
2 0.59907 0.782802 0.0888281 0.118063
2 0.579063 0.680208 0.0907188 0.101083
2 0.544867 0.738042 0.0924531 0.1025
2 0.635094 0.69974 0.047875 0.0846042
2 0.521383 0.840865 0.112766 0.120479
0 0.358242 0.402792 0.209516 0.0968333
0 0.486812 0.43325 0.0111875 0.0260833
0 0.455195 0.406021 0.0342344 0.0782083
0 0.371047 0.369271 0.217438 0.0807083
