2 0.607273 0.70784 0.0541719 0.0928169
2 0.82643 0.844577 0.0429219 0.0813615
2 0.775375 0.843685 0.0748438 0.112441
2 0.701688 0.70608 0.044375 0.0585446
2 0.653172 0.554366 0.069375 0.111315
2 0.771266 0.581279 0.0523438 0.127535
2 0.680211 0.815951 0.0727656 0.132183
2 0.532164 0.687829 0.0725469 0.142934
2 0.868016 0.822359 0.0552188 0.077723
2 0.769531 0.677911 0.0539687 0.103474
2 0.748406 0.767089 0.102469 0.0711268
2 0.806781 0.751362 0.0818438 0.0859155
2 0.825977 0.617207 0.0498281 0.0576526
2 0.555508 0.55392 0.0259844 0.0238498
2 0.647125 0.702899 0.0669063 0.0919484
2 0.618477 0.564683 0.0396406 0.0516197
