1 0.909344 0.902908 0.0373437 0.0448117
1 0.464922 0.561517 0.0398437 0.0584728
1 0.798703 0.808316 0.035 0.0478452
1 0.842297 0.834414 0.0359063 0.0364435
1 0.814516 0.825481 0.0265 0.0523431
1 0.400492 0.0859205 0.0146406 0.0195816
1 0.545367 0.0928661 0.0110781 0.0138912
1 0.936688 0.884728 0.0249062 0.0728452
1 0.892758 0.834226 0.0424219 0.0305439
1 0.381484 0.104017 0.0274063 0.026569
1 0.588828 0.0776464 0.0100938 0.0145816
1 0.849219 0.774163 0.0333125 0.0628033
1 0.795781 0.770377 0.0350625 0.0571967
1 0.578594 0.0847385 0.0088125 0.0115272
1 0.217414 0.600115 0.0412656 0.0516946
1 0.306789 0.529864 0.0417656 0.0389749
1 0.913891 0.891757 0.0356875 0.0685774
1 0.96668 0.522573 0.0215781 0.029205
1 0.982203 0.550575 0.03025 0.0230335
1 0.820937 0.763201 0.0300625 0.0345188
1 0.878187 0.79386 0.02475 0.0269665
1 0.892641 0.852019 0.056375 0.0357531
1 0.260875 0.645701 0.0255 0.0537448
1 0.898625 0.691715 0.035125 0.0499582
1 0.371383 0.0984519 0.0133594 0.0150628
1 0.881422 0.890921 0.0325625 0.0474477
1 0.375531 0.117155 0.0120625 0.0123013
1 0.24443 0.561925 0.0304531 0.0338494
1 0.833562 0.794571 0.027625 0.0488075
1 0.558047 0.091454 0.0166563 0.0192259
1 0.564602 0.0789749 0.00989063 0.014728
1 0.555555 0.075 0.00960937 0.0101255
1 0.286492 0.552699 0.0256094 0.0470293
1 0.926133 0.857406 0.0225156 0.0380335
1 0.363148 0.113588 0.0145469 0.0184728
1 0.276773 0.599121 0.0413281 0.0420921
1 0.550922 0.0660983 0.0139375 0.0139958
1 0.86625 0.877385 0.0295 0.0361506
1 0.991281 0.569195 0.0174375 0.0210669
1 0.271437 0.559236 0.0293125 0.0366736
1 0.845391 0.858682 0.041 0.0851464
1 0.869523 0.809697 0.0371719 0.050272
1 0.784219 0.75954 0.0232812 0.0412971
1 0.370875 0.0877615 0.0156563 0.0156485
1 0.361281 0.100513 0.0162813 0.0179707
