0 0.559156 0.560365 0.0316875 0.0456042
0 0.450672 0.4975 0.024625 0.03425
0 0.427695 0.471323 0.00767187 0.0228542
0 0.359016 0.523052 0.0173125 0.0420625
0 0.570109 0.55975 0.0249062 0.0482917
0 0.614766 0.438937 0.0104688 0.0207083
0 0.382898 0.469208 0.0252031 0.02975
0 0.420664 0.542115 0.0123906 0.0358125
0 0.513008 0.570656 0.0375469 0.0539375
0 0.633422 0.508875 0.0153125 0.0200417
0 0.536727 0.517604 0.0159219 0.07275
0 0.390125 0.525469 0.0381875 0.0493125
0 0.654813 0.489427 0.0275 0.0466458
0 0.261461 0.483302 0.0185781 0.0200208
0 0.514953 0.481396 0.0080625 0.0184583
0 0.490766 0.538135 0.0166875 0.0678125
0 0.235117 0.47674 0.0357969 0.0398958
0 0.323406 0.507687 0.0175937 0.032375
0 0.419773 0.473917 0.0131094 0.028
0 0.360125 0.448604 0.013375 0.0378333
0 0.332906 0.522208 0.0158438 0.041875
0 0.301789 0.445177 0.0146719 0.0286458
0 0.505203 0.545458 0.0252188 0.0617083
0 0.618422 0.509365 0.0228437 0.0569375
0 0.498422 0.51874 0.0113125 0.0292708
0 0.580008 0.526302 0.0119219 0.0243542
0 0.419563 0.512906 0.0170937 0.0593542
0 0.482164 0.491323 0.0171406 0.0542708
0 0.367164 0.49176 0.0155781 0.0295208
0 0.474969 0.54299 0.024 0.0546875
0 0.319344 0.416365 0.0105313 0.0290625
0 0.609805 0.491031 0.0170469 0.0418542
0 0.553234 0.477271 0.0138437 0.0212083
0 0.368766 0.456313 0.0136562 0.0372083
0 0.453328 0.56051 0.0444375 0.0263958
0 0.325367 0.427406 0.00498438 0.0301875
0 0.647203 0.452833 0.0110625 0.0131667
0 0.350141 0.453031 0.0138437 0.0448958
0 0.437023 0.499167 0.0181719 0.0275417
0 0.27632 0.466833 0.0132656 0.032625
0 0.674414 0.464458 0.0119844 0.0292083
0 0.406305 0.519135 0.0137656 0.0646042
0 0.390094 0.477771 0.0210313 0.0502083
0 0.322047 0.48099 0.0175625 0.0358125
0 0.583492 0.4705 0.0128281 0.0275
0 0.320711 0.468917 0.0102656 0.0159583
0 0.649055 0.46601 0.0115156 0.0273125
0 0.332906 0.415448 0.0095625 0.0216875
0 0.445703 0.519729 0.0127812 0.03825
0 0.263664 0.468104 0.0197344 0.0390833
0 0.613023 0.466083 0.0209531 0.0235
0 0.497883 0.489042 0.0165469 0.038875
0 0.701797 0.477687 0.025 0.0402083
0 0.289539 0.462271 0.00804688 0.0184583
0 0.605711 0.539604 0.0147969 0.0420833
0 0.667242 0.51224 0.0445469 0.0482292
0 0.465789 0.549958 0.0327031 0.052
0 0.692422 0.482021 0.0139375 0.01375
0 0.678766 0.486396 0.01725 0.0315833
0 0.547922 0.512563 0.0086875 0.0205
0 0.574812 0.490219 0.011125 0.0173542
