2 0.358352 0.735406 0.0764531 0.0675625
2 0.828266 0.782062 0.0767188 0.0817917
2 0.493883 0.899729 0.114047 0.0800833
2 0.527328 0.322 0.0351875 0.0635833
2 0.742687 0.35274 0.065 0.0453958
2 0.303297 0.549458 0.08075 0.075625
2 0.875195 0.600573 0.0613281 0.0552708
2 0.748008 0.395427 0.0862969 0.0589792
2 0.672344 0.887896 0.0985625 0.097875
2 0.364094 0.400583 0.0579375 0.0577917
2 0.670125 0.777771 0.0515938 0.0804167
2 0.481383 0.378854 0.0426094 0.044875
2 0.792563 0.609573 0.0379063 0.0378125
2 0.290906 0.46426 0.0575 0.0805625
2 0.641719 0.283844 0.0336562 0.0405208
2 0.797828 0.425667 0.0475 0.0617917
2 0.617344 0.519365 0.0546875 0.0436875
2 0.794883 0.767177 0.0692344 0.0902708
2 0.651812 0.325969 0.0344687 0.0651458
2 0.632937 0.732896 0.0732812 0.0525417
2 0.906773 0.530365 0.0386719 0.0921875
2 0.599695 0.373083 0.0711406 0.02975
2 0.251273 0.503865 0.0806094 0.0869792
2 0.872773 0.67974 0.0707656 0.0876875
2 0.499164 0.31351 0.0274219 0.0296458
2 0.810805 0.44874 0.0391094 0.0645625
2 0.941406 0.651615 0.01575 0.0488125
2 0.806016 0.389812 0.0428437 0.0474167
2 0.645078 0.647438 0.065375 0.121542
2 0.575125 0.909875 0.0536563 0.055125
2 0.302016 0.69674 0.0838125 0.103688
2 0.437742 0.613823 0.0380781 0.0476875
