0 0.102869 0.685117 0.115105 0.133391
0 0.132424 0.44732 0.0534192 0.0525469
0 0.912424 0.490117 0.104426 0.0267969
0 0.651932 0.63232 0.0922482 0.0332344
0 0.128126 0.514258 0.142389 0.111453
0 0.704016 0.707211 0.0566979 0.0824219
0 0.742916 0.601648 0.0510304 0.0780156
0 0.286546 0.534328 0.0658314 0.112094
0 0.738419 0.634945 0.0908431 0.0799531
0 0.774707 0.572414 0.0494145 0.0473281
0 0.483946 0.763398 0.0719672 0.147703
0 0.656089 0.548375 0.0489461 0.0149375
0 0.08 0.638953 0.14459 0.0828438
0 0.767728 0.664641 0.0666979 0.0329062
0 0.676721 0.656031 0.0637471 0.0514687
0 0.828712 0.479172 0.0450585 0.032375
0 0.90534 0.758281 0.0491335 0.0588437
0 0.95219 0.808555 0.043911 0.0854219
0 0.128852 0.398055 0.14623 0.102047
0 0.931979 0.6945 0.0969321 0.0700313
0 0.363478 0.375016 0.0937939 0.0920312
0 0.851487 0.50625 0.0448478 0.0500938
0 0.454321 0.307578 0.168642 0.0802812
0 0.819567 0.725328 0.0499532 0.0799375
0 0.771546 0.712617 0.0521311 0.0622969
0 0.428021 0.749727 0.133138 0.148984
0 0.235164 0.440789 0.0710773 0.121172
0 0.914731 0.725555 0.0705855 0.0765469
0 0.488618 0.389516 0.0535363 0.103438
0 0.175609 0.67843 0.11356 0.144734
0 0.820749 0.612328 0.0467916 0.0690937
0 0.449344 0.475164 0.10356 0.103391
0 0.434075 0.55432 0.117986 0.130234
0 0.749707 0.547781 0.0611007 0.0409687
0 0.197717 0.561484 0.113653 0.1155
0 0.694415 0.750141 0.0365105 0.05525
0 0.382166 0.783383 0.0716862 0.156422
0 0.341885 0.741016 0.0889227 0.131438
0 0.871721 0.590711 0.0631616 0.0603281
0 0.801979 0.543375 0.0485012 0.0366875
0 0.94137 0.609766 0.0640515 0.0498125
0 0.24493 0.568461 0.0691101 0.111047
0 0.431265 0.404695 0.0675878 0.0989531
0 0.183185 0.430977 0.0605152 0.0687344
0 0.708642 0.579125 0.0948946 0.042875
0 0.717623 0.49682 0.0779625 0.0343281
0 0.349906 0.30993 0.0874473 0.0768906
0 0.36096 0.54643 0.0863232 0.126766
0 0.867026 0.694617 0.055082 0.0686094
0 0.360258 0.420836 0.1037 0.104172
0 0.829075 0.578039 0.0637237 0.0526719
0 0.967002 0.69093 0.0583607 0.0578906
0 0.782084 0.632836 0.052178 0.0507969
0 0.239333 0.716469 0.0616159 0.139031
0 0.900398 0.533937 0.139766 0.0361875
0 0.443478 0.504023 0.122178 0.0742031
0 0.479614 0.563484 0.112529 0.128688
0 0.203443 0.393242 0.148571 0.108953
0 0.524087 0.485305 0.0680328 0.0883594
0 0.470808 0.434 0.0594145 0.0985
0 0.706183 0.545758 0.0622951 0.0361406
0 0.879637 0.472773 0.0640515 0.0265781
0 0.848712 0.767281 0.0670258 0.04025
0 0.101838 0.510922 0.103068 0.102344
0 0.660703 0.425016 0.017096 0.0129375
0 0.909766 0.800734 0.0568618 0.073125
0 0.43959 0.350672 0.101663 0.0960625
0 0.864567 0.639219 0.0592037 0.0740625
0 0.145187 0.370484 0.167752 0.085
0 0.921311 0.607953 0.0563934 0.0568438
0 0.737681 0.748453 0.0571429 0.0791875
0 0.861487 0.552773 0.0798829 0.0379844
0 0.283044 0.401992 0.0719906 0.124484
0 0.297319 0.437383 0.0652225 0.103422
0 0.344122 0.776422 0.0891803 0.132906
0 0.491335 0.752391 0.0913349 0.129875
0 0.882752 0.823391 0.050281 0.0729375
0 0.486124 0.647289 0.0561827 0.0718906
0 0.790585 0.756664 0.0489461 0.0799219
0 0.920539 0.465109 0.0821546 0.0236563
0 0.518653 0.596477 0.0613349 0.0744531
0 0.660644 0.683445 0.0541686 0.0501719
0 0.682201 0.716227 0.0179391 0.0314531
0 0.593326 0.43318 0.0428103 0.0287656
0 0.138829 0.742016 0.05274 0.0548125
0 0.96411 0.609695 0.0548712 0.0438281
0 0.708642 0.428703 0.0571897 0.0169063
0 0.62603 0.551008 0.037541 0.0393281
0 0.612002 0.534125 0.0469555 0.0201875
0 0.319297 0.579 0.0701639 0.124531
0 0.963981 0.773391 0.0720375 0.0529063
0 0.681604 0.563375 0.08363 0.0398125
0 0.681862 0.614187 0.0942623 0.0334062
0 0.159988 0.528305 0.144145 0.127797
0 0.293911 0.68457 0.0726932 0.155859
0 0.901382 0.63732 0.0737705 0.0576094
0 0.612834 0.4735 0.0237939 0.0132812
0 0.675585 0.498203 0.0970258 0.0285
0 0.616522 0.451531 0.0378689 0.0219375
0 0.917061 0.569383 0.0853162 0.0438281
0 0.94911 0.51593 0.0523185 0.0339844
0 0.773033 0.769203 0.0485012 0.0664062
0 0.733185 0.479914 0.0651522 0.0303906
0 0.731721 0.688086 0.051171 0.0812656
0 0.609075 0.488648 0.0283607 0.0243594
0 0.949684 0.487766 0.0633021 0.0219688
0 0.384707 0.607062 0.0759719 0.0862187
0 0.67171 0.437117 0.0287119 0.0197344
0 0.19356 0.762711 0.057377 0.0670781
0 0.351569 0.461086 0.0659953 0.0692969
0 0.934824 0.562406 0.090726 0.0404687
0 0.127225 0.577406 0.0627869 0.0449375
0 0.0414169 0.485602 0.031171 0.0247969
0 0.590094 0.551352 0.0299297 0.0204844
0 0.409696 0.803531 0.0585948 0.122875
0 0.70219 0.415391 0.0309836 0.0124063
0 0.915152 0.511727 0.0889461 0.0157969
0 0.208173 0.687945 0.100094 0.143828
0 0.698103 0.527156 0.0966276 0.03475
0 0.64507 0.438586 0.0300468 0.0105781
0 0.769251 0.509766 0.052459 0.0365625
0 0.492822 0.34975 0.12911 0.0679375
0 0.860597 0.742719 0.0498595 0.0920625
0 0.577845 0.490437 0.0367213 0.02125
0 0.69356 0.453414 0.0250117 0.0191406
0 0.588958 0.463633 0.0342155 0.0200469
0 0.808724 0.679078 0.0618501 0.0474687
0 0.778817 0.808453 0.0431148 0.05075
