0 0.78176 0.66148 0.06508 0.139387
0 0.34767 0.416253 0.1031 0.0930933
0 0.44649 0.456093 0.07662 0.157307
0 0.5944 0.443373 0.14116 0.0558133
0 0.55831 0.52016 0.13902 0.11392
0 0.78633 0.577 0.08242 0.20024
0 0.52557 0.649013 0.09318 0.0909867
0 0.87078 0.594867 0.10096 0.220987
0 0.36732 0.825947 0.11236 0.259093
0 0.60472 0.931813 0.07328 0.0845333
0 0.73929 0.74228 0.04834 0.0972533
0 0.46913 0.436413 0.09862 0.120667
0 0.47896 0.841693 0.07608 0.278213
0 0.5483 0.58328 0.12944 0.09776
0 0.60296 0.705267 0.10392 0.142587
0 0.6833 0.531667 0.11892 0.150373
0 0.35461 0.673747 0.11698 0.0694133
0 0.66167 0.325467 0.05546 0.10752
0 0.83887 0.645627 0.06658 0.21248
0 0.58334 0.835853 0.0944 0.146053
0 0.5558 0.898307 0.07352 0.119653
0 0.45543 0.55276 0.0785 0.0850933
0 0.32535 0.82924 0.10462 0.255387
0 0.47121 0.406493 0.09206 0.0899467
0 0.74106 0.80772 0.0562 0.138907
0 0.69515 0.74992 0.04878 0.127627
0 0.51301 0.757947 0.04594 0.0736533
0 0.53365 0.80864 0.04146 0.0656533
0 0.45901 0.62452 0.11498 0.09128
0 0.62619 0.728413 0.08642 0.145147
0 0.57158 0.668613 0.12812 0.173067
0 0.6874 0.419053 0.08612 0.07256
0 0.37953 0.497973 0.02462 0.108213
0 0.40678 0.467413 0.04484 0.16832
0 0.68304 0.77308 0.05704 0.146907
0 0.34634 0.73904 0.14284 0.121013
0 0.36471 0.456547 0.0779 0.150533
0 0.64683 0.809907 0.06798 0.147653
0 0.70638 0.866453 0.06344 0.123573
0 0.41761 0.626133 0.05418 0.147627
0 0.70899 0.6718 0.04114 0.0917067
0 0.50161 0.583747 0.05966 0.0723467
0 0.5457 0.964467 0.09296 0.0710667
0 0.7265 0.57292 0.12872 0.176293
0 0.42718 0.486173 0.01564 0.0812533
0 0.61037 0.322867 0.05082 0.10744
0 0.73027 0.528467 0.1241 0.157787
0 0.56467 0.387947 0.10782 0.05904
0 0.68673 0.36136 0.07802 0.0665067
0 0.65544 0.903973 0.06372 0.103413
0 0.63211 0.499387 0.07738 0.0740267
0 0.37386 0.63072 0.08724 0.0867733
0 0.55639 0.71308 0.08322 0.0809867
0 0.41177 0.834587 0.06206 0.273973
0 0.38972 0.900267 0.05976 0.199467
0 0.58198 0.344133 0.088 0.11312
2 0.18548 0.521773 0.08244 0.110747
2 0.22377 0.3776 0.0533 0.0544533
2 0.46052 0.331533 0.07416 0.0817333
2 0.29062 0.30556 0.07836 0.0773067
2 0.55816 0.276587 0.05508 0.0610667
2 0.38921 0.291653 0.08078 0.08128
2 0.5255 0.347987 0.05868 0.0857333
2 0.5064 0.328067 0.04316 0.0827467
2 0.39756 0.34256 0.06696 0.08016
2 0.28006 0.520587 0.08292 0.0926933
2 0.35725 0.35616 0.04862 0.0550933
2 0.16005 0.48776 0.06866 0.0740267
2 0.45564 0.291173 0.05884 0.05648
2 0.34337 0.31412 0.04018 0.05528
2 0.20923 0.371627 0.05062 0.0556267
2 0.29792 0.37388 0.10164 0.0996
2 0.31223 0.49204 0.03798 0.0657333
2 0.23809 0.43628 0.10038 0.123547
2 0.23291 0.576707 0.06306 0.02888
2 0.42387 0.37232 0.0431 0.0154133
2 0.51983 0.294653 0.01006 0.0188533
2 0.41542 0.258613 0.05772 0.0670933
2 0.24681 0.318507 0.03018 0.0722133
2 0.17862 0.429467 0.0432 0.05984
