0 0.150578 0.272292 0.039875 0.0262917
0 0.893047 0.846562 0.01925 0.0217083
0 0.170977 0.145729 0.0109531 0.0297083
0 0.979164 0.172312 0.0323906 0.0380833
0 0.253164 0.469313 0.00814063 0.0100417
0 0.709313 0.533198 0.00971875 0.0367708
0 0.377117 0.531198 0.0171094 0.0243542
0 0.364141 0.250219 0.00390625 0.0118958
0 0.339125 0.539583 0.00759375 0.021625
0 0.592203 0.257177 0.0076875 0.0205208
0 0.861 0.815854 0.019625 0.0480417
0 0.641383 0.229802 0.00870313 0.0269375
0 0.254945 0.227115 0.0201406 0.0363958
0 0.149266 0.307052 0.040375 0.0453958
0 0.976289 0.108021 0.0354844 0.0306667
0 0.966297 0.151792 0.0266562 0.031875
0 0.245227 0.292438 0.0171094 0.0315417
0 0.704953 0.566135 0.0109687 0.0417292
0 0.703156 0.672687 0.0111562 0.02025
0 0.769508 0.757302 0.0242344 0.0474375
0 0.114242 0.48326 0.00557812 0.0120625
0 0.683844 0.228 0.010375 0.0248333
0 0.260992 0.17099 0.0152031 0.0307292
0 0.399891 0.235385 0.0073125 0.00872917
0 0.371547 0.591302 0.00665625 0.0160625
0 0.966945 0.291188 0.0219531 0.0570417
0 0.200727 0.169031 0.0169219 0.0292292
0 0.73143 0.21949 0.00614063 0.0158958
0 0.614758 0.632229 0.0134531 0.0371667
0 0.559711 0.505833 0.00667187 0.0219583
0 0.666656 0.652958 0.02325 0.0179583
0 0.781117 0.157677 0.0163906 0.0336875
0 0.166492 0.5115 0.0117344 0.014875
0 0.895 0.327698 0.0311563 0.0641042
0 0.351586 0.249448 0.00676562 0.0210625
0 0.18207 0.298594 0.0278594 0.0483542
0 0.0129062 0.143844 0.0258125 0.0876875
0 0.5495 0.276667 0.00596875 0.00975
0 0.547539 0.244229 0.00423438 0.0130833
0 0.236891 0.341635 0.015 0.0461458
0 0.246094 0.330385 0.0226875 0.0494792
0 0.954164 0.948969 0.0286094 0.0644375
0 0.587102 0.566156 0.0128906 0.0112708
0 0.554469 0.563125 0.00653125 0.0215417
0 0.638852 0.231677 0.00473437 0.0231875
0 0.16375 0.299708 0.0372188 0.03925
0 0.719313 0.542177 0.012875 0.0325625
0 0.76668 0.746729 0.0184531 0.04725
0 0.39218 0.241042 0.00695313 0.0220833
0 0.570562 0.608594 0.007875 0.0212708
0 0.421906 0.243208 0.00596875 0.0120417
0 0.571539 0.561073 0.00845313 0.0225625
0 0.375875 0.234167 0.0055625 0.0169167
0 0.324422 0.243385 0.007875 0.0148542
0 0.605484 0.517646 0.0104688 0.0227083
0 0.539391 0.218667 0.00471875 0.0125833
0 0.946617 0.575896 0.0103906 0.0322917
0 0.85782 0.112833 0.0154844 0.0282917
0 0.658898 0.234698 0.00789063 0.0294792
0 0.543656 0.520823 0.00640625 0.00914583
0 0.982773 0.238333 0.0317344 0.0438333
0 0.980758 0.534875 0.0153906 0.0266667
0 0.174867 0.233198 0.0269531 0.0477292
0 0.352773 0.598844 0.00748437 0.0258958
0 0.718734 0.268594 0.0123125 0.0258958
0 0.928727 0.13499 0.0401719 0.0383542
0 0.92675 0.92775 0.0105313 0.0242083
0 0.382594 0.475802 0.00440625 0.00647917
0 0.872773 0.100812 0.0190156 0.034875
0 0.656773 0.639167 0.0145469 0.0243333
0 0.649461 0.251552 0.00545313 0.0128958
0 0.555484 0.516313 0.008 0.0116667
0 0.128125 0.182771 0.0271875 0.0512917
0 0.543523 0.282167 0.00839063 0.0189583
0 0.840922 0.844813 0.015875 0.0472917
0 0.531633 0.554531 0.00595313 0.0176875
0 0.0196484 0.64325 0.0168281 0.038375
0 0.989359 0.184354 0.0209688 0.0235833
0 0.933703 0.0915 0.0487812 0.02875
0 0.936625 0.849833 0.0208438 0.0390417
0 0.745469 0.240646 0.0073125 0.0166667
0 0.264422 0.214792 0.0261562 0.0269167
0 0.635922 0.625052 0.007375 0.00622917
0 0.514406 0.37974 0.005 0.0123125
0 0.143398 0.190135 0.0188594 0.0525625
0 0.388445 0.561646 0.0158594 0.0145417
0 0.554602 0.262302 0.00673437 0.0210208
0 0.302219 0.548677 0.00875 0.0185625
0 0.243398 0.45224 0.00560937 0.0129792
0 0.789273 0.157833 0.0122656 0.0332917
0 0.844891 0.891458 0.0111562 0.0284583
0 0.78032 0.752688 0.0257031 0.0416667
0 0.302391 0.586792 0.010375 0.01
0 0.601922 0.242625 0.00653125 0.0266667
0 0.699523 0.235698 0.0107656 0.0158958
0 0.319563 0.232958 0.00634375 0.0129167
0 0.511391 0.218521 0.0058125 0.00983333
0 0.500898 0.390125 0.00307813 0.00845833
0 0.321812 0.562438 0.0111562 0.0212917
0 0.319117 0.603198 0.00960937 0.0141042
0 0.332445 0.222562 0.00673437 0.0205
