0 0.32651 0.380984 0.0427708 0.0625
0 0.280656 0.304781 0.0155625 0.0134687
0 0.812323 0.254461 0.0605625 0.127703
0 0.842083 0.638219 0.138958 0.219031
0 0.850729 0.745703 0.0895417 0.0978125
0 0.756094 0.641859 0.142854 0.229875
0 0.928125 0.379094 0.11375 0.207281
0 0.443656 0.37543 0.0612292 0.175609
0 0.764677 0.301539 0.0964792 0.250078
0 0.285167 0.418219 0.0205833 0.020125
0 0.514042 0.430383 0.092875 0.114109
0 0.774667 0.601383 0.140667 0.215109
0 0.525792 0.291422 0.133208 0.238219
0 0.468281 0.354305 0.0621458 0.0951094
0 0.478969 0.132812 0.0479792 0.0410937
0 0.608187 0.461539 0.0302917 0.0329531
0 0.893188 0.129133 0.067375 0.0792031
0 0.33826 0.29218 0.0526458 0.0848594
0 0.6975 0.304086 0.106792 0.228453
0 0.291729 0.353672 0.028375 0.0823125
0 0.782667 0.745922 0.10325 0.112312
0 0.843906 0.206281 0.0957292 0.102313
0 0.867479 0.358398 0.119458 0.210484
0 0.962844 0.13332 0.0743125 0.138141
0 0.29374 0.27125 0.0276458 0.0408125
0 0.623146 0.151852 0.126875 0.0735156
0 0.632667 0.619344 0.105292 0.241344
0 0.525104 0.145516 0.0803333 0.065375
0 0.384 0.34832 0.0671667 0.135359
0 0.674 0.367953 0.108583 0.205813
0 0.370729 0.463344 0.0773333 0.0397813
0 0.334854 0.364875 0.0300833 0.02
0 0.413052 0.333484 0.0466875 0.126188
0 0.388781 0.473977 0.0301042 0.0233281
0 0.428042 0.145328 0.086125 0.0667813
0 0.55026 0.436586 0.0735208 0.0941094
0 0.681885 0.651547 0.100229 0.255156
0 0.793729 0.115797 0.0597083 0.03675
0 0.606458 0.700516 0.0658333 0.0671563
0 0.293375 0.393203 0.0225 0.0212812
0 0.831198 0.576219 0.160021 0.212344
0 0.321187 0.243633 0.062125 0.0725156
0 0.320344 0.137867 0.0335208 0.0869219
0 0.881625 0.578188 0.144625 0.237844
0 0.387979 0.249859 0.0742917 0.0523125
0 0.400812 0.225234 0.0379583 0.0311875
0 0.96976 0.392234 0.0604792 0.219469
0 0.591313 0.355422 0.112792 0.215344
0 0.366073 0.339148 0.0591458 0.115641
0 0.276875 0.262742 0.0264167 0.0627656
0 0.489573 0.554297 0.0744792 0.144906
0 0.576615 0.144469 0.0449792 0.0559375
0 0.441573 0.303445 0.0385625 0.0777344
0 0.874604 0.216477 0.0790417 0.114078
0 0.69051 0.443313 0.130188 0.111531
0 0.373177 0.142922 0.0962708 0.119344
0 0.332615 0.293047 0.0653542 0.110125
0 0.728812 0.160391 0.0273333 0.074625
0 0.388313 0.428578 0.0420417 0.0258437
0 0.750208 0.148195 0.0572917 0.0698281
0 0.396198 0.42 0.0408125 0.0326562
0 0.33276 0.373562 0.0237292 0.0257188
0 0.318219 0.420953 0.0267708 0.0285625
0 0.653333 0.141813 0.0724583 0.0512188
0 0.371802 0.415164 0.0346458 0.0432344
0 0.313479 0.198672 0.0276667 0.0484375
0 0.520604 0.565648 0.0525833 0.0999844
0 0.468573 0.541258 0.0552708 0.160922
0 0.782281 0.791797 0.0270208 0.0174375
0 0.474729 0.151313 0.061875 0.0800312
0 0.254677 0.3805 0.0173125 0.0482187
0 0.341698 0.425867 0.0283958 0.0294844
0 0.50475 0.453539 0.06975 0.0905781
0 0.961813 0.632313 0.0632917 0.14825
0 0.403635 0.441664 0.0262292 0.0141406
0 0.294073 0.229102 0.0153958 0.0479531
0 0.293042 0.400133 0.0215417 0.0182031
0 0.79099 0.421813 0.0864375 0.121875
0 0.750646 0.731727 0.0649167 0.114359
0 0.359687 0.39925 0.00779167 0.017
0 0.611635 0.589969 0.150979 0.207625
0 0.840146 0.131906 0.0350417 0.0733437
0 0.92701 0.706648 0.0406875 0.0317969
0 0.443302 0.51193 0.0242708 0.0777031
0 0.412458 0.167375 0.074875 0.112563
