2 0.743305 0.692406 0.0714844 0.0559375
2 0.256297 0.528823 0.0574375 0.0678125
2 0.378625 0.431948 0.0668438 0.0861875
2 0.213609 0.535375 0.0340312 0.055375
2 0.341977 0.413625 0.0299844 0.0362917
2 0.167672 0.490177 0.0166875 0.0103125
2 0.674414 0.6825 0.0302031 0.0498333
2 0.276758 0.497406 0.0373594 0.0362708
2 0.334789 0.447375 0.0440469 0.0572083
2 0.243453 0.480583 0.0484375 0.0320417
2 0.31318 0.493625 0.0296719 0.049625
2 0.561203 0.703354 0.146 0.106792
2 0.308 0.42851 0.0324375 0.0586875
2 0.247703 0.411406 0.044 0.0404375
