2 0.494055 0.516 0.0277031 0.047625
2 0.123617 0.539438 0.0996406 0.072
2 0.719227 0.301635 0.0702344 0.0960208
2 0.764109 0.66276 0.105438 0.142563
2 0.573305 0.473531 0.116672 0.0702292
2 0.684656 0.453875 0.088 0.074125
2 0.296125 0.34799 0.0442188 0.0435208
2 0.851125 0.384646 0.0445313 0.0424167
2 0.164172 0.7045 0.0781875 0.0666667
2 0.627188 0.386562 0.0851875 0.0569167
2 0.744313 0.575448 0.0655625 0.101479
2 0.276484 0.541562 0.0801562 0.0505833
2 0.292484 0.727438 0.0609688 0.0379583
2 0.526594 0.305813 0.105187 0.073
2 0.391516 0.320927 0.0354688 0.0408958
2 0.337891 0.511594 0.175531 0.134812
2 0.907 0.440896 0.0661562 0.0520417
2 0.670117 0.266729 0.0517969 0.048875
