2 0.515073 0.541242 0.107938 0.0376719
2 0.35724 0.507047 0.0714375 0.0535937
2 0.401958 0.470273 0.0766667 0.0613906
2 0.731792 0.52582 0.108042 0.0632969
2 0.363667 0.576664 0.0356667 0.0230469
2 0.435688 0.570094 0.118875 0.05775
2 0.640479 0.524648 0.0761667 0.0424219
2 0.493885 0.514602 0.0651875 0.0522031
2 0.407156 0.54418 0.106979 0.0519844
2 0.456292 0.493406 0.0765417 0.069625
2 0.530823 0.583688 0.113229 0.0701875
1 0.321948 0.59718 0.0823958 0.0538594
1 0.205646 0.563594 0.06525 0.0664687
1 0.383083 0.612633 0.090125 0.0511094
1 0.450135 0.603086 0.0751042 0.0539219
