0 0.38992 0.659507 0.02768 0.04024
0 0.48947 0.730133 0.0317 0.0598933
0 0.50638 0.577093 0.01568 0.0264533
0 0.37713 0.77208 0.0153 0.0362133
0 0.50103 0.652733 0.01998 0.0612533
0 0.47896 0.731173 0.02652 0.04432
0 0.34368 0.73696 0.02148 0.0305067
0 0.43152 0.627493 0.02792 0.0456
0 0.35187 0.685147 0.03626 0.04304
0 0.47853 0.762213 0.02146 0.02784
0 0.33958 0.722827 0.0266 0.0362667
0 0.51105 0.789187 0.03246 0.0315467
0 0.36291 0.766907 0.02178 0.0437333
0 0.44663 0.714533 0.0349 0.0576
0 0.31577 0.768293 0.01598 0.0264
0 0.32292 0.729547 0.01536 0.0181333
0 0.34839 0.7686 0.01282 0.0358133
0 0.40278 0.673893 0.04088 0.0443733
0 0.47032 0.770813 0.01912 0.0590133
0 0.32894 0.745973 0.01572 0.0146667
0 0.46224 0.6312 0.02608 0.0432533
0 0.52926 0.583333 0.01728 0.0598933
0 0.35687 0.72788 0.0157 0.0424267
0 0.49443 0.576267 0.02474 0.0222933
0 0.37924 0.723173 0.02464 0.0552
0 0.47359 0.717853 0.00374 0.0172533
0 0.33268 0.770213 0.00748 0.0260267
0 0.43843 0.678067 0.02942 0.04952
0 0.32446 0.769827 0.0094 0.0274933
0 0.50426 0.734653 0.03508 0.0628533
0 0.45158 0.767907 0.02004 0.05096
0 0.40066 0.773827 0.01404 0.0396533
0 0.51543 0.76956 0.0303 0.03976
0 0.37941 0.658573 0.01494 0.0354933
0 0.41046 0.679267 0.03484 0.05096
0 0.37473 0.72292 0.02746 0.0495733
0 0.51654 0.735893 0.02868 0.0686933
0 0.41288 0.77324 0.01724 0.0450933
0 0.4604 0.773587 0.0204 0.05336
0 0.4896 0.788427 0.01344 0.0302933
0 0.38441 0.774133 0.02086 0.0338133
0 0.4828 0.69276 0.01632 0.0504267
0 0.483 0.77764 0.01464 0.0213067
0 0.52631 0.684547 0.01958 0.04664
0 0.38951 0.76116 0.0225 0.01912
0 0.44309 0.63576 0.02358 0.0420267
0 0.47916 0.639107 0.02328 0.0590133
0 0.51902 0.683107 0.01724 0.04056
0 0.4047 0.653707 0.01972 0.02688
0 0.46807 0.638 0.02754 0.0550933
0 0.33861 0.76928 0.01442 0.03376
0 0.51685 0.576627 0.02014 0.0374133
0 0.38867 0.722453 0.02382 0.05648
0 0.45761 0.61812 0.02242 0.01496
0 0.42925 0.718693 0.0073 0.0283733
0 0.45615 0.720293 0.0315 0.0634667
0 0.42347 0.76684 0.01054 0.0263733
0 0.45056 0.68172 0.03232 0.0641333
0 0.4884 0.64732 0.02544 0.0529333
0 0.43753 0.7804 0.0139 0.0325333
0 0.50745 0.709453 0.00814 0.0182133
0 0.43898 0.7708 0.01136 0.02864
0 0.4088 0.719507 0.036 0.0537867
0 0.37587 0.69076 0.02618 0.0459467
