2 0.388602 0.892427 0.0871094 0.157178
2 0.861156 0.983826 0.0752812 0.0323476
2 0.833641 0.903984 0.109969 0.13
2 0.611414 0.785655 0.0750469 0.120384
2 0.76832 0.950666 0.0864219 0.0939278
2 0.418961 0.787415 0.0877969 0.119616
2 0.607641 0.653262 0.0773438 0.0984424
2 0.748352 0.83193 0.0835469 0.141287
2 0.534883 0.744153 0.0814531 0.116072
2 0.590578 0.689605 0.0808438 0.117223
2 0.655062 0.93254 0.084125 0.125169
2 0.322023 0.789481 0.0927031 0.128172
2 0.683875 0.780519 0.0868437 0.123792
2 0.692289 0.704876 0.0807656 0.0922348
2 0.926492 0.947698 0.0854844 0.104605
2 0.473352 0.8786 0.0890469 0.126411
2 0.562586 0.880463 0.0798281 0.120835
