0 0.248126 0.737023 0.0581265 0.0600469
0 0.337201 0.779141 0.0985246 0.0498125
0 0.250585 0.652734 0.0881499 0.0695313
0 0.300375 0.734797 0.0956909 0.0720313
1 0.403642 0.177313 0.11356 0.0754375
1 0.446967 0.100039 0.097822 0.0733594
1 0.449836 0.150367 0.0688525 0.0422656
1 0.394941 0.546945 0.0731148 0.0568594
1 0.362951 0.107352 0.13363 0.0882656
1 0.264251 0.0920625 0.100398 0.084125
1 0.458794 0.556195 0.108548 0.0602969
1 0.531077 0.591148 0.0919906 0.0505469
1 0.291382 0.170141 0.137845 0.089
1 0.466218 0.538805 0.0860187 0.0466719
1 0.460773 0.177336 0.0402342 0.0229844
1 0.369075 0.0622266 0.0953396 0.0402969
1 0.413548 0.528773 0.0965574 0.0469219
