0 0.239312 0.582436 0.00828125 0.0187007
0 0.213969 0.57551 0.019375 0.0167749
0 0.24507 0.57123 0.0139531 0.0145244
0 0.225016 0.540418 0.0215312 0.0258469
0 0.197281 0.540104 0.0074375 0.0246172
0 0.211422 0.529617 0.00915625 0.0259165
0 0.18768 0.574606 0.0164219 0.045174
0 0.373266 0.521415 0.0146875 0.0146172
0 0.257016 0.549745 0.014 0.0133179
0 0.224297 0.602483 0.0141563 0.0243619
0 0.230375 0.606044 0.0227187 0.0342227
0 0.218594 0.518492 0.00815625 0.0237587
0 0.264266 0.562842 0.0258437 0.0300928
0 0.201477 0.526543 0.00898437 0.0274246
