0 0.564781 0.415615 0.04875 0.0566042
0 0.714602 0.239229 0.0797969 0.055375
0 0.745203 0.274333 0.054125 0.0266667
0 0.207883 0.268479 0.0450156 0.0290833
0 0.682016 0.216875 0.0736563 0.0235833
0 0.246141 0.317563 0.0717187 0.0320417
0 0.615992 0.250896 0.0240781 0.0338333
0 0.478195 0.446948 0.0432969 0.0825208
0 0.260352 0.378063 0.0820469 0.03875
0 0.598594 0.377302 0.0373125 0.0843542
0 0.69457 0.357385 0.0953594 0.106229
0 0.546508 0.338958 0.0539219 0.0693333
0 0.420656 0.217979 0.01725 0.0298333
0 0.463531 0.446854 0.0475 0.0817917
0 0.630992 0.10875 0.0646094 0.058125
0 0.672633 0.252563 0.0528906 0.0620417
0 0.305344 0.239677 0.0613125 0.0571458
0 0.496906 0.316167 0.0735625 0.0803333
0 0.705281 0.305063 0.0265937 0.0123333
0 0.152047 0.293594 0.0810937 0.0588542
0 0.374266 0.20649 0.03325 0.0451458
0 0.624484 0.304323 0.0494062 0.0816875
0 0.552633 0.377427 0.0640469 0.0841042
0 0.705273 0.150917 0.0765156 0.0399583
0 0.311906 0.28325 0.0435625 0.0534583
0 0.614977 0.378281 0.0378594 0.0734792
0 0.453391 0.40475 0.0714687 0.085625
0 0.714539 0.376115 0.0949531 0.0746875
0 0.410852 0.338198 0.0869219 0.0410208
0 0.797312 0.19274 0.0644687 0.0762292
0 0.264148 0.350833 0.0914219 0.0415833
0 0.562164 0.400031 0.0639844 0.0611875
0 0.253836 0.331802 0.0846094 0.0292292
0 0.500344 0.4395 0.0385937 0.069625
0 0.153516 0.312948 0.0745 0.0643125
0 0.249828 0.289417 0.0765938 0.0427917
0 0.508758 0.386667 0.0293281 0.052375
0 0.676141 0.132312 0.0525 0.0282083
0 0.402062 0.418219 0.0375 0.0301042
0 0.856141 0.221562 0.0664687 0.0415417
0 0.584023 0.287687 0.0503906 0.0687083
0 0.71943 0.106229 0.0636094 0.0510417
0 0.140109 0.368177 0.0536563 0.0810625
0 0.584172 0.365021 0.0383437 0.0835
0 0.663359 0.34524 0.060625 0.0978125
0 0.786516 0.338656 0.0555 0.0505625
0 0.526578 0.321385 0.0735937 0.0755625
0 0.806789 0.213979 0.0464219 0.0812917
0 0.450422 0.438802 0.055875 0.108021
0 0.223852 0.349104 0.0180781 0.014625
0 0.552742 0.35874 0.0602031 0.0723125
0 0.145141 0.371313 0.0535625 0.0921667
0 0.350914 0.341448 0.0431406 0.0313125
0 0.409742 0.298302 0.0806094 0.0438125
0 0.423367 0.358385 0.0402031 0.0218125
0 0.85907 0.201833 0.0570469 0.0245833
0 0.232094 0.237187 0.0725 0.0482083
0 0.742383 0.182479 0.0578906 0.0417917
0 0.742836 0.129698 0.0339844 0.0323958
0 0.413328 0.380521 0.0661875 0.060875
0 0.208133 0.290115 0.0330781 0.0176875
0 0.773523 0.311479 0.0669844 0.0362917
0 0.548102 0.221594 0.0387969 0.0436042
0 0.733164 0.246927 0.0796094 0.0479375
0 0.549422 0.200948 0.0542188 0.0658958
0 0.407719 0.316802 0.0771875 0.0457708
0 0.662734 0.10474 0.01375 0.0230208
0 0.342039 0.319927 0.0747031 0.0864792
0 0.480063 0.290396 0.0545937 0.05775
0 0.678977 0.205229 0.0891406 0.0455
0 0.456133 0.231802 0.0694219 0.0210208
0 0.728953 0.119844 0.054625 0.0341042
0 0.72875 0.166458 0.0465313 0.0328333
0 0.809117 0.237563 0.0465469 0.0895
0 0.159578 0.339667 0.100625 0.0815417
0 0.153492 0.379302 0.0499531 0.111438
0 0.675906 0.185083 0.0828438 0.036875
0 0.692336 0.104927 0.0279844 0.0253958
0 0.608977 0.406927 0.0482656 0.0461458
0 0.714359 0.358177 0.0895312 0.0704375
0 0.748961 0.293302 0.0583594 0.0239375
0 0.648539 0.244229 0.0609531 0.035625
0 0.446977 0.289417 0.0218281 0.0264583
0 0.618258 0.0973021 0.0744219 0.0638542
0 0.489695 0.30449 0.0734531 0.0802708
0 0.401055 0.369052 0.0716406 0.0511875
0 0.172938 0.378583 0.0325937 0.100583
0 0.672195 0.319854 0.100203 0.1085
0 0.849891 0.186156 0.0436563 0.0236042
0 0.471617 0.219875 0.0569219 0.03
0 0.191328 0.379615 0.0275 0.0812708
0 0.43857 0.262177 0.0285781 0.0224375
