0 0.41068 0.537488 0.149391 0.202313
0 0.28 0.529369 0.181656 0.348318
0 0.0420391 0.733621 0.0840781 0.261776
0 0.212844 0.354696 0.131531 0.573084
0 0.0977813 0.529229 0.195563 0.417103
0 0.22418 0.841752 0.197922 0.316495
0 0.0388906 0.277243 0.0748125 0.264673
0 0.296039 0.981063 0.158578 0.0378738
0 0.383984 0.706028 0.14375 0.206822
0 0.401477 0.455829 0.132734 0.356051
0 0.114695 0.38285 0.0897031 0.199533
0 0.43743 0.811963 0.0626406 0.118131
0 0.0728203 0.931192 0.145641 0.137617
0 0.177945 0.789206 0.208109 0.266589
0 0.363961 0.93118 0.213484 0.13764
0 0.0829141 0.265386 0.0615156 0.165584
0 0.351359 0.317862 0.1565 0.235117
0 0.15843 0.442827 0.0595156 0.300607
0 0.361133 0.838435 0.117078 0.125234
