0 0.972227 0.407882 0.0285469 0.036875
0 0.948547 0.394063 0.0200313 0.0398843
0 0.80425 0.699259 0.0376563 0.0573611
0 0.680977 0.344051 0.0163281 0.0506019
0 0.63443 0.346632 0.0245156 0.0434491
0 0.945805 0.319803 0.0197031 0.0486806
0 0.728875 0.716528 0.0228437 0.0325463
0 0.701922 0.80691 0.039125 0.0353009
0 0.683055 0.316921 0.0188594 0.0410185
0 0.777406 0.363958 0.0297812 0.039213
0 0.454461 0.903264 0.0527656 0.0561574
0 0.697039 0.64934 0.0209844 0.0528472
0 0.755555 0.304398 0.0132656 0.0644444
0 0.802547 0.76544 0.051375 0.022037
0 0.511352 0.747199 0.0344219 0.0251389
0 0.646656 0.381343 0.0426562 0.030463
0 0.794555 0.739803 0.0485781 0.0494213
0 0.678758 0.518437 0.0102031 0.0259028
0 0.984906 0.33956 0.0132188 0.044537
0 0.600867 0.768866 0.0313594 0.027963
0 0.85632 0.394769 0.0233906 0.029537
0 0.669602 0.855961 0.0250781 0.0318287
0 0.7995 0.834525 0.048 0.0357176
0 0.766078 0.340509 0.022125 0.0512963
0 0.724516 0.437292 0.0151875 0.0484722
0 0.636695 0.339039 0.0132344 0.0365509
0 0.77718 0.704491 0.0186406 0.0474537
0 0.768523 0.793229 0.0126094 0.0167361
0 0.811281 0.441944 0.0470625 0.0664352
0 0.658484 0.452176 0.0174687 0.047963
0 0.269133 0.919259 0.0463906 0.0466667
0 0.3115 0.948634 0.0210625 0.0318519
0 0.730336 0.339167 0.0162656 0.0597222
0 0.7385 0.780972 0.0475625 0.0323148
0 0.364953 0.950116 0.0324688 0.0309259
0 0.713352 0.305417 0.0204844 0.025463
0 0.896695 0.304896 0.0203281 0.0423843
0 0.631602 0.529965 0.0123281 0.0145602
0 0.658281 0.749757 0.0349062 0.0308565
0 0.7175 0.828183 0.03725 0.0284028
0 0.430688 0.900903 0.0185 0.0443519
0 0.387109 0.945127 0.030625 0.0292361
0 0.511422 0.726204 0.0327188 0.0196296
0 0.877297 0.338588 0.017125 0.0548611
0 0.593344 0.797755 0.0349062 0.0306481
0 0.891617 0.38787 0.0185156 0.0381944
0 0.686422 0.533079 0.0136562 0.030787
0 0.903258 0.357257 0.0133281 0.0459954
0 0.352203 0.970336 0.028625 0.0309954
0 0.66482 0.811678 0.0273906 0.0394213
0 0.569484 0.701586 0.04825 0.0384491
0 0.670508 0.364618 0.0152344 0.0620602
0 0.610633 0.736852 0.0489531 0.0222222
0 0.563008 0.682431 0.0510156 0.0448611
0 0.554445 0.756794 0.0290469 0.0294676
0 0.744242 0.743218 0.0196406 0.0334259
0 0.792 0.69603 0.0269375 0.0528935
0 0.814484 0.342014 0.0135312 0.0234722
0 0.499047 0.714329 0.0396875 0.0229167
0 0.458156 0.9189 0.0605313 0.035625
0 0.632727 0.489549 0.0285469 0.0430787
0 0.571461 0.714722 0.0396094 0.0266667
0 0.522367 0.799155 0.0262969 0.0351157
0 0.645602 0.859109 0.0295781 0.046412
0 0.681164 0.698461 0.0451406 0.0307639
0 0.77607 0.695613 0.0318594 0.0309028
0 0.730578 0.799977 0.0245625 0.0341204
0 0.449766 0.89287 0.0451562 0.0666667
0 0.692344 0.364745 0.032 0.0515278
0 0.576469 0.75544 0.0385937 0.029537
0 0.692406 0.760428 0.0204063 0.0274306
0 0.273875 0.951563 0.0300625 0.0346065
0 0.645695 0.407106 0.0347656 0.0277778
0 0.776766 0.422234 0.0141875 0.0310417
0 0.650961 0.465648 0.0247344 0.0338426
0 0.915055 0.456019 0.0149844 0.0444444
0 0.745773 0.354363 0.0244531 0.0415509
0 0.878102 0.437141 0.0263281 0.0534491
0 0.900641 0.43103 0.0197188 0.0312731
0 0.960352 0.375579 0.0244219 0.0237037
0 0.633578 0.775255 0.0088125 0.0141204
0 0.871063 0.449236 0.032 0.0523148
0 0.815469 0.378252 0.0281875 0.0512731
0 0.691781 0.836539 0.0323437 0.055625
0 0.640984 0.782627 0.0245 0.0465046
0 0.658016 0.651597 0.0369688 0.0443981
0 0.543063 0.813738 0.0185 0.0230787
0 0.89857 0.45603 0.0167656 0.0540972
0 0.630086 0.689398 0.0282344 0.0303704
0 0.954008 0.326146 0.00829687 0.0369213
0 0.699789 0.688275 0.0301406 0.0215972
0 0.824883 0.388588 0.0295781 0.0305093
0 0.926172 0.443542 0.013 0.0589815
0 0.644461 0.81559 0.0185156 0.0348843
0 0.758898 0.719109 0.0169531 0.0474306
0 0.743203 0.815382 0.0275 0.0497454
0 0.711914 0.75287 0.0198906 0.0212037
0 0.683406 0.759734 0.02 0.0152083
0 0.916086 0.488287 0.0201094 0.0301389
0 0.530398 0.761157 0.0221406 0.03
0 0.763914 0.457824 0.0181719 0.0376852
0 0.701937 0.46 0.0114687 0.0421759
