2 0.439508 0.880507 0.0527656 0.0568811
2 0.421578 0.790468 0.0594063 0.0704094
2 0.443648 0.391179 0.0418594 0.0525341
2 0.268203 0.715809 0.0516875 0.0617154
2 0.676922 0.745702 0.0704375 0.0954581
2 0.679008 0.840945 0.0507344 0.0378363
2 0.46318 0.377943 0.0275469 0.0524172
2 0.819867 0.447183 0.0125156 0.0161598
2 0.28218 0.669094 0.0347031 0.0409942
2 0.761078 0.474727 0.0285938 0.0737037
2 0.481445 0.346374 0.0457969 0.0585575
2 0.240781 0.793782 0.0348125 0.0415205
2 0.517133 0.452417 0.0517969 0.0692398
2 0.62457 0.294269 0.0387656 0.0533723
2 0.389617 0.391832 0.0137031 0.045653
2 0.71932 0.544795 0.0384844 0.0796881
2 0.496836 0.531881 0.0567969 0.044386
2 0.466625 0.514708 0.040625 0.0660624
2 0.498156 0.751569 0.0584687 0.084191
2 0.327531 0.501121 0.0529375 0.0567836
2 0.54375 0.47499 0.033875 0.068538
2 0.495977 0.398304 0.0572656 0.0649123
2 0.28143 0.757632 0.0468906 0.0389279
2 0.46107 0.913509 0.0545469 0.0338402
2 0.690563 0.403002 0.0444688 0.0651852
2 0.536844 0.267875 0.0245 0.0270955
2 0.484023 0.440468 0.0272031 0.0276803
2 0.731727 0.473031 0.0327031 0.0669981
2 0.463141 0.694542 0.0661562 0.10308
2 0.291242 0.779688 0.0253281 0.0401949
2 0.788047 0.612865 0.0135937 0.0151267
2 0.35625 0.641598 0.0198438 0.034386
2 0.538352 0.427749 0.0377969 0.0343275
2 0.611977 0.231706 0.0221406 0.0131579
2 0.647148 0.301335 0.0200156 0.0211111
2 0.384211 0.580634 0.0295781 0.0307018
2 0.565172 0.431413 0.0266875 0.0211111
