0 0.588592 0.369718 0.0207239 0.0129839
0 0.471273 0.513437 0.0341823 0.0153831
0 0.384316 0.52372 0.0259517 0.0328024
0 0.428485 0.493165 0.0495174 0.0218952
0 0.370241 0.49879 0.0326542 0.0210484
0 0.507922 0.473589 0.0412601 0.0143548
0 0.425201 0.449718 0.0250938 0.0340726
0 0.498928 0.459062 0.0393566 0.0162702
0 0.400295 0.542329 0.0262735 0.0189718
0 0.481005 0.490131 0.0465684 0.0233266
0 0.420375 0.590625 0.0405898 0.0258871
0 0.435845 0.506401 0.0406434 0.0137298
0 0.499142 0.245635 0.0153351 0.00667339
0 0.431729 0.524143 0.0641019 0.0225605
0 0.398056 0.484002 0.0273727 0.0433266
0 0.934263 0.297026 0.0139946 0.0115524
0 0.48567 0.529153 0.0325737 0.0161694
0 0.470657 0.556331 0.0139678 0.00794355
0 0.922601 0.204425 0.0167292 0.0147782
0 0.58685 0.378337 0.0136461 0.00897177
0 0.585764 0.39245 0.0127614 0.00828629
0 0.578566 0.338266 0.0135925 0.00737903
0 0.380282 0.477883 0.0207775 0.0368145
0 0.931783 0.199919 0.0116622 0.0177823
0 0.90622 0.215091 0.0304021 0.00929435
0 0.420898 0.545514 0.0327346 0.0207863
0 0.576327 0.378548 0.0112601 0.00564516
0 0.495228 0.514607 0.0245576 0.0117944
0 0.359718 0.543256 0.03 0.0259073
0 0.480536 0.499415 0.0439678 0.0239113
0 0.453204 0.561885 0.0464075 0.0111895
0 0.467936 0.541411 0.0292761 0.0152016
0 0.948968 0.213821 0.0259249 0.00743952
0 0.442185 0.542742 0.0576139 0.015121
0 0.939155 0.258367 0.0123592 0.0149194
0 0.568834 0.349304 0.0110188 0.00578629
0 0.45248 0.55128 0.047748 0.0162702
0 0.455724 0.528427 0.0515013 0.0166532
0 0.515777 0.281673 0.00935657 0.00794355
0 0.370777 0.481815 0.0117962 0.0182258
0 0.44118 0.442792 0.0218231 0.0415927
0 0.950322 0.25622 0.0175871 0.0145363
0 0.514182 0.254748 0.0132976 0.0125605
0 0.590764 0.343901 0.0163807 0.0149798
0 0.426595 0.587399 0.0463807 0.0192339
0 0.344678 0.503851 0.0380429 0.0164516
0 0.443043 0.569667 0.0436193 0.025746
0 0.61134 0.303004 0.0157105 0.0118145
0 0.581997 0.327772 0.0204021 0.0158669
0 0.477761 0.44501 0.0486059 0.0168347
0 0.505188 0.490857 0.0372386 0.0220766
0 0.363378 0.526925 0.043807 0.0312298
0 0.422265 0.575746 0.0603485 0.0202419
0 0.922118 0.285736 0.0155496 0.0191734
0 0.432319 0.469224 0.0126273 0.0097379
0 0.447319 0.448044 0.0265952 0.0341129
0 0.964651 0.234234 0.0242091 0.00693548
0 0.475442 0.471532 0.047185 0.0165726
0 0.936113 0.245282 0.0129759 0.02125
0 0.405952 0.514062 0.0314209 0.0282056
0 0.60689 0.367056 0.028311 0.0156452
0 0.900804 0.260262 0.0296515 0.0128226
0 0.510201 0.505726 0.0207239 0.01625
0 0.951381 0.287036 0.0140751 0.0132258
