0 0.571391 0.317111 0.042875 0.113712
0 0.733227 0.586206 0.0388594 0.127448
0 0.794766 0.24065 0.0151875 0.0548028
0 0.949023 0.479246 0.0788906 0.117285
0 0.245797 0.611972 0.037625 0.174385
0 0.372844 0.244884 0.048125 0.110232
0 0.236141 0.320186 0.0305 0.116102
0 0.61657 0.390302 0.0304531 0.0984223
0 0.771398 0.401381 0.0356406 0.131578
0 0.628328 0.607053 0.0435938 0.157401
0 0.890477 0.315592 0.0282969 0.112993
0 0.698406 0.253271 0.0319063 0.0590255
0 0.84682 0.465998 0.0520156 0.0786775
0 0.354375 0.32732 0.02725 0.124664
0 0.781242 0.304977 0.0454531 0.119188
0 0.908047 0.387784 0.0348437 0.097703
0 0.258922 0.322645 0.0469687 0.126589
0 0.412391 0.398666 0.0385625 0.136868
0 0.209789 0.314536 0.0324844 0.114037
0 0.431484 0.611914 0.0307187 0.132088
0 0.979367 0.27384 0.0412656 0.127123
0 0.913336 0.304872 0.0271406 0.0906729
0 0.267898 0.60406 0.0367656 0.161206
0 0.149227 0.511856 0.0383281 0.131044
0 0.129586 0.390974 0.0457969 0.124176
0 0.511602 0.40848 0.0503906 0.140951
0 0.27007 0.267088 0.0460469 0.122204
0 0.211406 0.257889 0.0398437 0.0933643
0 0.279383 0.412332 0.0524844 0.10406
0 0.0922891 0.314037 0.0420156 0.118933
0 0.24057 0.494269 0.0415156 0.151137
0 0.960977 0.570766 0.0567656 0.133643
0 0.120602 0.310835 0.0305469 0.102645
0 0.800375 0.312796 0.0369375 0.122251
0 0.59893 0.465267 0.0346406 0.0794432
0 0.459961 0.232506 0.00560937 0.0244084
0 0.832312 0.288863 0.0466562 0.125476
0 0.789398 0.396903 0.0453281 0.121879
0 0.245484 0.251334 0.020625 0.0768677
0 0.462859 0.305754 0.0312187 0.090116
0 0.589156 0.245302 0.0406875 0.0786775
0 0.139977 0.319269 0.0279531 0.122158
0 0.856516 0.575046 0.0620938 0.0907425
0 0.0999375 0.396891 0.0295938 0.105197
0 0.903336 0.221752 0.0201406 0.0388631
0 0.370805 0.317726 0.0377969 0.10232
0 0.0963906 0.517088 0.0390313 0.130186
0 0.768844 0.596067 0.0815 0.167169
0 0.977805 0.564107 0.0433281 0.11935
0 0.100391 0.600418 0.0494687 0.173503
0 0.201609 0.500777 0.0439375 0.171671
0 0.746625 0.393434 0.0310312 0.121717
0 0.25893 0.409768 0.0344844 0.0985615
0 0.643883 0.489374 0.0415156 0.112993
0 0.300328 0.623561 0.0458438 0.176265
0 0.686195 0.267668 0.0324219 0.0915777
0 0.361836 0.490441 0.0478594 0.153782
0 0.547438 0.322239 0.027875 0.119884
0 0.320773 0.297169 0.0173594 0.0638515
0 0.6585 0.3921 0.0530625 0.114594
0 0.0724219 0.399107 0.0406875 0.122204
0 0.741422 0.365754 0.0669687 0.0987007
0 0.11607 0.605777 0.0466094 0.183387
0 0.454391 0.600383 0.0437813 0.177796
0 0.517555 0.394002 0.0454844 0.116543
0 0.144078 0.24587 0.0265937 0.0887703
0 0.135656 0.646717 0.0225625 0.0872158
0 0.724945 0.627668 0.0310469 0.0684687
0 0.618016 0.490568 0.036625 0.122158
0 0.689523 0.323886 0.0398594 0.0951972
0 0.270391 0.465093 0.0256875 0.0441067
0 0.665461 0.322343 0.0351094 0.105012
0 0.570219 0.646172 0.0290625 0.0335963
0 0.15793 0.619107 0.0551406 0.17348
0 0.568555 0.579849 0.0700156 0.110046
0 0.697992 0.472053 0.0324219 0.113898
0 0.125211 0.224617 0.0177656 0.054942
0 0.970437 0.383689 0.054 0.0960093
0 0.224531 0.50029 0.023125 0.142158
0 0.24968 0.473132 0.0338906 0.103295
0 0.785086 0.241195 0.0156406 0.0534803
0 0.601344 0.609281 0.0365625 0.151369
0 0.733469 0.478527 0.058125 0.137889
0 0.990727 0.466206 0.0185469 0.13478
0 0.481961 0.299316 0.0530781 0.0804408
0 0.517547 0.496845 0.0327812 0.130209
0 0.770758 0.248086 0.0313906 0.0844316
0 0.495602 0.252958 0.0456406 0.0859629
0 0.812734 0.481462 0.0400625 0.130812
0 0.501383 0.498132 0.0344844 0.16058
0 0.328109 0.325824 0.0300312 0.120696
0 0.475703 0.256357 0.0295 0.0785151
0 0.874336 0.308086 0.0472344 0.121787
0 0.938336 0.303968 0.0450156 0.101949
0 0.729477 0.28 0.0451406 0.0346636
0 0.487336 0.600534 0.0530781 0.1658
0 0.64325 0.39406 0.046125 0.105104
0 0.907242 0.485847 0.0495781 0.105847
0 0.890672 0.575951 0.0659687 0.118121
0 0.443211 0.309919 0.0332656 0.107355
0 0.380781 0.40174 0.0309375 0.132668
0 0.320664 0.489385 0.0493594 0.119745
0 0.824281 0.252645 0.0437813 0.089652
0 0.826422 0.582599 0.051 0.125476
0 0.362211 0.250278 0.0212656 0.0659861
0 0.320133 0.606972 0.0618594 0.157749
0 0.563336 0.236775 0.0257344 0.0760557
0 0.476797 0.381102 0.0279063 0.114362
0 0.661133 0.486462 0.0487344 0.118817
0 0.229961 0.384142 0.0136094 0.0430858
0 0.98968 0.290371 0.0206406 0.118515
0 0.756664 0.4892 0.0594844 0.139698
0 0.938727 0.243155 0.0499219 0.0756381
0 0.862898 0.367343 0.0241719 0.0426218
0 0.951383 0.394791 0.0492656 0.102854
0 0.153016 0.254838 0.0309063 0.107216
0 0.345148 0.257865 0.0144531 0.0786079
0 0.299258 0.469443 0.0416719 0.0789327
0 0.835477 0.444385 0.00954687 0.0316473
0 0.421992 0.398132 0.0290156 0.10819
0 0.442977 0.244675 0.0264219 0.062297
0 0.472352 0.47645 0.0361719 0.111647
0 0.870758 0.399118 0.0598906 0.113596
0 0.891883 0.23087 0.0368594 0.11232
0 0.458219 0.482749 0.04275 0.11891
0 0.602547 0.247459 0.0435938 0.0717633
