2 0.71623 0.922638 0.06058 0.10241
2 0.51691 0.889479 0.03054 0.0510749
2 0.62493 0.799365 0.0633 0.0943648
2 0.45038 0.864528 0.05 0.0911401
2 0.50987 0.944104 0.04454 0.0703583
2 0.66518 0.943893 0.06112 0.083355
2 0.50291 0.829414 0.06354 0.0931596
2 0.71021 0.850945 0.03866 0.0496417
2 0.46968 0.911417 0.06692 0.0991857
2 0.5053 0.785489 0.0634 0.0638762
2 0.68252 0.822036 0.02292 0.038013
2 0.62221 0.978208 0.03862 0.0194788
2 0.60702 0.959381 0.0362 0.0547231
2 0.56191 0.937736 0.07378 0.0959283
2 0.56834 0.777443 0.07288 0.100293
2 0.63833 0.78399 0.06666 0.0880456
2 0.67271 0.785163 0.03938 0.0685668
