0 0.672553 0.813133 0.0418118 0.0957031
0 0.356459 0.514227 0.0718353 0.0746094
0 0.194294 0.278203 0.0142824 0.0210313
0 0.482953 0.711297 0.0660471 0.0828438
0 0.134929 0.802453 0.0784706 0.0505
0 0.697871 0.795406 0.0228941 0.0720625
0 0.344118 0.518055 0.0825882 0.101922
0 0.422871 0.277305 0.0224 0.0233281
0 0.311412 0.319797 0.118165 0.065125
0 0.453282 0.491414 0.0405412 0.0443594
0 0.320247 0.403586 0.0757412 0.0606406
0 0.626553 0.812227 0.110753 0.103922
0 0.158624 0.308516 0.0198824 0.038625
0 0.265624 0.789359 0.0721882 0.134094
0 0.117518 0.859656 0.126753 0.0444688
0 0.560553 0.489602 0.0444941 0.0623906
0 0.838741 0.893023 0.0772941 0.130828
0 0.120247 0.829609 0.177624 0.0612812
0 0.178176 0.283227 0.0156471 0.00889063
0 0.4762 0.45718 0.0857176 0.0428281
0 0.481729 0.834016 0.0531529 0.0884062
0 0.358812 0.753406 0.0401176 0.0532813
0 0.0964471 0.786062 0.0810353 0.0369375
0 0.240235 0.397641 0.0671529 0.0919062
0 0.258976 0.410781 0.0263765 0.0415937
0 0.533282 0.420586 0.0830353 0.0458906
0 0.292024 0.778852 0.0485176 0.107047
0 0.599647 0.445 0.0359059 0.0715625
0 0.215224 0.277445 0.0212706 0.00876563
0 0.445118 0.817086 0.115365 0.0984844
0 0.321259 0.332359 0.139741 0.0295625
0 0.278659 0.837438 0.0397647 0.0687187
0 0.445341 0.719609 0.0652235 0.0864375
0 0.175812 0.720125 0.0374588 0.024875
0 0.494788 0.418203 0.0417176 0.0359063
0 0.334247 0.700883 0.183412 0.0820469
0 0.388282 0.892469 0.101553 0.0284687
0 0.173094 0.762422 0.149953 0.0336562
0 0.6122 0.935797 0.0563529 0.128406
0 0.263024 0.876406 0.0478824 0.0523125
0 0.552235 0.802984 0.0513412 0.0866563
0 0.139365 0.92007 0.0813176 0.0559844
0 0.551553 0.427563 0.0586824 0.0464062
0 0.589706 0.92775 0.110047 0.140125
0 0.423647 0.802281 0.104941 0.0881563
0 0.213694 0.49282 0.0996235 0.105641
0 0.615294 0.778445 0.0970353 0.0827344
0 0.246753 0.503266 0.0784941 0.120188
0 0.564188 0.917297 0.110024 0.121
0 0.631471 0.412563 0.0629412 0.0666563
0 0.625882 0.452164 0.0308706 0.100422
0 0.0719059 0.887508 0.0472471 0.0168281
0 0.471341 0.828867 0.0807059 0.110766
0 0.635835 0.780242 0.0638588 0.0556719
0 0.577306 0.4805 0.0783765 0.0661562
0 0.314341 0.489602 0.0474588 0.111766
0 0.551459 0.773461 0.0378353 0.0284531
0 0.290341 0.893336 0.0312706 0.0384531
0 0.644988 0.936664 0.0355294 0.123078
0 0.386329 0.332789 0.0684235 0.0640469
0 0.376965 0.738273 0.0749647 0.0489844
0 0.511247 0.82607 0.0602353 0.0843594
0 0.418765 0.498461 0.0397412 0.0438906
0 0.505976 0.927547 0.0338353 0.0239063
0 0.350224 0.440367 0.0558353 0.101766
0 0.169318 0.857805 0.121506 0.127359
0 0.754424 0.839164 0.0245176 0.0251406
0 0.367 0.712266 0.0559765 0.0222188
0 0.176553 0.407555 0.0926353 0.104016
0 0.406553 0.423047 0.046 0.089
0 0.132741 0.416695 0.0873176 0.0630156
0 0.727529 0.929227 0.0807059 0.114359
0 0.393047 0.682563 0.0745176 0.03025
0 0.497129 0.883258 0.0586824 0.0243594
0 0.501553 0.402281 0.0244706 0.0192187
0 0.548953 0.821547 0.0451059 0.0905938
0 0.156541 0.801156 0.0695059 0.0412813
0 0.144624 0.377531 0.0803529 0.0665
0 0.642929 0.405828 0.0938118 0.0776875
0 0.4704 0.90018 0.0795294 0.0274219
0 0.372188 0.435898 0.0505882 0.0964219
0 0.671365 0.934734 0.0285647 0.112469
0 0.271588 0.499687 0.0689176 0.119813
0 0.433482 0.797211 0.129082 0.0943594
0 0.4878 0.478656 0.0526353 0.0487187
0 0.495953 0.896664 0.0718118 0.0128281
0 0.473235 0.919164 0.121294 0.0414219
0 0.212118 0.390125 0.0863059 0.110844
0 0.375706 0.527234 0.0664235 0.0974375
0 0.330529 0.738258 0.0235529 0.0205156
0 0.451788 0.356016 0.0247059 0.06025
0 0.540882 0.489391 0.0229882 0.0560312
0 0.310259 0.765258 0.0216 0.0662969
0 0.724482 0.826875 0.0411529 0.127469
0 0.710247 0.817055 0.0803059 0.145891
0 0.384271 0.774852 0.0303294 0.0497031
0 0.694035 0.934617 0.0725882 0.127172
0 0.489459 0.413141 0.0947765 0.0700313
0 0.407071 0.700398 0.0610118 0.0304531
0 0.191106 0.30782 0.0112 0.0125781
0 0.412565 0.91732 0.0637647 0.0296406
0 0.324024 0.317312 0.0776 0.0310312
0 0.473212 0.348508 0.0498118 0.0779531
0 0.698224 0.445664 0.0484471 0.0440469
0 0.820176 0.892109 0.0542824 0.10125
0 0.202 0.699344 0.132753 0.0719063
0 0.278141 0.886977 0.0581176 0.0634844
0 0.672071 0.462109 0.0362353 0.0477812
0 0.153071 0.277695 0.0254824 0.0117969
0 0.573306 0.430625 0.0377176 0.0509063
0 0.770824 0.876961 0.0638588 0.0892656
0 0.168329 0.295773 0.0262588 0.0146094
0 0.152659 0.863305 0.128565 0.0977031
0 0.403965 0.351328 0.0420941 0.0484687
0 0.0712118 0.439227 0.0895765 0.0533281
0 0.524024 0.849758 0.0284235 0.0479844
0 0.4222 0.33468 0.0700471 0.0880156
0 0.465435 0.733844 0.0262588 0.035375
0 0.398976 0.867375 0.0645412 0.0350937
0 0.197412 0.479516 0.116659 0.1015
0 0.0803059 0.902711 0.0630588 0.0443281
0 0.736212 0.772305 0.0544471 0.0533281
0 0.493859 0.953586 0.0436235 0.0271719
0 0.336282 0.415305 0.0573647 0.0599844
0 0.410659 0.281523 0.0187294 0.0198594
0 0.512118 0.493289 0.0429176 0.0512969
0 0.209988 0.686555 0.143882 0.0366719
0 0.415518 0.704406 0.0720706 0.0976562
0 0.2382 0.708203 0.140165 0.0928125
0 0.447282 0.293125 0.0633176 0.0210313
