0 0.627883 0.388259 0.0499844 0.14278
0 0.508336 0.424626 0.0369219 0.142196
0 0.597797 0.574486 0.02925 0.0366822
0 0.737937 0.4584 0.0945312 0.0537617
0 0.761813 0.358131 0.104531 0.0525701
0 0.564594 0.397313 0.0475 0.16014
0 0.525055 0.518703 0.0481719 0.0816121
0 0.641086 0.319159 0.0522031 0.0741121
0 0.655414 0.517091 0.0562969 0.0815654
0 0.597039 0.461098 0.0320781 0.109953
0 0.556672 0.556928 0.0475938 0.0851168
0 0.540484 0.475876 0.033 0.0801636
0 0.584594 0.427161 0.03575 0.123294
0 0.738883 0.327734 0.0677344 0.0843925
0 0.663789 0.336402 0.0486094 0.09
0 0.709375 0.312991 0.0671875 0.0807944
0 0.636047 0.473201 0.0535625 0.0730841
0 0.70782 0.333259 0.0610781 0.0959112
0 0.537055 0.378376 0.0336094 0.141752
0 0.697258 0.406507 0.0832344 0.0799766
0 0.52675 0.558505 0.0614375 0.0685514
0 0.722562 0.39507 0.0672188 0.0790187
0 0.786594 0.31153 0.0566562 0.0482009
0 0.654156 0.399544 0.0636562 0.0900701
0 0.598313 0.346367 0.0409687 0.120444
0 0.702297 0.571834 0.105156 0.0827804
0 0.698008 0.310946 0.0375469 0.0625
0 0.680281 0.28354 0.025875 0.0390421
0 0.636203 0.584918 0.0449062 0.0789953
0 0.683891 0.458703 0.0654687 0.0496963
0 0.617648 0.529614 0.0414219 0.0489953
0 0.583922 0.539685 0.0351562 0.0516589
0 0.694555 0.507815 0.0576094 0.0555841
0 0.576352 0.495058 0.0471094 0.0654439
