0 0.603352 0.726937 0.0165781 0.0551408
0 0.387172 0.35061 0.0109375 0.0353991
0 0.282516 0.585798 0.0185312 0.0269484
0 0.817281 0.794836 0.0172813 0.0275587
0 0.371164 0.671573 0.0161094 0.0561972
0 0.909313 0.629272 0.0139687 0.0162911
0 0.19482 0.373627 0.0111094 0.0146714
0 0.357844 0.75 0.0212812 0.050939
0 0.0225547 0.875153 0.0235469 0.0410094
0 0.351859 0.669871 0.0233437 0.0627465
0 0.58007 0.751995 0.0145156 0.0399061
0 0.509164 0.444906 0.0175469 0.0294836
0 0.332242 0.567113 0.0325156 0.0581221
0 0.609594 0.734448 0.0194375 0.0426526
0 0.737547 0.561174 0.0169375 0.0217371
0 0.765734 0.641925 0.0155 0.0217371
0 0.224297 0.604096 0.0110625 0.0245775
0 0.330813 0.709214 0.0255937 0.0283803
0 0.748727 0.4675 0.0179219 0.0318545
0 0.834297 0.537876 0.0200313 0.0198826
0 0.118461 0.498286 0.0266719 0.0200469
0 0.791352 0.649472 0.0114844 0.0288028
0 0.085875 0.749883 0.039625 0.0515493
0 0.808742 0.808134 0.0214844 0.0143427
0 0.501891 0.60838 0.00578125 0.0267136
0 0.89143 0.605106 0.0129219 0.0173944
0 0.174484 0.438298 0.0081875 0.0173944
0 0.151219 0.338298 0.00715625 0.0161268
0 0.862633 0.949589 0.0202344 0.0357042
0 0.948187 0.507195 0.01925 0.0137324
0 0.925703 0.399531 0.02625 0.019061
0 0.0462969 0.761643 0.0470938 0.0475117
0 0.930336 0.772512 0.0187969 0.0425352
0 0.151516 0.4548 0.011375 0.0239671
0 0.191695 0.696725 0.00785938 0.029507
0 0.0920703 0.467664 0.0416094 0.0508685
0 0.396047 0.773251 0.0217188 0.0448122
0 0.269461 0.761948 0.0327656 0.0268075
0 0.770289 0.676725 0.0128281 0.0292254
0 0.0412969 0.616162 0.06675 0.0480516
0 0.90582 0.873439 0.0321719 0.0225117
0 0.0547969 0.583075 0.0749375 0.0470892
0 0.758648 0.459202 0.0154219 0.0305634
0 0.487227 0.44723 0.0101406 0.0318779
0 0.786312 0.46108 0.0205625 0.0588732
0 0.530344 0.763345 0.01225 0.0314319
0 0.0158594 0.54777 0.0317188 0.0968545
0 0.189375 0.768192 0.0220938 0.0230986
0 0.172812 0.725235 0.0267812 0.0251174
0 0.746336 0.519613 0.0142031 0.0376761
0 0.176016 0.692265 0.0110625 0.035939
0 0.146969 0.622641 0.006875 0.0181455
0 0.327852 0.433157 0.0608281 0.0343897
0 0.388328 0.681725 0.0227187 0.0521831
0 0.808773 0.83527 0.0175781 0.0123239
0 0.971328 0.440939 0.0188437 0.0259155
0 0.940859 0.538592 0.0149687 0.0244131
0 0.927758 0.948603 0.0198281 0.0276291
0 0.183227 0.721643 0.0165781 0.0165728
0 0.778383 0.496373 0.00582812 0.0179577
0 0.159195 0.699894 0.0107344 0.0272535
0 0.798273 0.632324 0.0123906 0.0223005
0 0.798938 0.711256 0.0155312 0.0180986
0 0.533906 0.745892 0.0258437 0.0656808
0 0.817883 0.539906 0.0198281 0.036338
0 0.562102 0.726702 0.00970312 0.0434977
0 0.489406 0.570798 0.00846875 0.0292019
0 0.271312 0.432136 0.0204375 0.0176995
0 0.182336 0.59466 0.00739063 0.00894366
0 0.961789 0.354131 0.0231406 0.0259624
0 0.922602 0.513556 0.0181719 0.019554
0 0.523422 0.733181 0.022875 0.0556103
0 0.347406 0.542383 0.0344687 0.073169
0 0.0428437 0.40946 0.0824688 0.0383099
0 0.943352 0.959096 0.0268281 0.0350469
0 0.863836 0.924366 0.0287031 0.0201878
0 0.0181953 0.95412 0.0205469 0.0480516
0 0.890453 0.497981 0.0155312 0.0300939
0 0.73618 0.59635 0.0124219 0.0108685
0 0.831008 0.804566 0.0221094 0.0319953
0 0.882086 0.524249 0.0118906 0.0246479
0 0.867172 0.58007 0.00628125 0.0184038
0 0.398234 0.442594 0.0355313 0.0925587
0 0.277742 0.550692 0.00926562 0.0151878
0 0.166883 0.740986 0.0212344 0.0134272
0 0.32075 0.399671 0.0521875 0.0461033
0 0.00947656 0.68912 0.0189531 0.068662
0 0.232305 0.394953 0.0115781 0.0170892
0 0.810586 0.453404 0.0321094 0.0405634
0 0.419797 0.748991 0.0248438 0.0426291
0 0.906031 0.496854 0.022625 0.0219249
0 0.502742 0.739765 0.0168281 0.0470423
0 0.4765 0.722265 0.0148437 0.0533099
0 0.235508 0.455211 0.0132969 0.0262441
0 0.512703 0.686033 0.0169687 0.0173239
0 0.165516 0.415681 0.0128438 0.0189202
0 0.905094 0.402077 0.0187187 0.0401174
0 0.466242 0.468556 0.0227031 0.0233568
0 0.058125 0.460681 0.05325 0.0816901
0 0.414227 0.454026 0.0563906 0.069554
0 0.908586 0.581373 0.0137031 0.0153756
0 0.242719 0.746631 0.02025 0.0552817
0 0.410133 0.575763 0.0293906 0.0583333
0 0.173852 0.351502 0.0110469 0.0256808
0 0.985992 0.80838 0.0140469 0.0205164
0 0.933234 0.742136 0.01125 0.0359624
0 0.467 0.589648 0.00565625 0.0162441
0 0.812023 0.574847 0.0141406 0.0264085
0 0.17032 0.671725 0.0101094 0.0360329
0 0.424859 0.659155 0.0115625 0.0170892
0 0.484227 0.716373 0.00401563 0.0192723
0 0.906242 0.673016 0.0187656 0.0315728
0 0.0829141 0.789484 0.0249844 0.0452113
0 0.377312 0.771655 0.0159063 0.0474413
0 0.477203 0.410246 0.00596875 0.0143897
0 0.910102 0.840223 0.0262344 0.0214319
0 0.0182031 0.419847 0.0364063 0.0311033
0 0.817883 0.442066 0.0454219 0.0319718
0 0.33943 0.489683 0.0569844 0.0503991
0 0.211047 0.374437 0.0185937 0.0282629
0 0.207102 0.537477 0.0113594 0.0245305
0 0.412555 0.696667 0.0346719 0.0614085
0 0.526055 0.387477 0.00701563 0.0205399
0 0.449852 0.437876 0.0173594 0.0310563
0 0.857805 0.611279 0.0167344 0.0202113
0 0.119914 0.649378 0.0106406 0.033169
0 0.497836 0.372899 0.0112031 0.0551878
0 0.274383 0.537477 0.0120156 0.024108
0 0.995375 0.909624 0.00925 0.0347887
0 0.0106563 0.29642 0.0213125 0.0624178
0 0.750039 0.681667 0.0154844 0.0261033
0 0.207516 0.661362 0.0104375 0.0351643
0 0.899836 0.920798 0.0256406 0.0342254
0 0.23393 0.419249 0.0270469 0.013662
0 0.0424687 0.812535 0.022 0.0674178
0 0.759531 0.568638 0.0197188 0.022723
0 0.941922 0.771491 0.01425 0.0447183
0 0.238023 0.500974 0.00751562 0.026784
0 0.278539 0.604965 0.0101094 0.020493
0 0.130789 0.640822 0.0123594 0.0284507
0 0.484016 0.3823 0.02075 0.0371362
0 0.822359 0.887336 0.0149375 0.0431221
0 0.930063 0.458768 0.0240938 0.0189906
0 0.344508 0.738545 0.0140469 0.0575117
0 0.251898 0.552254 0.00645312 0.0307512
0 0.0607266 0.693979 0.0462656 0.069554
0 0.417117 0.50615 0.0636406 0.0346009
0 0.0280781 0.703016 0.0353438 0.068662
0 0.994375 0.938075 0.01125 0.0195305
0 0.563328 0.680376 0.0149375 0.041784
0 0.208531 0.416608 0.0125938 0.0239202
0 0.764883 0.407852 0.0209531 0.0318075
0 0.524047 0.487653 0.0140313 0.0220188
0 0.0673594 0.734965 0.0408437 0.0505869
0 0.0388437 0.372653 0.0776875 0.0409859
0 0.420633 0.49689 0.0419219 0.0173944
0 0.774055 0.472629 0.0216719 0.0246009
0 0.118172 0.612418 0.013625 0.0248357
0 0.243023 0.602019 0.0102344 0.0106573
0 0.901211 0.566491 0.0179219 0.0215728
0 0.523805 0.698967 0.0107344 0.0170892
0 0.78382 0.548498 0.0119844 0.0316901
0 0.461727 0.725153 0.0150781 0.0496948
0 0.339258 0.372969 0.0253906 0.0975352
0 0.950578 0.399167 0.009375 0.0126995
0 0.0757344 0.463239 0.0509063 0.0765728
0 0.454234 0.502347 0.0257188 0.016338
0 0.959055 0.323908 0.0290469 0.0218545
0 0.28075 0.46966 0.0164375 0.0187559
0 0.419523 0.810235 0.0416094 0.0315962
0 0.180664 0.753134 0.0162969 0.0303052
0 0.0584141 0.829906 0.0308281 0.0661033
0 0.339 0.636948 0.0263125 0.057277
0 0.909164 0.946737 0.0293281 0.036338
0 0.867422 0.634014 0.0127188 0.0219249
0 0.134492 0.672042 0.0140469 0.0242254
0 0.420328 0.403768 0.0329062 0.0435446
0 0.425687 0.597347 0.0334688 0.0586854
0 0.424023 0.690951 0.0281406 0.0644836
0 0.816906 0.596667 0.0044375 0.0180751
0 0.481555 0.774014 0.0125156 0.0277934
0 0.379297 0.391303 0.05375 0.0708216
0 0.798617 0.595129 0.0106094 0.0150469
0 0.0397422 0.453216 0.0539844 0.0775117
0 0.434883 0.75466 0.0225156 0.0335446
0 0.257211 0.366819 0.0145781 0.0325117
0 0.028125 0.749073 0.0413125 0.0527934
0 0.488094 0.592453 0.00953125 0.018662
0 0.556852 0.68473 0.0225469 0.0410563
0 0.289258 0.504143 0.0161719 0.0239202
0 0.377797 0.548674 0.0205 0.0732629
0 0.0781172 0.690892 0.0396406 0.063662
0 0.502555 0.546373 0.00939062 0.0223239
0 0.784406 0.777183 0.0149375 0.0386385
0 0.879633 0.952793 0.0256094 0.0223474
0 0.506953 0.770962 0.0224375 0.0310798
0 0.73807 0.488979 0.0240781 0.0396479
0 0.475219 0.517958 0.0095 0.0338028
0 0.507062 0.730904 0.0155937 0.0498357
0 0.449781 0.393709 0.0237813 0.0324413
0 0.507945 0.576526 0.00960937 0.0262441
0 0.460328 0.435798 0.0174063 0.0253991
0 0.83268 0.907019 0.0218906 0.0413146
0 0.469992 0.403885 0.00942187 0.0258451
0 0.165789 0.400822 0.0154844 0.0226761
0 0.186039 0.418615 0.0127344 0.0275117
0 0.233461 0.470469 0.00810938 0.0168075
0 0.43632 0.793157 0.0340781 0.0229812
0 0.50325 0.510094 0.0135937 0.0301878
0 0.431828 0.686279 0.02575 0.0649531
0 0.356953 0.634014 0.0233437 0.0705634
0 0.951758 0.477993 0.0157656 0.01777
0 0.501437 0.627594 0.0124688 0.0130751
0 0.956984 0.802477 0.0105313 0.0198826
0 0.476555 0.446092 0.0104531 0.0350469
0 0.885586 0.825986 0.0199844 0.0715493
0 0.0164766 0.631737 0.0309844 0.0479812
0 0.399672 0.549249 0.0289375 0.0549765
0 0.794758 0.698286 0.0123906 0.0251643
0 0.810055 0.70061 0.00914062 0.0312676
0 0.378375 0.729108 0.0169687 0.0622066
0 0.397656 0.330974 0.0184062 0.064108
0 0.54257 0.701538 0.0288906 0.0138263
0 0.208109 0.49223 0.0121875 0.0223474
0 0.794406 0.678768 0.0112812 0.0251408
0 0.976844 0.328192 0.0291563 0.0350235
0 0.358172 0.543486 0.0229687 0.0806338
0 0.0276094 0.331972 0.0547188 0.0738967
0 0.807977 0.670716 0.00907812 0.0303052
0 0.571812 0.730117 0.01425 0.0366667
0 0.623539 0.698592 0.00867187 0.0313615
0 0.516734 0.383169 0.00784375 0.0225822
0 0.906867 0.552277 0.0119219 0.0140376
0 0.601195 0.723404 0.0218281 0.0555869
0 0.8955 0.82939 0.0280313 0.0547887
0 0.266492 0.497829 0.0166719 0.0209624
0 0.924313 0.497805 0.019375 0.0212911
0 0.217703 0.403052 0.0143437 0.0269484
0 0.778336 0.598908 0.0150781 0.0220423
0 0.176805 0.628862 0.0133594 0.0374413
0 0.78893 0.529354 0.0135469 0.0434507
0 0.175539 0.399214 0.0124844 0.0239671
0 0.898086 0.350528 0.0134219 0.0337324
0 0.862414 0.544683 0.0336719 0.0173944
0 0.581742 0.685915 0.00757812 0.0085446
0 0.385719 0.645951 0.0184375 0.0690845
0 0.931742 0.812723 0.0147656 0.0283568
0 0.455359 0.6923 0.0142813 0.0394366
0 0.80718 0.54 0.0194219 0.0292019
0 0.153078 0.430106 0.013625 0.0279577
0 0.494984 0.505176 0.0103125 0.0288498
0 0.163617 0.500833 0.0103281 0.00838028
0 0.631977 0.698862 0.0107656 0.0308685
0 0.987766 0.844624 0.0179687 0.0201878
0 0.136758 0.706209 0.0252031 0.0527934
0 0.481227 0.547664 0.00532813 0.0158451
0 0.224117 0.696772 0.0104531 0.0233568
0 0.46207 0.522852 0.0111094 0.0282864
0 0.371258 0.620552 0.0181719 0.0572066
0 0.950133 0.450329 0.0107969 0.0101878
0 0.772594 0.702923 0.0126875 0.0301174
0 0.51332 0.542934 0.0147031 0.025446
0 0.404938 0.669096 0.018375 0.0642958
0 0.230312 0.75885 0.0115625 0.0251643
0 0.186359 0.404343 0.00871875 0.0203286
0 0.140039 0.638369 0.00851563 0.0267371
0 0.98625 0.875446 0.0160313 0.01723
0 0.257281 0.643685 0.0080625 0.0257746
0 0.870336 0.718627 0.0103281 0.0223709
0 0.507828 0.406854 0.0117813 0.0515962
0 0.387273 0.5975 0.0347031 0.0552817
0 0.968336 0.549308 0.00901562 0.016831
0 0.229922 0.740587 0.0145937 0.0119718
0 0.213359 0.491162 0.00984375 0.0212911
0 0.256133 0.341138 0.0119844 0.033216
0 0.227398 0.467371 0.00623438 0.0161502
0 0.726898 0.519542 0.0134531 0.0157042
0 0.313133 0.457746 0.0483281 0.0292019
0 0.921937 0.578685 0.0134062 0.0193897
0 0.918133 0.891303 0.0229844 0.0263615
0 0.876148 0.672969 0.0186094 0.0419953
0 0.749094 0.639977 0.0151562 0.018169
0 0.901672 0.829354 0.0254063 0.0412441
0 0.917547 0.594519 0.0122813 0.0181925
0 0.267766 0.549401 0.0105625 0.0181455
0 0.0815312 0.408439 0.038625 0.0527934
0 0.160102 0.331667 0.00826563 0.013662
0 0.292242 0.41304 0.0208906 0.0144836
0 0.0336016 0.925305 0.0299531 0.0518779
0 0.777047 0.449214 0.02675 0.0294131
0 0.0861094 0.838592 0.0480938 0.0570423
0 0.165406 0.629202 0.0136562 0.037277
0 0.818109 0.624202 0.0095 0.0325352
0 0.243367 0.58561 0.00764062 0.0195775
0 0.543617 0.758263 0.0357656 0.0478404
0 0.155344 0.679812 0.00909375 0.0186385
0 0.800672 0.458427 0.0183437 0.0530516
0 0.961008 0.977793 0.0140469 0.0195775
0 0.963219 0.503862 0.01 0.0150469
0 0.386359 0.417958 0.0530625 0.0585446
0 0.279758 0.504977 0.0120156 0.0299061
0 0.247852 0.395446 0.0149531 0.0281221
0 0.487039 0.499061 0.00904687 0.0280282
0 0.887258 0.356115 0.0163594 0.0592254
0 0.0221875 0.836866 0.0256875 0.0579108
0 0.136688 0.470516 0.0093125 0.0123005
0 0.521008 0.457289 0.0110469 0.0220423
0 0.483719 0.517887 0.0101875 0.0338498
0 0.00914063 0.89169 0.0174063 0.0183568
0 0.406922 0.440716 0.0312812 0.069554
0 0.899055 0.475763 0.0171719 0.0268779
0 0.763047 0.705552 0.0112812 0.0244366
0 0.973664 0.528908 0.0266094 0.0171596
0 0.763227 0.621056 0.0136719 0.0305634
0 0.210023 0.336244 0.0134219 0.0105634
0 0.192531 0.568063 0.009875 0.0190845
0 0.886445 0.677793 0.0133281 0.044507
0 0.0370078 0.547664 0.0553594 0.09223
0 0.232797 0.549366 0.0074375 0.0248357
0 0.548969 0.991878 0.0184062 0.0162441
0 0.223164 0.749331 0.0286719 0.0431221
0 0.919352 0.822664 0.0203906 0.0257042
0 0.0546484 0.531854 0.0363281 0.0817371
0 0.900891 0.647934 0.0197188 0.0187324
0 0.172242 0.467336 0.0127344 0.0227465
0 0.134805 0.503005 0.00926562 0.0166197
0 0.901664 0.425575 0.0158906 0.0357042
0 0.875836 0.489308 0.0107656 0.0314319
0 0.141109 0.504554 0.00990625 0.0102347
0 0.259219 0.59973 0.00896875 0.0323239
0 0.830758 0.835188 0.0282344 0.0184038
0 0.340906 0.623592 0.0146563 0.0298122
0 0.516648 0.705904 0.0197969 0.026784
0 0.991172 0.787805 0.0140625 0.0207277
0 0.89957 0.617265 0.0127969 0.0143427
0 0.187383 0.531315 0.00448438 0.0085446
0 0.92868 0.557911 0.0113594 0.0201878
0 0.250406 0.752019 0.017625 0.0386385
0 0.155781 0.362031 0.0126562 0.0228404
0 0.886883 0.906737 0.0161094 0.0232864
0 0.937711 0.370481 0.0149531 0.0317606
0 0.931516 0.896878 0.01625 0.0176056
0 0.265734 0.392113 0.0187812 0.0246009
0 0.230141 0.641256 0.00828125 0.0188967
0 0.49643 0.474918 0.0113906 0.0303052
0 0.942805 0.821408 0.0164844 0.0376526
