0 0.253345 0.662914 0.132183 0.235484
0 0.0480751 0.652477 0.0949296 0.169047
0 0.933627 0.465031 0.0833568 0.209844
0 0.330775 0.444336 0.074507 0.190484
0 0.0394366 0.511547 0.0788732 0.06875
0 0.93223 0.181242 0.0292488 0.0638906
0 0.835129 0.480195 0.129601 0.244109
0 0.4877 0.900547 0.12446 0.198906
0 0.494531 0.0791016 0.0860094 0.157203
0 0.300775 0.0816094 0.058169 0.163219
0 0.807934 0.727477 0.16277 0.254578
0 0.592359 0.286711 0.121526 0.177422
0 0.315692 0.689609 0.120915 0.262219
0 0.195305 0.234086 0.104695 0.233203
0 0.0242371 0.616133 0.0484742 0.113453
0 0.439566 0.670258 0.106455 0.171766
0 0.967958 0.671563 0.06277 0.146656
0 0.128028 0.0423125 0.109671 0.08425
0 0.687864 0.452156 0.118169 0.146687
0 0.596009 0.206516 0.0538967 0.104156
0 0.249671 0.0327578 0.0765258 0.0655156
0 0.936115 0.0644609 0.126878 0.125203
0 0.355833 0.0787422 0.0640141 0.157484
0 0.597324 0.697258 0.088169 0.196453
0 0.0952582 0.0787812 0.0892958 0.157562
0 0.915434 0.920906 0.0416197 0.152062
0 0.978545 0.913359 0.0429108 0.148938
0 0.35284 0.404961 0.0615023 0.117859
0 0.122688 0.392898 0.105282 0.0877656
0 0.764965 0.694039 0.0644836 0.202766
0 0.539965 0.906187 0.127864 0.187625
0 0.242981 0.0752109 0.0777465 0.101078
0 0.360434 0.273602 0.0708216 0.155203
0 0.881702 0.0647734 0.135094 0.129547
0 0.245552 0.880055 0.150117 0.239891
0 0.101678 0.701391 0.130446 0.1515
0 0.69473 0.08675 0.0652817 0.169125
0 0.726678 0.258461 0.162042 0.192141
0 0.0711268 0.251789 0.0599531 0.166984
0 0.608709 0.0151328 0.0346479 0.0302656
0 0.518063 0.470039 0.0981455 0.188016
0 0.953721 0.690906 0.0898826 0.175844
0 0.629977 0.974734 0.0496714 0.049
0 0.482793 0.254086 0.0925822 0.214641
0 0.711948 0.466641 0.151878 0.180625
0 0.252007 0.107289 0.0476761 0.0737969
0 0.750223 0.255734 0.170681 0.195437
0 0.142852 0.68275 0.115986 0.242937
0 0.274014 0.218492 0.162441 0.224984
0 0.377031 0.688586 0.0993192 0.259328
0 0.956021 0.0588984 0.0879577 0.117797
0 0.356397 0.905281 0.156737 0.189437
0 0.908756 0.694367 0.15061 0.186516
0 0.0437441 0.259117 0.0830282 0.189953
0 0.946197 0.249477 0.107606 0.194203
0 0.0794484 0.343508 0.0361737 0.0297656
0 0.0990845 0.655102 0.116244 0.157953
0 0.976796 0.243781 0.0464085 0.182812
0 0.0859155 0.912008 0.0879343 0.175984
0 0.433369 0.262367 0.0839202 0.235766
0 0.403322 0.918617 0.159883 0.160828
0 0.63392 0.0753984 0.0752582 0.150266
0 0.585446 0.460273 0.0858216 0.202047
0 0.182993 0.883016 0.0646714 0.204219
0 0.894284 0.473727 0.112089 0.228234
0 0.0112089 0.0209609 0.0224178 0.0397344
0 0.97662 0.61618 0.0438498 0.112828
0 0.889214 0.25357 0.126033 0.210391
0 0.686561 0.873867 0.034061 0.0698281
0 0.378756 0.0760625 0.0652582 0.151063
0 0.578521 0.0216172 0.0546009 0.0421406
0 0.956033 0.460352 0.0838028 0.210828
0 0.044108 0.909555 0.0857277 0.179203
0 0.451538 0.698828 0.0981455 0.212094
0 0.728462 0.0774609 0.0598357 0.153984
0 0.686197 0.932672 0.101127 0.132531
0 0.518791 0.433969 0.0634038 0.119469
0 0.851538 0.69293 0.121291 0.187703
0 0.461514 0.480422 0.0769718 0.212156
0 0.0459507 0.408727 0.0570657 0.165578
0 0.762617 0.391664 0.0764554 0.0716406
0 0.539988 0.697625 0.0666901 0.2
0 0.63588 0.192461 0.0456573 0.0351719
0 0.22723 0.468461 0.129155 0.249672
0 0.449308 0.600922 0.0530751 0.0219375
0 0.247488 0.445508 0.113239 0.200547
0 0.423955 0.405336 0.0434977 0.0302656
0 0.792617 0.0218359 0.0514319 0.0427656
0 0.620493 0.896695 0.100235 0.190109
0 0.68588 0.482953 0.133732 0.185031
0 0.114542 0.462969 0.116972 0.194469
0 0.726479 0.692789 0.0561972 0.194203
0 0.883732 0.910742 0.0993897 0.175297
0 0.0854108 0.404562 0.0919953 0.179594
0 0.535141 0.205633 0.0750235 0.111859
0 0.627758 0.464484 0.121385 0.228844
0 0.323028 0.0148828 0.0115023 0.0292969
0 0.125845 0.908195 0.0633803 0.183609
0 0.927007 0.137 0.141714 0.0437188
0 0.492746 0.696 0.0504225 0.196
0 0.38811 0.903367 0.124296 0.175297
0 0.432324 0.0813203 0.0943192 0.161109
0 0.311937 0.825859 0.100305 0.108062
0 0.190117 0.0390859 0.0943662 0.0773281
0 0.819354 0.0797969 0.136737 0.147281
0 0.841573 0.370703 0.0615962 0.0354063
0 0.683791 0.68032 0.119366 0.198203
0 0.0346009 0.753406 0.0490141 0.075
0 0.956138 0.919805 0.0834038 0.158234
0 0.591772 0.610906 0.0511033 0.0562187
0 0.282465 0.270234 0.0259155 0.107406
0 0.197817 0.669953 0.0719718 0.216781
0 0.358157 0.240984 0.0810094 0.115469
0 0.517735 0.282719 0.139507 0.187969
0 0.229707 0.233094 0.108052 0.242625
0 0.056115 0.0170625 0.0519484 0.034125
0 0.699484 0.71368 0.123333 0.235547
0 0.20162 0.891703 0.0904695 0.216594
0 0.162007 0.430914 0.187066 0.184453
0 0.408826 0.472906 0.0994836 0.226344
0 0.832711 0.246563 0.109366 0.203938
0 0.549577 0.0874062 0.0709859 0.172375
0 0.975681 0.694461 0.0486385 0.0440156
0 0.963063 0.0275078 0.0525587 0.0550156
0 0.575106 0.974469 0.0869249 0.0494687
0 0.02527 0.401977 0.0325117 0.195078
0 0.113028 0.231031 0.0826291 0.250969
0 0.685716 0.27425 0.159038 0.215438
0 0.0747418 0.791172 0.0423474 0.0400313
0 0.277829 0.537281 0.0681455 0.0625938
0 0.152347 0.275477 0.0275587 0.0921406
0 0.180106 0.0747734 0.0681455 0.0520781
0 0.966315 0.207891 0.0673709 0.141187
