1 0.45852 0.650586 0.02 0.0289189
1 0.26895 0.716321 0.02046 0.0478378
1 0.37736 0.718784 0.02512 0.0343844
1 0.39328 0.621411 0.01436 0.0222823
1 0.41972 0.634369 0.01536 0.017027
1 0.45497 0.717042 0.01462 0.021952
1 0.38747 0.641622 0.01246 0.0161562
1 0.28755 0.638874 0.01358 0.0205105
1 0.40117 0.733814 0.01162 0.021021
1 0.39637 0.708679 0.02006 0.0306306
1 0.50294 0.717162 0.01932 0.0303604
1 0.41403 0.712748 0.0133 0.0232132
1 0.47843 0.650616 0.02158 0.0304204
1 0.41207 0.731712 0.01694 0.0257057
1 0.42647 0.727282 0.01742 0.0271772
1 0.42913 0.616712 0.01526 0.0166667
1 0.26411 0.651517 0.02818 0.042973
1 0.34718 0.65045 0.0296 0.02
1 0.34309 0.673619 0.01854 0.0245345
1 0.28964 0.666757 0.01516 0.0296096
1 0.3213 0.681021 0.02164 0.0126727
1 0.47085 0.718063 0.0183 0.0327027
1 0.31708 0.660375 0.01736 0.0253754
1 0.32693 0.725511 0.0181 0.0376877
1 0.27334 0.619114 0.01388 0.0132432
1 0.44689 0.652673 0.01418 0.0203003
1 0.3908 0.734474 0.01528 0.0171171
1 0.50641 0.651021 0.01938 0.0333934
1 0.48839 0.718559 0.0161 0.028048
1 0.39431 0.608018 0.01406 0.0200601
1 0.303 0.726456 0.0266 0.0413213
1 0.46406 0.727477 0.013 0.0162162
1 0.40971 0.624354 0.02082 0.0276877
1 0.35728 0.682568 0.0152 0.0215315
1 0.34679 0.718093 0.02438 0.0330631
1 0.31802 0.739369 0.01528 0.0211411
