0 0.938945 0.238177 0.00376563 0.0144792
0 0.899266 0.260854 0.00896875 0.007875
0 0.902172 0.235042 0.00665625 0.0111667
0 0.920203 0.271521 0.0109063 0.0109167
0 0.909961 0.248896 0.00867187 0.0140417
0 0.904039 0.273781 0.00804688 0.0129792
0 0.913789 0.25049 0.00570312 0.0106042
0 0.988883 0.263083 0.00785938 0.0115833
0 0.93557 0.239125 0.00507813 0.0147083
0 0.985492 0.293583 0.00557812 0.0135
0 0.906781 0.274052 0.00675 0.0136875
0 0.887023 0.267313 0.00823437 0.0131667
0 0.95007 0.259719 0.00454688 0.0145625
0 0.898391 0.246688 0.0074375 0.01625
0 0.953867 0.252833 0.00485937 0.012125
0 0.923195 0.238073 0.00867187 0.0126875
0 0.947969 0.240885 0.006625 0.0091875
0 0.968938 0.270052 0.0055625 0.00847917
0 0.962641 0.268375 0.00803125 0.01
0 0.932648 0.249188 0.00245313 0.007375
0 0.946609 0.257792 0.0066875 0.0136667
0 0.915562 0.262604 0.00596875 0.0129167
0 0.947523 0.278208 0.00423438 0.006
0 0.971008 0.24325 0.00351563 0.0115833
0 0.950836 0.241656 0.00292187 0.00972917
0 0.923281 0.251927 0.0035 0.0101875
0 0.988937 0.278313 0.00896875 0.0159583
0 0.913375 0.260104 0.0063125 0.013125
0 0.993508 0.262406 0.00654688 0.0110625
0 0.971328 0.282385 0.0076875 0.0109375
0 0.992602 0.244906 0.00482812 0.0125625
0 0.970547 0.254625 0.0054375 0.0165
0 0.903086 0.24851 0.00879687 0.0117292
0 0.960813 0.240542 0.00846875 0.0112917
0 0.917336 0.250833 0.00470312 0.0107083
0 0.954281 0.241885 0.0061875 0.00747917
0 0.979484 0.271865 0.0036875 0.0081875
0 0.980414 0.243104 0.00632812 0.0105417
0 0.913594 0.273927 0.003125 0.0080625
0 0.978344 0.268323 0.00703125 0.0143125
0 0.966023 0.267146 0.00460938 0.0114167
0 0.9265 0.239448 0.0033125 0.00935417
0 0.977539 0.282365 0.00367188 0.0113125
0 0.931766 0.274948 0.00553125 0.00460417
0 0.991484 0.280938 0.00728125 0.0165833
0 0.981891 0.254208 0.004 0.0168333
0 0.951023 0.278146 0.00317187 0.010125
0 0.929688 0.277073 0.0210938 0.00877083
0 0.943156 0.258198 0.00865625 0.0150208
