0 0.780898 0.548802 0.0130781 0.0358958
0 0.657609 0.422906 0.006125 0.00422917
0 0.36582 0.405698 0.00617188 0.00610417
0 0.314813 0.465219 0.00428125 0.0144792
0 0.782344 0.496708 0.005375 0.025125
0 0.692578 0.420312 0.00778125 0.006375
0 0.117734 0.742573 0.0386562 0.0325625
0 0.205695 0.492635 0.00560937 0.00989583
0 0.306242 0.51525 0.0219219 0.0135833
0 0.803063 0.487177 0.00671875 0.0225625
0 0.271617 0.5045 0.00617188 0.0133333
0 0.0879766 0.748542 0.0388906 0.0642917
0 0.828633 0.561719 0.0204844 0.0194375
0 0.289047 0.530406 0.0084375 0.0296042
0 0.0471016 0.542438 0.00710937 0.0120417
0 0.868844 0.531708 0.00634375 0.00504167
0 0.171813 0.481792 0.01 0.0133333
0 0.1565 0.569615 0.012875 0.0182292
0 0.0506797 0.644552 0.0290781 0.0233542
0 0.122281 0.542146 0.0355 0.0335
0 0.795562 0.601927 0.0209688 0.0105208
0 0.254313 0.465771 0.0211562 0.0428333
0 0.880656 0.559979 0.0104063 0.015875
0 0.812 0.612312 0.0076875 0.01025
0 0.060125 0.797063 0.0385937 0.0199583
0 0.808789 0.495625 0.0114844 0.0251667
0 0.131961 0.498563 0.0287031 0.0180833
0 0.447828 0.36326 0.00328125 0.0089375
0 0.0304219 0.59299 0.0340312 0.0174375
0 0.109875 0.495406 0.015875 0.0294375
0 0.250078 0.562052 0.0173125 0.0205208
0 0.129289 0.52301 0.0122969 0.0105208
0 0.32518 0.503469 0.0247969 0.0223125
0 0.0541953 0.570521 0.0244844 0.016625
0 0.00678125 0.624281 0.0135625 0.0218125
0 0.215016 0.52699 0.0215625 0.0122708
0 0.645 0.384802 0.005375 0.00589583
0 0.822773 0.543979 0.0130781 0.0335833
0 0.747414 0.458854 0.0174531 0.0295
0 0.0681563 0.747115 0.02975 0.0651458
0 0.703695 0.45 0.0107656 0.014875
0 0.0312266 0.591083 0.0452969 0.02875
0 0.855211 0.56826 0.0112031 0.0253542
0 0.0759688 0.545438 0.0284687 0.0384583
0 0.0151562 0.659427 0.0303125 0.0144792
0 0.939438 0.926969 0.0523125 0.0476875
0 0.0599141 0.691365 0.0303281 0.0183125
0 0.945234 0.961708 0.030375 0.0166667
0 0.72257 0.450437 0.0144219 0.0171667
0 0.0818203 0.774958 0.0170781 0.0352083
0 0.260203 0.506094 0.009125 0.0253958
0 0.126523 0.571802 0.0294219 0.0174375
0 0.242109 0.480698 0.00865625 0.0124375
0 0.749328 0.492229 0.009625 0.0187083
0 0.334328 0.438 0.0134687 0.0230833
0 0.276711 0.532521 0.0151094 0.0204583
0 0.748547 0.520667 0.0199063 0.018875
0 0.823094 0.588583 0.0226875 0.03025
0 0.723594 0.503448 0.014875 0.0132292
0 0.112133 0.727229 0.0521094 0.0435833
0 0.336547 0.494469 0.0203125 0.00752083
0 0.924586 0.907271 0.0430469 0.0447083
0 0.251445 0.539594 0.00848437 0.0108125
0 0.209602 0.601927 0.0327031 0.0176875
0 0.455086 0.352698 0.00692187 0.00589583
0 0.704914 0.437 0.0126094 0.0209167
0 0.154586 0.534302 0.0194219 0.0192292
0 0.144164 0.641615 0.00464063 0.0101458
0 0.0284453 0.713917 0.0369531 0.0413333
0 0.299164 0.428948 0.00667187 0.0140625
0 0.834555 0.583594 0.0105781 0.0158958
0 0.180039 0.625729 0.0323281 0.0255833
0 0.238844 0.570271 0.0228125 0.0115833
0 0.734273 0.518333 0.00776562 0.0233333
0 0.697703 0.464948 0.0166563 0.0108542
0 0.0259766 0.608156 0.0262656 0.00922917
0 0.139852 0.69376 0.0219219 0.0348958
0 0.00969531 0.84826 0.0193906 0.0187708
0 0.0138828 0.682958 0.0253906 0.0166667
0 0.109586 0.652667 0.0155469 0.03925
0 0.131102 0.719281 0.0296094 0.0223125
0 0.128492 0.70074 0.0353594 0.0315625
0 0.82575 0.483208 0.0151875 0.0305
0 0.041375 0.772417 0.05225 0.0136667
0 0.0490156 0.629844 0.0155625 0.0105208
0 0.163461 0.606542 0.0253906 0.0161667
0 0.293055 0.459427 0.0138281 0.0308958
0 0.34143 0.442542 0.00845313 0.0215417
0 0.127406 0.66326 0.0126875 0.0258958
0 0.828313 0.488 0.0096875 0.0312917
0 0.769695 0.555896 0.0107656 0.03025
0 0.0963047 0.745729 0.0296406 0.052125
0 0.232969 0.479344 0.00903125 0.00739583
0 0.181859 0.663948 0.0096875 0.0353958
0 0.0425156 0.623188 0.0202813 0.0197083
0 0.16632 0.534667 0.0192344 0.0364167
0 0.178258 0.536823 0.00879687 0.0217708
0 0.0909922 0.591406 0.0405781 0.0187292
0 0.0916562 0.540125 0.012 0.0575
0 0.0715234 0.72974 0.00673437 0.0210208
0 0.243438 0.585302 0.0284687 0.0156458
0 0.834516 0.525156 0.00628125 0.0169375
0 0.0671953 0.656667 0.0103906 0.0312917
0 0.14368 0.611604 0.0112344 0.0250417
0 0.105828 0.581594 0.0236563 0.0143542
0 0.730555 0.450823 0.00654688 0.0179375
0 0.636906 0.415635 0.01 0.00564583
0 0.271633 0.455187 0.0133906 0.00654167
0 0.623203 0.385719 0.00575 0.00477083
0 0.871883 0.511406 0.0198281 0.0131042
0 0.207086 0.54174 0.0203281 0.0331042
0 0.643133 0.40376 0.00582812 0.00847917
0 0.638242 0.395677 0.00601563 0.00647917
0 0.760656 0.534865 0.0173125 0.0307708
0 0.675852 0.422823 0.0107656 0.0076875
0 0.0343672 0.761635 0.0467969 0.0093125
0 0.713906 0.433427 0.005375 0.0141042
0 0.662672 0.441979 0.00653125 0.00641667
0 0.110414 0.62151 0.0174531 0.0262708
0 0.624898 0.391302 0.00645312 0.0069375
0 0.847375 0.536427 0.0046875 0.0171875
0 0.354695 0.485792 0.00326562 0.004875
0 0.00871094 0.808396 0.0136406 0.0191667
0 0.195852 0.510125 0.0127031 0.0228333
0 0.191328 0.522052 0.02525 0.0171875
0 0.0909062 0.615302 0.0332812 0.0407708
0 0.257344 0.518771 0.0118438 0.0184167
0 0.739133 0.497594 0.0103906 0.0394375
0 0.310602 0.422167 0.00470312 0.008875
0 0.168695 0.559521 0.0400156 0.041875
0 0.124164 0.643406 0.0141719 0.0185208
0 0.0201484 0.731437 0.0370469 0.0273333
0 0.710359 0.457562 0.004625 0.00525
0 0.215453 0.572521 0.0260625 0.0207917
0 0.0603203 0.622312 0.0180781 0.0333333
0 0.17357 0.624479 0.0338281 0.015125
0 0.776094 0.532635 0.0345 0.0377292
0 0.307383 0.475635 0.00807813 0.0189792
0 0.784922 0.570917 0.0178437 0.0159167
0 0.758094 0.46826 0.00578125 0.0174375
0 0.226562 0.53499 0.0100938 0.00385417
0 0.302844 0.527323 0.0058125 0.0200208
0 0.152789 0.633479 0.0103281 0.0236667
0 0.255961 0.434979 0.00948437 0.010625
0 0.754148 0.537833 0.00492188 0.00941667
0 0.695672 0.4095 0.00365625 0.0115417
0 0.828641 0.528573 0.0064375 0.0136875
0 0.794742 0.518687 0.00654688 0.01325
0 0.159406 0.656542 0.0311563 0.0238333
0 0.0352734 0.641417 0.0142656 0.0132083
0 0.800164 0.581281 0.0258594 0.0172292
0 0.745086 0.535 0.0128906 0.0125833
0 0.246031 0.520833 0.0193437 0.0125833
0 0.680836 0.444844 0.00832813 0.0034375
0 0.0180156 0.750635 0.0301563 0.0150208
0 0.773836 0.459594 0.0101719 0.0244792
0 0.0690391 0.561333 0.0178906 0.02975
0 0.661289 0.428302 0.00376563 0.00635417
0 0.78725 0.550771 0.0213438 0.035375
0 0.813195 0.506958 0.00576562 0.0232917
0 0.992297 0.597698 0.0154062 0.0174375
0 0.206328 0.533198 0.00734375 0.0171875
0 0.141141 0.592302 0.0190312 0.00922917
0 0.162297 0.703427 0.0172813 0.0322708
0 0.723883 0.4865 0.0186719 0.0243333
0 0.278211 0.493198 0.0167344 0.00897917
0 0.441703 0.386281 0.0049375 0.0069375
0 0.264273 0.450375 0.0103281 0.00570833
0 0.441523 0.379531 0.00507813 0.00289583
0 0.67318 0.415771 0.00460938 0.00858333
0 0.170977 0.472792 0.0337656 0.01625
0 0.448102 0.376635 0.00523438 0.0036875
0 0.27857 0.545979 0.0173281 0.0120417
0 0.662727 0.390375 0.00670312 0.00695833
0 0.679836 0.393031 0.00451563 0.00452083
0 0.200945 0.549938 0.0267969 0.0264583
0 0.638477 0.422615 0.0117031 0.0055625
0 0.0983984 0.707479 0.0363281 0.0320417
0 0.653867 0.429906 0.0130781 0.0107708
0 0.352438 0.480385 0.009625 0.00589583
0 0.159562 0.615385 0.00953125 0.0172292
0 0.709508 0.48449 0.0140469 0.00589583
0 0.103328 0.690135 0.0174687 0.0211458
0 0.994172 0.614594 0.0114062 0.0120208
0 0.0430938 0.566146 0.00621875 0.0208333
0 0.0304766 0.808396 0.0381094 0.0527083
0 0.0779766 0.64626 0.0271406 0.0300208
0 0.786938 0.476188 0.00753125 0.0127083
0 0.776578 0.492823 0.00884375 0.0210208
0 0.861617 0.521802 0.0109531 0.00922917
0 0.875031 0.541573 0.0113125 0.0167708
0 0.809953 0.594479 0.0115937 0.0302917
0 0.307789 0.508667 0.0230781 0.0133333
0 0.160695 0.481417 0.0146406 0.013875
0 0.21568 0.590875 0.0217344 0.0194583
0 0.827 0.57351 0.00903125 0.0141875
0 0.193328 0.493844 0.008 0.0147708
0 0.365891 0.398771 0.0073125 0.005125
0 0.344781 0.414229 0.00678125 0.00770833
0 0.138281 0.728969 0.0271875 0.0235625
0 0.0721797 0.613031 0.0111406 0.0341042
0 0.325266 0.459667 0.0175 0.0212917
