0 0.52989 0.0736377 0.11338 0.0861377
0 0.69256 0.276931 0.14284 0.085479
0 0.724 0.315599 0.0578 0.101796
0 0.83569 0.418907 0.0351 0.121587
0 0.97277 0.499431 0.05198 0.118503
0 0.6815 0.238503 0.14336 0.131377
0 0.92703 0.394311 0.11734 0.172275
0 0.96252 0.481916 0.07496 0.138922
0 0.82242 0.346153 0.0632 0.102425
0 0.6286 0.187021 0.1012 0.0887725
0 0.80997 0.316587 0.1005 0.120479
0 0.51206 0.0561078 0.08976 0.0795808
0 0.94122 0.414431 0.11756 0.143174
0 0.84673 0.367096 0.07458 0.107545
0 0.94344 0.43979 0.11312 0.116108
0 0.89378 0.388623 0.09252 0.171078
0 0.55038 0.140015 0.093 0.050988
0 0.97607 0.561991 0.04786 0.19021
0 0.77691 0.297889 0.04654 0.0884132
0 0.61528 0.161632 0.07476 0.066976
0 0.627 0.240045 0.07456 0.0972754
0 0.74204 0.308937 0.03328 0.082006
0 0.5083 0.0372156 0.1008 0.0707186
0 0.98667 0.592769 0.02666 0.131886
0 0.84086 0.35988 0.07252 0.104431
0 0.54661 0.105749 0.11174 0.0811976
0 0.43612 0.0192964 0.03408 0.0385928
