0 0.697604 0.653383 0.122396 0.0579531
0 0.765376 0.460461 0.0787187 0.0875156
0 0.666727 0.455227 0.0439833 0.0463594
0 0.806657 0.609102 0.126964 0.0822969
0 0.837604 0.362945 0.0342618 0.0341094
0 0.749805 0.357563 0.0625627 0.0766563
0 0.63046 0.637422 0.0497772 0.0285938
0 0.850404 0.443 0.0867688 0.103219
0 0.909582 0.220594 0.127632 0.129531
0 0.967326 0.308992 0.0653482 0.0910156
0 0.845599 0.498992 0.101003 0.122359
0 0.825724 0.438594 0.0611978 0.0915312
0 0.954568 0.66225 0.087688 0.051625
0 0.783719 0.653813 0.0951253 0.0214688
0 0.772061 0.512039 0.0724234 0.103266
0 0.960696 0.211172 0.0786072 0.127406
0 0.931462 0.536539 0.084039 0.117172
0 0.879359 0.172305 0.0987744 0.0554219
0 0.742437 0.669102 0.0920056 0.0399531
0 0.806811 0.158703 0.0624791 0.0828438
0 0.621588 0.46782 0.0506964 0.0602656
0 0.796755 0.140883 0.0450975 0.0542031
0 0.711811 0.406594 0.0557103 0.0638438
0 0.658106 0.406922 0.0671309 0.0476875
0 0.956253 0.601695 0.0856546 0.102016
0 0.798134 0.237586 0.0971031 0.123391
0 0.679443 0.52782 0.0584401 0.0572969
0 0.697061 0.568602 0.0950696 0.0832969
0 0.840306 0.240617 0.0912535 0.120953
0 0.919457 0.586352 0.120641 0.107609
0 0.900181 0.49718 0.0803621 0.112297
0 0.65876 0.490516 0.0487744 0.0815937
0 0.930864 0.686859 0.0545404 0.0399375
0 0.828496 0.158461 0.0928134 0.0782656
0 0.747967 0.241539 0.108357 0.118453
0 0.684178 0.582641 0.13454 0.092125
0 0.797827 0.347461 0.0447911 0.0490781
0 0.810864 0.66843 0.0779387 0.0462969
0 0.962981 0.272953 0.0726462 0.124875
0 0.699039 0.384 0.0999164 0.0664062
0 0.78085 0.419688 0.116017 0.085375
0 0.583677 0.470258 0.0598329 0.0405156
0 0.575947 0.555906 0.0940669 0.04975
0 0.796421 0.383578 0.103148 0.09575
0 0.829763 0.387211 0.0559053 0.0765469
0 0.843621 0.697727 0.0235097 0.0302031
0 0.935348 0.168719 0.0963788 0.0589688
0 0.980641 0.649945 0.035376 0.0202656
0 0.630947 0.524242 0.0558774 0.0701406
0 0.894875 0.283844 0.0871866 0.14925
0 0.740265 0.248016 0.160696 0.115094
0 0.757131 0.552742 0.127298 0.104453
0 0.61312 0.434547 0.0758217 0.0496875
0 0.650571 0.629484 0.0561838 0.0235938
0 0.971936 0.501469 0.0561281 0.0693438
0 0.712061 0.467008 0.0784401 0.100453
0 0.660056 0.385648 0.0410585 0.0368906
0 0.723301 0.206758 0.0654318 0.0647656
