0 0.727 0.553361 0.0470625 0.0875644
0 0.651781 0.424895 0.054875 0.13363
0 0.562281 0.713068 0.0165313 0.075082
0 0.284781 0.669555 0.01675 0.0413115
0 0.283969 0.696721 0.01675 0.0248712
0 0.675906 0.839145 0.0467187 0.0909368
0 0.441289 0.580984 0.0393594 0.0479625
0 0.973672 0.884859 0.0300938 0.0364169
0 0.630797 0.709496 0.03025 0.0930913
0 0.237133 0.439836 0.0286406 0.0619204
0 0.403844 0.62281 0.0222188 0.0621546
0 0.317203 0.784344 0.03375 0.0361358
0 0.409703 0.702365 0.0335 0.0420609
0 0.428898 0.787119 0.0258281 0.0407494
0 0.105133 0.497904 0.0108281 0.0294848
0 0.641703 0.868653 0.0364063 0.0780094
0 0.12143 0.560176 0.00926562 0.0138876
0 0.19857 0.629227 0.0123594 0.0401874
0 0.259758 0.595831 0.0122031 0.0414052
0 0.413797 0.754063 0.018125 0.0461593
0 0.178805 0.499918 0.0191406 0.0574473
0 0.240211 0.471909 0.0216094 0.0396019
0 0.409516 0.476183 0.0261562 0.0566745
0 0.402766 0.662365 0.0263125 0.0464169
0 0.0556953 0.466932 0.00992188 0.0230913
0 0.650664 0.467389 0.0642344 0.109016
0 0.390039 0.590773 0.0160469 0.0630913
0 0.164344 0.510422 0.0188125 0.0610304
0 0.581195 0.656979 0.0249531 0.0782201
0 0.673211 0.723794 0.0369844 0.0818735
0 0.456227 0.485808 0.0172656 0.0502576
0 0.224344 0.711101 0.0266562 0.0330679
0 0.0690469 0.449391 0.0090625 0.0394848
0 0.0610469 0.439742 0.00771875 0.0323653
0 0.401258 0.75945 0.0182969 0.0366979
0 0.542789 0.810878 0.0381406 0.0721077
0 0.43368 0.659813 0.0311094 0.0474473
0 0.269062 0.439391 0.0225625 0.0420609
0 0.568961 0.435281 0.0293906 0.109766
0 0.264953 0.658571 0.0203438 0.035644
0 0.595633 0.717576 0.0432344 0.0860187
0 0.662445 0.557014 0.0298281 0.0119672
0 0.162727 0.620902 0.0147031 0.0292506
0 0.0791094 0.532658 0.0111875 0.0286417
0 0.0846172 0.484438 0.00973437 0.0412881
0 0.596047 0.460141 0.0340625 0.116956
0 0.651867 0.899988 0.0420469 0.054356
0 0.574547 0.781112 0.026875 0.0620843
0 0.207125 0.463396 0.00953125 0.0375644
0 0.6775 0.441897 0.05675 0.113349
0 0.292211 0.614602 0.00729687 0.0313115
0 0.595812 0.568525 0.028375 0.0923185
0 0.0164609 0.491792 0.0102344 0.0147307
0 0.0951562 0.541885 0.0075 0.0307494
0 0.427508 0.566335 0.0326406 0.058993
0 0.528531 0.431944 0.0210313 0.0830913
0 0.57593 0.476054 0.0499219 0.0979625
0 0.595922 0.392646 0.0293125 0.0969087
0 0.0712266 0.485995 0.00889063 0.0392506
0 0.366828 0.501979 0.039 0.0436768
0 0.432516 0.444801 0.0308437 0.0403747
0 0.895336 0.949953 0.0255469 0.0462295
0 0.708453 0.4526 0.034875 0.0669321
0 0.593516 0.827541 0.0201563 0.095082
0 0.574133 0.590597 0.0492031 0.101803
0 0.17743 0.532014 0.0117656 0.0500703
0 0.304359 0.546171 0.0114062 0.0740749
0 0.675125 0.757693 0.0845625 0.0906089
0 0.547688 0.409274 0.0124063 0.0593911
0 0.114531 0.49329 0.00803125 0.0282201
0 0.259156 0.517365 0.0162188 0.0396956
0 0.381672 0.590187 0.0166563 0.0869789
0 0.692117 0.513091 0.0510469 0.0806089
0 0.0915078 0.47911 0.00817188 0.0320375
0 0.365398 0.580246 0.0171094 0.0520141
0 0.242633 0.633361 0.0148906 0.0492037
0 0.319789 0.447705 0.0316094 0.0622951
0 0.387906 0.639087 0.01975 0.0688056
0 0.0720937 0.589848 0.00996875 0.0200234
0 0.937867 0.922342 0.0711094 0.152319
0 0.109484 0.576897 0.0261562 0.0174473
0 0.352125 0.612037 0.01025 0.0523185
0 0.294344 0.567998 0.0109375 0.0623185
0 0.328172 0.511628 0.0361875 0.0442389
0 0.339516 0.548759 0.0119688 0.0484778
0 0.261953 0.554918 0.0124688 0.0500234
0 0.0762578 0.460047 0.00929687 0.0210304
0 0.310461 0.406487 0.0116094 0.0568618
0 0.593078 0.873747 0.02375 0.0700234
0 0.385367 0.77226 0.0187969 0.0384778
0 0.163688 0.443595 0.01675 0.0461593
0 0.330063 0.580925 0.0154062 0.0429742
0 0.199547 0.556803 0.0105938 0.0412881
0 0.555781 0.511241 0.0620313 0.0641218
0 0.654039 0.723501 0.0462031 0.0825527
0 0.157578 0.520152 0.0094375 0.0373068
0 0.660844 0.674696 0.0415 0.117213
0 0.199117 0.608735 0.0135781 0.0505855
0 0.612766 0.404941 0.0315937 0.140562
0 0.398312 0.734871 0.0105938 0.0343794
0 0.30632 0.573829 0.0246094 0.0584778
0 0.3705 0.661429 0.021625 0.0148009
0 0.374391 0.483653 0.0307812 0.072178
0 0.70118 0.844075 0.0333281 0.0610304
0 0.0957187 0.503126 0.0109375 0.026534
0 0.440828 0.530948 0.0302187 0.0472834
0 0.949922 0.760269 0.100156 0.157869
0 0.96532 0.660878 0.0434531 0.203536
0 0.3955 0.454391 0.02 0.0525761
0 0.0912891 0.645749 0.0114531 0.0305152
0 0.651508 0.670281 0.0228281 0.112927
0 0.70532 0.676206 0.0207969 0.0746136
0 0.0753359 0.568677 0.0105781 0.0191803
0 0.295023 0.413829 0.0140469 0.0872365
0 0.895961 0.978185 0.0240469 0.0408197
0 0.99293 0.902119 0.0117344 0.0774473
0 0.278836 0.57897 0.0217344 0.0518501
0 0.453281 0.546077 0.041375 0.070281
0 0.184641 0.482237 0.0102188 0.0230211
0 0.186531 0.457471 0.0140937 0.0387354
0 0.551164 0.592775 0.0372656 0.094356
0 0.240117 0.436019 0.0223281 0.0607963
0 0.373914 0.696358 0.0246094 0.0369321
0 0.904117 0.80822 0.0475781 0.0951756
0 0.284156 0.548817 0.0144687 0.0704684
0 0.435438 0.639532 0.02425 0.05274
0 0.544016 0.766827 0.0211875 0.0607728
0 0.993875 0.710738 0.01225 0.162037
0 0.642078 0.399731 0.0293438 0.116604
0 0.39207 0.491382 0.0190781 0.0572834
0 0.412672 0.558548 0.0309687 0.0570023
0 0.670656 0.515023 0.0729687 0.0796956
0 0.191969 0.531347 0.0109063 0.0563232
0 0.549727 0.813431 0.0317969 0.0648946
0 0.276555 0.51808 0.0126406 0.0415457
0 0.454094 0.644813 0.0210313 0.0471897
0 0.194711 0.459356 0.0175156 0.0391335
0 0.183492 0.650316 0.0273594 0.0187119
0 0.255641 0.483033 0.0135 0.0421311
0 0.624766 0.66918 0.0299375 0.117799
0 0.936758 0.676686 0.0414844 0.148501
0 0.920383 0.908197 0.0650469 0.183607
0 0.255852 0.403361 0.0127969 0.0564637
0 0.543102 0.708279 0.0306406 0.0615222
0 0.429234 0.42418 0.0273438 0.0541218
0 0.0555625 0.446557 0.0102813 0.025808
0 0.561953 0.768044 0.0287187 0.0725761
0 0.611195 0.826511 0.0213906 0.0891335
0 0.537422 0.626183 0.04175 0.0687588
0 0.371266 0.630831 0.018625 0.0684543
0 0.0510156 0.463747 0.0065 0.0307728
0 0.945984 0.808173 0.108031 0.120703
0 0.175375 0.414895 0.0105938 0.0407963
0 0.301055 0.442424 0.0185156 0.0681265
0 0.4275 0.713478 0.0413125 0.0415222
0 0.530469 0.461218 0.0351875 0.0871663
0 0.0590469 0.490035 0.00665625 0.0274239
0 0.526352 0.778653 0.00529688 0.0247073
0 0.712789 0.600621 0.0440781 0.0691101
0 0.0482109 0.506628 0.00820313 0.0138642
0 0.684422 0.575867 0.0752188 0.101054
0 0.321672 0.491183 0.0362813 0.0622248
0 0.221133 0.606077 0.0219531 0.0352927
0 0.296383 0.649871 0.0127656 0.0453162
0 0.283859 0.417986 0.0149375 0.0751756
0 0.661242 0.822319 0.0276094 0.0833255
0 0.127156 0.750644 0.0180937 0.0174941
0 0.601531 0.665457 0.0254688 0.121827
0 0.22118 0.494274 0.0198281 0.0369321
0 0.0791875 0.444075 0.0075 0.0337237
0 0.28332 0.635445 0.0150469 0.034637
0 0.619945 0.443489 0.0262031 0.1363
0 0.427766 0.472213 0.0266562 0.0723419
0 0.0208594 0.470726 0.00615625 0.0112881
0 0.694727 0.884274 0.0252031 0.048267
0 0.371313 0.76137 0.0193125 0.0438642
0 0.179609 0.589286 0.0112187 0.0299532
0 0.431109 0.758419 0.043 0.0449883
0 0.0995234 0.554801 0.00773437 0.0337237
0 0.274523 0.80281 0.0341094 0.0298361
0 0.718719 0.620925 0.034625 0.0519204
0 0.0228594 0.483091 0.0095625 0.0164871
0 0.328937 0.484274 0.029125 0.070281
0 0.366102 0.427026 0.0102344 0.0420609
0 0.378672 0.469251 0.0141875 0.0528806
0 0.269328 0.406288 0.0156563 0.0641452
0 0.443992 0.681956 0.0289219 0.053466
0 0.480258 0.556171 0.0318594 0.0650351
0 0.10943 0.553372 0.00710937 0.024637
0 0.72918 0.513244 0.0148906 0.0511241
0 0.965516 0.73808 0.0669687 0.177845
0 0.459375 0.573115 0.027125 0.0542857
0 0.345203 0.66096 0.0071875 0.0312881
0 0.414773 0.728407 0.0290469 0.0287119
0 0.561625 0.800667 0.02775 0.0541218
0 0.686945 0.652225 0.0191094 0.0722717
0 0.354742 0.752002 0.0209531 0.0515925
0 0.321781 0.700972 0.0345312 0.0205386
0 0.564617 0.495164 0.0561719 0.0716862
0 0.538578 0.59185 0.038125 0.0977049
0 0.234117 0.549262 0.0232344 0.0460187
0 0.309461 0.444169 0.0229844 0.0662295
0 0.261117 0.630621 0.0158906 0.0387119
0 0.168148 0.597014 0.0161094 0.0348244
0 0.324211 0.61274 0.0279219 0.0221077
0 0.0572187 0.523232 0.0136562 0.0289461
0 0.275586 0.551323 0.0210156 0.0705152
0 0.208117 0.422131 0.0120469 0.0473068
0 0.0985859 0.482752 0.00967187 0.0416159
0 0.0871641 0.506066 0.0136719 0.0251522
0 0.632547 0.832951 0.0255 0.0975176
0 0.945016 0.897201 0.0435 0.0979157
0 0.463133 0.612283 0.0346719 0.0528103
0 0.251039 0.668981 0.0352656 0.0288759
0 0.264641 0.491311 0.0119688 0.0269321
0 0.3195 0.636967 0.0160313 0.0647073
0 0.365414 0.725878 0.0150469 0.0492272
0 0.977844 0.946792 0.0443125 0.106417
0 0.679117 0.886042 0.0255781 0.061452
0 0.275297 0.614532 0.00778125 0.0130913
0 0.209117 0.557892 0.0108594 0.0404684
0 0.167852 0.559742 0.0134531 0.0379859
0 0.61307 0.875492 0.0198281 0.0710304
0 0.240828 0.572272 0.0128125 0.0112881
0 0.195203 0.485422 0.0141875 0.0218033
0 0.120555 0.530023 0.0247031 0.0236534
0 0.239273 0.414297 0.0150469 0.0459251
0 0.351977 0.71555 0.0278594 0.0759719
0 0.994539 0.578923 0.0109219 0.0842623
0 0.311305 0.48192 0.0308594 0.0162998
0 0.327742 0.410012 0.0111406 0.0512646
