0 0.96409 0.350317 0.00786 0.010423
0 0.69934 0.446193 0.01488 0.025861
0 0.94787 0.509381 0.00858 0.0335045
0 0.69205 0.361193 0.01446 0.0227492
0 0.65485 0.474245 0.0195 0.0257704
0 0.96275 0.469773 0.02538 0.0342296
0 0.67857 0.30355 0.00846 0.0136254
0 0.4328 0.468278 0.00484 0.0135347
0 0.82177 0.476616 0.01782 0.0700302
0 0.72447 0.583157 0.03674 0.0619033
0 0.48724 0.389063 0.00496 0.013716
0 0.44149 0.383882 0.00434 0.00903323
0 0.65795 0.430604 0.00998 0.00851964
0 0.87854 0.434396 0.019 0.0397281
0 0.42527 0.33213 0.00578 0.00728097
0 0.42848 0.422039 0.00848 0.0236556
0 0.71203 0.520332 0.00434 0.012145
0 0.93537 0.590302 0.00858 0.0222961
0 0.70541 0.329728 0.0061 0.0117825
0 0.96067 0.404819 0.01566 0.0263142
0 0.90246 0.522356 0.01756 0.0218127
0 0.68256 0.338822 0.00668 0.0164955
0 0.48475 0.452417 0.01446 0.0383082
0 0.39169 0.324683 0.00686 0.00966767
0 0.69532 0.47781 0.0068 0.0173716
0 0.42527 0.452568 0.00454 0.0161934
0 0.46975 0.413233 0.01058 0.0351057
0 0.45666 0.358021 0.00704 0.0246224
0 0.73919 0.278248 0.0095 0.015287
0 0.69479 0.657432 0.02106 0.0245921
0 0.97071 0.348671 0.0157 0.0296073
0 0.7279 0.614909 0.04356 0.0616012
0 0.81383 0.626435 0.01374 0.0566163
0 0.88859 0.394637 0.01738 0.0490937
0 0.69836 0.60219 0.01156 0.0261329
0 0.67918 0.479335 0.00776 0.0196375
0 0.72808 0.302447 0.0172 0.0143807
0 0.94926 0.326994 0.01244 0.0164048
0 0.6854 0.701677 0.01176 0.0613595
0 0.429 0.51864 0.00892 0.0201813
0 0.46266 0.39213 0.00868 0.0305438
0 0.38387 0.377553 0.00542 0.00912387
0 0.39564 0.366737 0.01176 0.0164955
0 0.65233 0.469622 0.01258 0.0144109
0 0.43601 0.452326 0.00614 0.0199396
0 0.70081 0.438731 0.00758 0.0269486
0 0.91392 0.488353 0.0092 0.0232931
0 0.6547 0.312583 0.00468 0.0133837
0 0.7406 0.61642 0.0362 0.0674622
0 0.68901 0.323897 0.00494 0.010574
0 0.72815 0.607583 0.02706 0.036435
0 0.50197 0.364547 0.00474 0.0197281
0 0.85247 0.334955 0.02706 0.0208459
0 0.97488 0.51148 0.0082 0.0265257
0 0.90838 0.504215 0.01224 0.0211782
0 0.95304 0.431798 0.0068 0.0122961
0 0.66119 0.43855 0.01254 0.0207251
0 0.65559 0.347538 0.0117 0.0299396
0 0.83396 0.485166 0.01812 0.0676133
0 0.42172 0.308867 0.00704 0.022568
0 0.70615 0.479366 0.01198 0.0167976
0 0.45252 0.275604 0.00708 0.0255287
0 0.45481 0.335272 0.00826 0.019003
0 0.38706 0.339849 0.0084 0.0216918
0 0.48888 0.421405 0.00744 0.0187009
0 0.93414 0.523112 0.01912 0.0250151
0 0.64468 0.338686 0.00704 0.0194864
0 0.95419 0.612885 0.01362 0.0370695
0 0.26115 0.401329 0.01366 0.00779456
0 0.44599 0.408882 0.00894 0.0239275
0 0.26759 0.325287 0.00598 0.012145
0 0.70884 0.614517 0.01104 0.0193656
0 0.26588 0.433187 0.00752 0.0120544
0 0.6875 0.296994 0.00636 0.0163444
0 0.83562 0.423308 0.03124 0.0576737
0 0.26119 0.411918 0.01466 0.0109063
0 0.26097 0.453293 0.0071 0.0132326
0 0.70655 0.251284 0.0049 0.0104834
0 0.86426 0.293776 0.02568 0.0177644
