0 0.507898 0.958646 0.0455781 0.0794167
0 0.63125 0.933083 0.0390313 0.123833
0 0.457508 0.947208 0.0182031 0.105583
0 0.419602 0.961479 0.0353906 0.0770417
0 0.703664 0.905167 0.0648281 0.139333
0 0.728328 0.898635 0.0659375 0.114146
0 0.529438 0.942417 0.0672188 0.0846667
0 0.382695 0.955146 0.0244219 0.0897083
0 0.748828 0.890052 0.0384375 0.117979
0 0.614312 0.92774 0.044625 0.117062
0 0.653187 0.920646 0.039125 0.149167
0 0.572984 0.923365 0.049375 0.117563
0 0.443969 0.944198 0.0355625 0.111604
0 0.523352 0.945531 0.0768906 0.108937
0 0.766633 0.890562 0.0402031 0.11775
0 0.472594 0.960062 0.0242812 0.0747917
0 0.777211 0.850823 0.0337344 0.0792292
0 0.547227 0.941896 0.0487656 0.116208
0 0.431953 0.915 0.0415312 0.0698333
0 0.581125 0.924031 0.0425 0.131146
0 0.731242 0.897521 0.0603281 0.114583
0 0.372086 0.980146 0.0272031 0.0390833
0 0.322766 0.968042 0.0334688 0.0617083
0 0.77818 0.884 0.0475469 0.112417
0 0.676227 0.92551 0.0555469 0.110271
0 0.746086 0.819583 0.0160781 0.00533333
0 0.402109 0.957083 0.0285 0.0835
