0 0.556734 0.7409 0.00894737 0.00404
0 0.651424 0.8255 0.0208669 0.01172
0 0.660619 0.82003 0.0308978 0.01258
0 0.678158 0.81989 0.0181734 0.00842
0 0.899443 0.70895 0.00817337 0.00226
0 0.640604 0.69114 0.00529412 0.00256
0 0.336873 0.79791 0.0491022 0.00474
0 0.788514 0.76199 0.0206811 0.00602
0 0.625681 0.76442 0.0163777 0.00484
0 0.469659 0.80902 0.0171517 0.00472
0 0.749907 0.76731 0.0229102 0.00926
0 0.514675 0.73985 0.0166563 0.0051
0 0.61695 0.83914 0.0169969 0.01016
0 0.63531 0.79192 0.0179876 0.01212
0 0.908932 0.75281 0.0103096 0.00826
0 0.724505 0.80746 0.0229412 0.0102
0 0.642399 0.84234 0.0389164 0.01188
0 0.649241 0.75559 0.0103096 0.00306
0 0.389087 0.82013 0.0298142 0.01118
0 0.601471 0.75231 0.0162539 0.0035
0 0.627492 0.80473 0.0277399 0.00662
0 0.494427 0.77133 0.019257 0.00462
0 0.777957 0.75052 0.0133127 0.0038
0 0.402198 0.79767 0.0142415 0.0089
0 0.895155 0.76335 0.0106811 0.00818
0 0.424381 0.81893 0.0195975 0.0105
0 0.700789 0.75939 0.0182972 0.00398
0 0.697198 0.69925 0.0111146 0.00274
0 0.771687 0.7924 0.0529721 0.00728
0 0.48983 0.82331 0.0293808 0.00586
0 0.669087 0.77923 0.0391641 0.00546
0 0.716981 0.76333 0.0139009 0.00506
0 0.772337 0.71111 0.00690402 0.0029
0 0.579241 0.82839 0.0252322 0.00714
0 0.423003 0.80976 0.0181424 0.00324
0 0.759071 0.78333 0.0212384 0.00606
0 0.155279 0.75783 0.0124149 0.00234
0 0.732399 0.7437 0.0105573 0.0022
0 0.918158 0.74887 0.0186687 0.00354
0 0.715511 0.83971 0.0223529 0.00662
0 0.294814 0.78256 0.0323529 0.00456
0 0.570077 0.7897 0.0156347 0.00888
0 0.413746 0.76604 0.016161 0.00312
0 0.539288 0.81338 0.017709 0.00604
0 0.496966 0.83111 0.0172136 0.0041
0 0.538978 0.80015 0.0341796 0.00654
0 0.628762 0.81121 0.00854489 0.00402
0 0.600728 0.77323 0.0093808 0.00362
0 0.496687 0.7525 0.0114551 0.0036
0 0.489768 0.75933 0.0127864 0.00362
0 0.888576 0.74356 0.00743034 0.0062
0 0.887198 0.71008 0.0209598 0.00452
0 0.926084 0.72056 0.0191022 0.00224
0 0.801006 0.78035 0.0521672 0.00574
0 0.734752 0.79915 0.0224458 0.0087
0 0.607724 0.77915 0.0171207 0.00526
0 0.266238 0.78595 0.0127245 0.00426
0 0.269272 0.79678 0.0495046 0.00564
0 0.786393 0.79616 0.0429412 0.0046
0 0.689334 0.79522 0.042322 0.00684
0 0.861347 0.755 0.0112384 0.00332
