1 0.570466 0.935961 0.15875 0.0602031
1 0.387273 0.828789 0.0771818 0.0587344
1 0.6135 0.838922 0.110727 0.0718125
1 0.633886 0.901469 0.0745909 0.03925
1 0.694693 0.888242 0.06375 0.0487344
1 0.437523 0.87143 0.0707727 0.0486719
1 0.452989 0.913047 0.0689773 0.0736875
1 0.543034 0.889586 0.111159 0.0748594
1 0.543693 0.827328 0.0688864 0.0553438
1 0.378864 0.933445 0.101455 0.0575469
1 0.473977 0.827273 0.110227 0.0590781
1 0.487375 0.943758 0.0497045 0.0406719
1 0.364886 0.871086 0.0812273 0.0721094
1 0.702295 0.833641 0.0719545 0.049
