2 0.553086 0.45815 0.0769219 0.110867
2 0.239906 0.722494 0.0701875 0.0955269
2 0.514234 0.614321 0.06425 0.132857
2 0.836055 0.425094 0.0664844 0.10541
2 0.371578 0.566452 0.0355313 0.0442857
2 0.742086 0.460222 0.0840469 0.0820375
2 0.777703 0.327272 0.077875 0.0781967
2 0.596625 0.3176 0.0504375 0.109719
2 0.486641 0.217342 0.072125 0.0626464
2 0.61732 0.677845 0.0880469 0.0892272
2 0.472305 0.747717 0.0861406 0.123443
2 0.385719 0.460023 0.091875 0.0756909
2 0.33743 0.412166 0.0525781 0.0466745
2 0.61782 0.179485 0.0696406 0.0942857
2 0.477125 0.226429 0.0573125 0.0554333
2 0.352063 0.345105 0.0691875 0.0557845
2 0.311469 0.316288 0.040875 0.0722951
