0 0.756875 0.743354 0.0870625 0.179958
0 0.532922 0.578156 0.253844 0.386396
0 0.506586 0.225844 0.0650781 0.128979
0 0.33207 0.343063 0.253203 0.212875
0 0.427695 0.466208 0.306547 0.229667
0 0.573312 0.30826 0.0563438 0.123604
0 0.189305 0.0374896 0.150266 0.0667708
0 0.543945 0.813083 0.311547 0.358458
0 0.712062 0.738938 0.101813 0.166083
0 0.376617 0.0764167 0.0746094 0.0764167
0 0.445195 0.0791979 0.0607969 0.158396
0 0.397273 0.102177 0.0896719 0.0932292
0 0.667266 0.43374 0.07575 0.183813
0 0.714625 0.42525 0.0636562 0.156167
0 0.523359 0.319156 0.08 0.109479
0 0.243594 0.0964688 0.199906 0.181229
0 0.224539 0.196156 0.441391 0.379562
