0 0.773 0.576259 0.0104375 0.0220235
0 0.133617 0.821071 0.0204531 0.0406824
0 0.447422 0.714082 0.0195625 0.0423765
0 0.249938 0.8256 0.0232187 0.0559059
0 0.704461 0.659812 0.0148594 0.0368
0 0.297883 0.653447 0.0239531 0.0351765
0 0.414445 0.664047 0.00857813 0.0344471
0 0.808453 0.642224 0.0236563 0.0346118
0 0.614391 0.753906 0.0202188 0.0628235
0 0.484672 0.720894 0.0444375 0.0633412
0 0.898531 0.669506 0.014875 0.0469176
0 0.639055 0.720635 0.0354219 0.0469176
0 0.62032 0.737494 0.0272344 0.0499059
0 0.242414 0.742694 0.0199219 0.0207765
0 0.27818 0.815647 0.0139531 0.06
0 0.740969 0.598718 0.025375 0.0338588
0 0.460383 0.735506 0.0474844 0.0473882
0 0.664781 0.795141 0.0269062 0.0509882
0 0.173609 0.837106 0.0081875 0.0392471
0 0.126312 0.744482 0.0114062 0.0412941
0 0.776961 0.605788 0.00879687 0.0159059
0 0.204906 0.802353 0.00409375 0.0115765
0 0.577609 0.728424 0.0249688 0.0487059
0 0.739406 0.611659 0.008 0.0156471
0 0.492227 0.7218 0.0496406 0.0652
0 0.148836 0.822435 0.0158281 0.0381882
0 0.131367 0.814153 0.0202656 0.0502353
0 0.765937 0.583259 0.0139375 0.0222353
0 0.761445 0.589518 0.00560937 0.0174353
0 0.226906 0.667624 0.009375 0.00795294
0 0.182797 0.840741 0.01175 0.0551294
0 0.940438 0.691424 0.0145 0.0261882
0 0.191828 0.774659 0.02425 0.0502588
0 0.28018 0.771529 0.0156719 0.0353882
0 0.156555 0.782294 0.0219844 0.0243529
0 0.211555 0.760953 0.0171094 0.0162118
0 0.461313 0.729082 0.0550625 0.0583529
0 0.918422 0.668988 0.0365 0.0685176
0 0.781594 0.578824 0.006 0.00875294
0 0.783258 0.607129 0.0173281 0.0253647
0 0.247437 0.812953 0.0165313 0.0397412
0 0.723953 0.659447 0.015 0.0412
0 0.603695 0.746812 0.0158281 0.0576235
0 0.89007 0.666024 0.0122656 0.0371765
0 0.219008 0.735306 0.00595313 0.0151294
0 0.208102 0.845765 0.0114531 0.0594824
0 0.774109 0.664659 0.0318125 0.0179294
0 0.571961 0.7198 0.0372031 0.0543765
0 0.200562 0.840129 0.00903125 0.0684471
0 0.717984 0.664224 0.0110625 0.0397412
0 0.938922 0.677306 0.0348437 0.0632706
0 0.53775 0.727412 0.0530937 0.0632
0 0.191062 0.828082 0.0155 0.0602588
0 0.200672 0.784329 0.0161875 0.0304
0 0.699242 0.5282 0.00545313 0.00769412
0 0.286164 0.6292 0.00932812 0.0317647
0 0.231734 0.767482 0.021125 0.0374588
0 0.216828 0.847882 0.0177187 0.0684706
0 0.408734 0.661776 0.0154062 0.0353176
0 0.228406 0.825718 0.0213438 0.0609882
0 0.274484 0.684953 0.0144687 0.0181882
0 0.786336 0.578812 0.00551562 0.0102824
0 0.70143 0.658588 0.0208906 0.0393882
0 0.244297 0.775047 0.0086875 0.01
0 0.173539 0.759024 0.00629688 0.0230824
0 0.232203 0.779424 0.01175 0.0333412
0 0.224094 0.839576 0.0204688 0.0733647
0 0.271875 0.620518 0.0143125 0.0348706
0 0.225648 0.662553 0.0116406 0.0142353
0 0.800711 0.640576 0.0117344 0.0346588
0 0.776977 0.629588 0.0217656 0.0373882
0 0.654797 0.793576 0.03775 0.068
0 0.922359 0.633506 0.0156563 0.0171765
0 0.776227 0.657565 0.0366094 0.0238353
0 0.165914 0.8382 0.0194219 0.0577647
0 0.227016 0.732482 0.0110937 0.0210588
0 0.278664 0.626188 0.0149844 0.0335529
0 0.741586 0.673047 0.0142969 0.0244941
0 0.648266 0.717659 0.0265 0.0346588
0 0.802852 0.575776 0.0245469 0.0431294
0 0.207078 0.779365 0.00834375 0.0176941
0 0.455547 0.712176 0.0143125 0.0264235
0 0.797078 0.653129 0.017875 0.0302588
0 0.181102 0.756153 0.00851563 0.0230824
0 0.210289 0.753965 0.00617188 0.0123529
0 0.429961 0.655129 0.0120781 0.0220706
0 0.698734 0.545776 0.01175 0.00948235
