1 0.391693 0.547916 0.0696354 0.0959158
1 0.0982639 0.577126 0.129896 0.122253
1 0.371866 0.820021 0.0548437 0.105221
1 0.346389 0.754716 0.0317361 0.0596211
1 0.380295 0.874947 0.120972 0.100547
1 0.207613 0.571842 0.0742535 0.0353895
1 0.439479 0.717989 0.0885764 0.144989
1 0.197292 0.839537 0.152465 0.170442
1 0.210582 0.671811 0.11592 0.171958
1 0.283194 0.497821 0.0374306 0.0692421
1 0.465347 0.592516 0.091875 0.150295
1 0.318724 0.417789 0.138802 0.208168
1 0.304991 0.868863 0.0824826 0.190568
1 0.428785 0.784263 0.0925 0.106084
1 0.409358 0.473516 0.132188 0.0860211
1 0.363715 0.667421 0.0645139 0.188611
1 0.492882 0.739 0.0545139 0.123347
1 0.306467 0.721137 0.0825174 0.154653
1 0.43316 0.625853 0.131562 0.146189
1 0.276918 0.577474 0.138281 0.112421
1 0.222413 0.894979 0.0864931 0.110463
1 0.292856 0.608937 0.100469 0.144063
1 0.092066 0.737421 0.126701 0.217621
1 0.125972 0.713642 0.0552431 0.0982316
1 0.222509 0.756463 0.111962 0.0933895
1 0.157431 0.415368 0.249896 0.282526
0 0.777109 0.464189 0.0664757 0.101642
0 0.759245 0.579758 0.0752257 0.117663
0 0.700286 0.6672 0.0983854 0.119579
0 0.738377 0.557442 0.0761979 0.114126
0 0.810816 0.479295 0.0475347 0.104989
0 0.704618 0.525895 0.0746528 0.1208
0 0.626328 0.580579 0.0953646 0.0851158
0 0.756319 0.481979 0.0330556 0.0526737
0 0.630165 0.499768 0.0868576 0.0357895
0 0.6575 0.467295 0.0941319 0.0415368
0 0.684462 0.437032 0.0954167 0.0440842
0 0.624297 0.536063 0.087934 0.0757053
0 0.62809 0.622358 0.0884028 0.105011
