0 0.457743 0.508117 0.0413093 0.0467344
0 0.434887 0.51 0.0439503 0.0517813
0 0.495609 0.464102 0.0459819 0.0515469
0 0.520203 0.413555 0.0420767 0.0423281
0 0.444921 0.411406 0.039684 0.0264062
0 0.489605 0.504766 0.0259819 0.0320937
0 0.462167 0.655898 0.0281716 0.0184531
0 0.444029 0.643492 0.0248533 0.0230469
0 0.523533 0.507602 0.019842 0.0222969
0 0.456546 0.405023 0.0530474 0.0450781
0 0.509176 0.465609 0.0424605 0.0465625
0 0.474131 0.409797 0.0503837 0.0431875
0 0.43842 0.626727 0.0237472 0.0210781
0 0.473804 0.507539 0.0274718 0.0392656
0 0.464436 0.458555 0.0393454 0.0513281
0 0.501885 0.412477 0.0447178 0.0445469
0 0.466953 0.509422 0.0371106 0.046125
0 0.470192 0.397766 0.0156885 0.015375
0 0.443984 0.45282 0.0374492 0.0435781
0 0.478194 0.464008 0.0330474 0.0454219
0 0.417957 0.510484 0.0325282 0.0472813
0 0.527946 0.469906 0.0315576 0.0376875
0 0.489233 0.643328 0.0237472 0.0235938
0 0.509063 0.635531 0.0205643 0.031
0 0.464018 0.638461 0.0333634 0.0277031
0 0.540971 0.465016 0.0438375 0.04125
0 0.465497 0.624352 0.032754 0.0269531
0 0.52754 0.643594 0.0339052 0.0279687
0 0.508014 0.50707 0.0183747 0.0166719
0 0.48737 0.620039 0.0227765 0.0330781
0 0.528995 0.464875 0.0285553 0.0435938
0 0.509571 0.41068 0.0315576 0.0393594
0 0.510192 0.659687 0.0317156 0.02125
