2 0.622361 0.708333 0.0386111 0.0521569
2 0.0619199 0.81723 0.0574346 0.0411275
2 0.44951 0.796977 0.0394771 0.0435948
2 0.0749183 0.564011 0.0460458 0.0312255
2 0.576634 0.472761 0.0930719 0.0577778
2 0.692206 0.490825 0.0409804 0.0292647
2 0.913276 0.642859 0.0502778 0.0275163
2 0.716332 0.750768 0.0502451 0.0646078
2 0.684624 0.304722 0.031634 0.0354902
2 0.217222 0.542051 0.0364052 0.0323039
2 0.331193 0.345964 0.0333987 0.0324183
2 0.113284 0.502672 0.0302614 0.0389706
2 0.201299 0.81982 0.0596242 0.0458497
2 0.592271 0.32281 0.0410131 0.0346078
2 0.933946 0.756332 0.0423039 0.0258987
2 0.344208 0.493056 0.0364216 0.0320915
2 0.644763 0.446119 0.0371405 0.0376634
2 0.136258 0.967435 0.0446078 0.0394771
2 0.793064 0.387181 0.0435784 0.0261601
2 0.864739 0.509216 0.0463725 0.0379412
2 0.114853 0.405392 0.0326797 0.033366
2 0.72741 0.901928 0.0551797 0.0533333
2 0.512394 0.516307 0.0345588 0.023366
2 0.40884 0.301536 0.0153922 0.015915
2 0.00946078 0.616234 0.0177778 0.0438725
2 0.262149 0.641552 0.0447549 0.0506863
2 0.553105 0.931299 0.0716013 0.0506046
2 0.053219 0.931699 0.0549673 0.0608824
2 0.114199 0.640155 0.0215359 0.0309641
2 0.20549 0.44616 0.0423203 0.0476144
2 0.525204 0.813546 0.0469444 0.0554575
