0 0.696691 0.471855 0.170245 0.079951
0 0.602721 0.35357 0.0908987 0.0404085
0 0.575343 0.430907 0.143203 0.0419118
0 0.60826 0.606634 0.158938 0.101373
0 0.324363 0.334208 0.174837 0.0508333
0 0.323243 0.36616 0.177892 0.0773856
0 0.51201 0.232917 0.064085 0.0661275
0 0.334404 0.552933 0.167696 0.13982
0 0.537598 0.601985 0.176275 0.106944
0 0.383154 0.464526 0.247092 0.122386
0 0.54201 0.654436 0.252745 0.0947222
0 0.714641 0.538971 0.161895 0.0821569
0 0.444379 0.337459 0.0693137 0.175931
0 0.374837 0.725221 0.237059 0.0458987
0 0.38067 0.558873 0.136307 0.113464
0 0.320874 0.612786 0.180539 0.158676
0 0.435016 0.289444 0.297876 0.0873203
0 0.395074 0.229673 0.114755 0.0595752
0 0.618538 0.391381 0.22067 0.0836438
0 0.704371 0.57259 0.145082 0.120899
0 0.364681 0.519616 0.193873 0.109853
0 0.550278 0.475735 0.0939542 0.0710784
0 0.448227 0.225531 0.045768 0.0246242
0 0.288415 0.660629 0.135294 0.0933497
0 0.685997 0.598873 0.128366 0.144869
0 0.593644 0.57656 0.116176 0.0454739
0 0.560482 0.521168 0.0569444 0.0323366
