0 0.0383828 0.544239 0.0307031 0.0494145
0 0.0773125 0.643244 0.0225312 0.0848478
0 0.21682 0.480492 0.0283281 0.108431
0 0.282867 0.548782 0.0289844 0.0691335
0 0.139859 0.0909719 0.04075 0.0274239
0 0.333242 0.592775 0.0349219 0.0733724
0 0.200039 0.564778 0.0172344 0.058267
0 0.17443 0.136511 0.0280781 0.0523653
0 0.128562 0.627822 0.0415312 0.0872131
0 0.403523 0.743337 0.0561719 0.162927
0 0.208594 0.259321 0.0205938 0.0392974
0 0.0403125 0.604438 0.0418437 0.0547307
0 0.299891 0.513115 0.0384688 0.0768618
0 0.499711 0.201897 0.0160469 0.015644
0 0.0442188 0.655796 0.0357813 0.0858314
0 0.243156 0.693056 0.0388437 0.152108
0 0.134547 0.459637 0.0452813 0.0734192
0 0.388625 0.582869 0.0308125 0.0895316
0 0.282359 0.565059 0.037 0.0892272
0 0.294492 0.782283 0.0176719 0.106253
0 0.574547 0.473934 0.0344375 0.0789696
0 0.0888516 0.289403 0.0310781 0.0643326
0 0.417883 0.592319 0.0318281 0.0861358
0 0.634773 0.357307 0.0216719 0.0590632
0 0.489234 0.359286 0.0292187 0.0770258
0 0.188266 0.692248 0.0596875 0.138454
0 0.310695 0.411136 0.0329531 0.0537002
0 0.591 0.225937 0.0303125 0.0576815
0 0.0464766 0.38555 0.0366406 0.0418735
0 0.0627969 0.31993 0.0196875 0.0575644
0 0.212891 0.167295 0.0275 0.0365574
0 0.0427031 0.425714 0.0224062 0.0362061
0 0.601609 0.468571 0.0339062 0.0682436
0 0.563742 0.530831 0.0324531 0.0920141
0 0.101586 0.537272 0.0462656 0.052904
0 0.511844 0.640258 0.0494375 0.0745667
0 0.422797 0.410457 0.0380937 0.109906
0 0.338313 0.69589 0.0268437 0.0907963
0 0.170937 0.513665 0.0227187 0.10082
0 0.101469 0.670445 0.0180937 0.0421077
0 0.562305 0.636007 0.0320469 0.0799297
0 0.269852 0.678852 0.0469219 0.103653
0 0.187984 0.155691 0.0209375 0.0371897
0 0.5195 0.587201 0.06925 0.0548244
0 0.291648 0.690082 0.0696719 0.0936066
0 0.276109 0.611241 0.0286875 0.0671194
0 0.46175 0.788946 0.0404062 0.146745
0 0.131305 0.562799 0.0419531 0.0746838
0 0.0796328 0.723478 0.0250469 0.0507963
0 0.159445 0.0740398 0.0388594 0.0501874
0 0.031 0.446686 0.0179375 0.0313583
0 0.677344 0.278817 0.0681563 0.0359953
0 0.227687 0.230082 0.0224688 0.0608665
0 0.109164 0.621077 0.0330781 0.0653864
0 0.445195 0.496393 0.0365469 0.114707
0 0.614141 0.358091 0.0283438 0.0777752
0 0.19893 0.696874 0.0421719 0.14466
0 0.226125 0.197494 0.032875 0.0393443
0 0.0129297 0.325808 0.0254219 0.0474941
0 0.638984 0.236663 0.0592188 0.0385246
0 0.115039 0.387705 0.0608281 0.044637
0 0.106359 0.425199 0.0697812 0.0493208
0 0.538633 0.222799 0.0632656 0.0452225
0 0.377461 0.422237 0.0403281 0.0644262
0 0.322844 0.576721 0.0475938 0.0840749
0 0.557008 0.382588 0.0467656 0.0662998
0 0.551687 0.69377 0.02675 0.0781733
0 0.349984 0.447201 0.0200313 0.0683138
0 0.165133 0.182471 0.0403281 0.0632084
0 0.221969 0.589005 0.026875 0.0805386
0 0.0564297 0.65322 0.0306719 0.0898126
0 0.0798359 0.488946 0.0153906 0.0461358
0 0.150844 0.149157 0.0287187 0.0317096
0 0.528242 0.731663 0.0617344 0.133255
0 0.267891 0.70493 0.043625 0.105644
0 0.649891 0.210023 0.0594063 0.0344262
0 0.15532 0.56233 0.0310156 0.0433489
0 0.155039 0.0697892 0.0548906 0.0224356
0 0.231305 0.0849415 0.0320469 0.0241686
0 0.474914 0.52589 0.0351719 0.118993
0 0.45782 0.405984 0.0407656 0.105597
0 0.408914 0.334485 0.0443281 0.126066
0 0.584555 0.418302 0.0321406 0.0432553
0 0.109797 0.728782 0.0160625 0.0399532
0 0.633203 0.468817 0.0467813 0.0733724
0 0.431422 0.225679 0.036625 0.0846604
0 0.568867 0.323337 0.0266719 0.0772131
0 0.239 0.154063 0.0452813 0.0289696
0 0.568398 0.255738 0.0289531 0.0393443
0 0.445344 0.563478 0.0340937 0.122319
0 0.359055 0.61671 0.0190156 0.045363
0 0.184352 0.208021 0.0337031 0.0864403
0 0.0792266 0.567998 0.0243906 0.0325293
0 0.572313 0.583525 0.0291875 0.0508899
0 0.0622188 0.537342 0.0262188 0.0480328
0 0.639156 0.174098 0.0404375 0.0598126
0 0.334156 0.514438 0.0332812 0.0802576
0 0.552609 0.285281 0.0410625 0.05
0 0.597758 0.329274 0.0402344 0.0904918
0 0.476797 0.598958 0.033 0.103724
0 0.103656 0.571932 0.0390937 0.066815
0 0.0459766 0.457143 0.0158906 0.0222014
0 0.511352 0.524824 0.0271406 0.0473068
0 0.511766 0.566581 0.0832187 0.0389227
0 0.578562 0.53171 0.0220938 0.0646838
0 0.0755625 0.357014 0.0219062 0.0428337
0 0.426063 0.745984 0.035 0.152717
0 0.255273 0.223361 0.0146719 0.0309836
0 0.209602 0.0939461 0.0392031 0.0334192
0 0.488898 0.712693 0.0716719 0.125246
0 0.410828 0.641593 0.0317812 0.0579391
0 0.545547 0.210199 0.065125 0.0486417
0 0.428773 0.81993 0.0368594 0.0932553
0 0.551609 0.325457 0.0377188 0.0853864
0 0.604703 0.519672 0.0409375 0.0896487
0 0.239891 0.43459 0.0245625 0.101733
0 0.371828 0.582084 0.0169375 0.070726
0 0.624367 0.325129 0.0298281 0.0621077
0 0.468969 0.369368 0.04175 0.101827
0 0.613766 0.210351 0.0320625 0.0635597
0 0.656711 0.471991 0.0529844 0.0754567
0 0.0123672 0.482213 0.0231094 0.0726698
0 0.889711 0.679063 0.0697344 0.215504
0 0.659391 0.249707 0.0490312 0.0474707
0 0.200594 0.130269 0.0301875 0.0455504
0 0.0579141 0.424965 0.0386406 0.0500703
0 0.0364063 0.360984 0.0257188 0.0389696
0 0.0697969 0.438607 0.0144063 0.0526698
0 0.288898 0.418899 0.0290156 0.0546604
0 0.609883 0.590621 0.0462656 0.0633021
0 0.0529609 0.575117 0.0180156 0.0428337
0 0.375203 0.665831 0.0657188 0.134988
0 0.633578 0.281335 0.0481875 0.0585948
0 0.00954687 0.357904 0.0190937 0.0347775
0 0.507195 0.261909 0.0426406 0.104754
0 0.163836 0.206347 0.0302031 0.0452459
0 0.489609 0.195222 0.02475 0.0310539
0 0.0325 0.658817 0.0364688 0.0891569
0 0.126773 0.687857 0.0309531 0.0837237
0 0.576664 0.205047 0.0202031 0.0227869
0 0.457047 0.187717 0.02475 0.020726
0 0.529977 0.266593 0.0516406 0.0492037
0 0.307344 0.725059 0.034375 0.132365
0 0.541 0.518595 0.034125 0.0762061
0 0.582664 0.290269 0.0260469 0.0477049
0 0.328539 0.713349 0.0322969 0.0913817
0 0.231594 0.395667 0.0335 0.0866979
0 0.258688 0.411347 0.0272812 0.0942155
0 0.0821953 0.528361 0.0327969 0.0505386
0 0.664461 0.247752 0.0618906 0.0537705
0 0.38932 0.297845 0.0609531 0.0955035
0 0.00878125 0.53829 0.0175625 0.0835129
0 0.115414 0.449496 0.0585781 0.0620375
0 0.0775703 0.692155 0.0240781 0.059719
0 0.387383 0.736522 0.0762969 0.152108
0 0.0863047 0.309614 0.0216094 0.0877518
0 0.144586 0.759918 0.0237969 0.0512646
0 0.400391 0.822963 0.0286875 0.0830211
0 0.599391 0.177354 0.0180937 0.0383607
0 0.420836 0.232424 0.0524531 0.0562295
0 0.0451094 0.491323 0.031 0.0390398
0 0.534594 0.442845 0.0725625 0.0492506
0 0.61307 0.415585 0.0297656 0.0455504
0 0.0453516 0.298162 0.0370781 0.0622717
0 0.19625 0.0631265 0.0278125 0.0551522
0 0.508766 0.507389 0.0248125 0.0819906
0 0.498805 0.432564 0.0439531 0.0900468
0 0.0682813 0.572494 0.0169375 0.042459
0 0.528609 0.194789 0.08025 0.0366979
0 0.525414 0.309637 0.0284531 0.0448478
0 0.645305 0.429215 0.0450781 0.0634895
0 0.503672 0.323642 0.018875 0.0168852
0 0.279789 0.492529 0.0508281 0.0699766
0 0.716734 0.671909 0.049875 0.168689
0 0.395703 0.963208 0.0520938 0.0735831
0 0.0613125 0.460141 0.0240938 0.0435129
0 0.142719 0.131171 0.0451562 0.0313817
0 0.649969 0.518489 0.032875 0.0523419
0 0.208805 0.22041 0.0245156 0.0859719
0 0.0951562 0.490972 0.0335 0.0398829
0 0.216781 0.700808 0.0279375 0.155527
0 0.247578 0.597014 0.0284063 0.0968852
0 0.149602 0.619215 0.0342344 0.087096
0 0.379422 0.357307 0.0327188 0.0948009
0 0.357516 0.575995 0.0233437 0.0606557
0 0.579664 0.671768 0.0340781 0.104098
0 0.0658906 0.501042 0.0260312 0.055808
0 0.548859 0.472576 0.0514687 0.0907728
0 0.439172 0.324274 0.0435625 0.112248
0 0.0141719 0.581429 0.016375 0.0410304
0 0.139008 0.503642 0.0303281 0.0739344
0 0.241547 0.744965 0.02525 0.0977518
0 0.113977 0.358642 0.0582969 0.0291335
0 0.598406 0.628747 0.0428125 0.0990867
0 0.461297 0.737295 0.0450625 0.155527
0 0.0254922 0.523279 0.0253281 0.0340047
0 0.140828 0.716546 0.0228125 0.06274
0 0.0159609 0.378899 0.0307344 0.0730211
0 0.0225703 0.417986 0.0183594 0.0237471
0 0.0724687 0.293349 0.022875 0.06726
0 0.538523 0.582869 0.0390781 0.0455504
0 0.48032 0.481569 0.0554219 0.0994379
0 0.536977 0.644824 0.0293594 0.0907728
0 0.322258 0.438607 0.0278906 0.0268618
0 0.197594 0.760679 0.0151562 0.0463232
0 0.0588594 0.358431 0.0217188 0.0247775
0 0.414141 0.517037 0.033875 0.13815
0 0.387859 0.512365 0.044625 0.135597
