0 0.760711 0.870125 0.0742656 0.190292
0 0.408445 0.346031 0.0367344 0.156146
0 0.412914 0.822688 0.0463594 0.191542
0 0.893148 0.338406 0.0687656 0.124521
0 0.216484 0.0666875 0.0529375 0.0890417
0 0.449742 0.145375 0.0928594 0.0862917
0 0.37118 0.351021 0.0313594 0.155375
0 0.777578 0.308844 0.0609688 0.0993542
0 0.575187 0.0972292 0.056 0.058625
0 0.621797 0.839167 0.0961562 0.166667
0 0.364313 0.17851 0.043125 0.106062
0 0.108422 0.132573 0.04625 0.106604
0 0.625031 0.635083 0.0844063 0.19925
0 0.588172 0.362125 0.0473125 0.13025
0 0.319453 0.570469 0.0443438 0.182854
0 0.412031 0.166042 0.0605313 0.0989167
0 0.0678828 0.0546146 0.0802031 0.0702708
0 0.56468 0.230823 0.0712969 0.0886042
0 0.629641 0.360042 0.081375 0.101375
0 0.645422 0.165792 0.0321562 0.109167
0 0.480547 0.849385 0.0311875 0.143896
0 0.189719 0.33474 0.0501875 0.201312
0 0.864945 0.35949 0.0292344 0.100521
0 0.0188828 0.608292 0.0372344 0.179167
0 0.466609 0.33326 0.0435625 0.155771
0 0.712422 0.0271771 0.0813438 0.0512708
0 0.258 0.512573 0.064625 0.149229
0 0.248727 0.313292 0.0335781 0.1055
0 0.869891 0.699635 0.0878125 0.132438
0 0.982359 0.758135 0.0352813 0.194104
0 0.493023 0.581542 0.0357656 0.136917
0 0.530375 0.220854 0.0638438 0.079375
0 0.590391 0.808719 0.119813 0.127688
0 0.727727 0.120427 0.0756094 0.0971042
0 0.850758 0.690208 0.0817031 0.125333
0 0.35275 0.300896 0.0443438 0.134917
0 0.167797 0.284115 0.1115 0.177479
0 0.229805 0.100177 0.0257031 0.0861458
0 0.0975547 0.331135 0.0539531 0.153812
0 0.974633 0.0400521 0.0507344 0.0801042
0 0.523453 0.557542 0.0684687 0.159
0 0.185867 0.146625 0.0685781 0.092125
0 0.209742 0.863687 0.0588281 0.197667
0 0.508148 0.0649271 0.0365469 0.0907708
0 0.774617 0.0787708 0.0147031 0.0320417
0 0.462289 0.787188 0.137391 0.147375
0 0.0889297 0.549583 0.0897344 0.155625
0 0.593516 0.28375 0.068875 0.0928333
0 0.881023 0.522844 0.0487031 0.151021
0 0.332359 0.203969 0.0271875 0.0910208
0 0.964305 0.0755729 0.0677031 0.0925625
0 0.386562 0.312448 0.035875 0.150021
0 0.466531 0.0615625 0.0365625 0.0594583
0 0.719602 0.866146 0.0489844 0.177375
0 0.433039 0.309521 0.0572969 0.142125
0 0.363117 0.824125 0.0588594 0.198167
0 0.36225 0.575438 0.0411562 0.15025
0 0.893547 0.78201 0.0560312 0.140396
0 0.0416172 0.572354 0.0501094 0.181958
0 0.317156 0.83025 0.0909688 0.210292
0 0.187914 0.04625 0.0603594 0.0717083
0 0.819633 0.474948 0.0736094 0.117604
0 0.446156 0.833333 0.0644687 0.204708
0 0.44375 0.194375 0.0584687 0.103167
0 0.622672 0.571417 0.0855937 0.157708
0 0.142883 0.170042 0.0581719 0.100083
0 0.215664 0.147896 0.0692344 0.0805
0 0.673133 0.175385 0.0305781 0.0805208
0 0.806133 0.348594 0.0484531 0.0874375
0 0.0730937 0.02375 0.08625 0.0467917
0 0.966055 0.181 0.0417344 0.102042
0 0.255867 0.113438 0.0250469 0.117417
0 0.801828 0.321594 0.0498125 0.108729
0 0.701562 0.2065 0.0309375 0.056625
0 0.543656 0.269229 0.0535 0.0584583
0 0.2815 0.60674 0.039375 0.0875625
0 0.0740625 0.0279375 0.0782188 0.0467917
0 0.655844 0.569187 0.0945312 0.163458
0 0.594703 0.0656667 0.0809688 0.0610417
0 0.297523 0.0733333 0.0405781 0.0979583
0 0.222617 0.307865 0.0530469 0.177729
0 0.953172 0.0346146 0.0548125 0.0646042
0 0.497242 0.232927 0.0279531 0.0693542
0 0.345258 0.0251146 0.0554219 0.0502292
0 0.767414 0.0173333 0.0438281 0.0338333
0 0.68732 0.553437 0.109172 0.132875
0 0.277602 0.304406 0.0652656 0.196104
0 0.851742 0.54974 0.0303281 0.134354
0 0.623258 0.185583 0.0176094 0.0489583
0 0.678289 0.259125 0.0837344 0.100792
0 0.932484 0.502219 0.077125 0.131729
0 0.617367 0.0222187 0.0537656 0.0444375
0 0.840516 0.509896 0.0504687 0.144958
0 0.543297 0.0708958 0.0375 0.0423333
0 0.873898 0.246635 0.0350781 0.0643958
0 0.0251016 0.340687 0.0502031 0.176667
0 0.342586 0.520979 0.0547656 0.152417
0 0.937102 0.73551 0.0633906 0.172104
0 0.552508 0.0321042 0.0442344 0.055375
0 0.986062 0.180344 0.0267188 0.0962292
0 0.021125 0.861229 0.0398125 0.107708
0 0.472438 0.751083 0.145219 0.136917
0 0.165984 0.840812 0.0754062 0.193333
0 0.285547 0.802052 0.115594 0.183063
0 0.767328 0.0441667 0.0379063 0.030125
0 0.900328 0.218979 0.0361563 0.0964167
0 0.272789 0.0816562 0.0288594 0.102313
0 0.0818359 0.747865 0.0857656 0.0792292
0 0.830852 0.224365 0.0544219 0.0938542
0 0.343766 0.157823 0.0576875 0.0838542
0 0.41425 0.201792 0.0625 0.0932083
0 0.867859 0.204323 0.0333437 0.101854
0 0.977586 0.0835 0.0440469 0.104625
0 0.846992 0.32401 0.0422656 0.119021
0 0.124539 0.315781 0.0882031 0.144271
0 0.780984 0.796417 0.123094 0.114875
0 0.591023 0.116719 0.0444219 0.103063
0 0.394766 0.0124375 0.0348125 0.024875
0 0.385703 0.530906 0.08425 0.187438
0 0.611922 0.106729 0.06425 0.09525
0 0.290914 0.517573 0.0606406 0.161688
0 0.400672 0.574021 0.07 0.13975
0 0.936227 0.224198 0.0452969 0.105229
0 0.900531 0.719219 0.0824688 0.152729
0 0.0504062 0.340604 0.05225 0.17175
0 0.623563 0.904135 0.0439063 0.177313
0 0.449977 0.684427 0.103078 0.0573125
0 0.916609 0.512635 0.0725937 0.139813
0 0.926422 0.78374 0.0434063 0.183729
0 0.525039 0.338406 0.0454219 0.109646
0 0.636109 0.122156 0.0508438 0.104479
0 0.656406 0.340896 0.0682813 0.111542
0 0.719859 0.139438 0.0552813 0.108667
0 0.984125 0.329625 0.03175 0.0925833
0 0.728742 0.920219 0.0519219 0.159562
0 0.391344 0.907635 0.0595313 0.125062
0 0.536203 0.608198 0.0457813 0.172312
0 0.319156 0.0714375 0.0487187 0.0949167
0 0.581313 0.00989583 0.0175 0.0197917
0 0.106648 0.0604167 0.0543906 0.0804583
0 0.0621797 0.604406 0.0392031 0.183104
0 0.110891 0.200219 0.05 0.0646458
0 0.128711 0.834271 0.0869531 0.193083
0 0.79825 0.445135 0.0869375 0.0974375
0 0.210195 0.0869792 0.0430781 0.0564167
0 0.584313 0.915188 0.0460938 0.0942083
0 0.831328 0.184948 0.0580937 0.0863125
0 0.433266 0.06125 0.0260625 0.0439167
0 0.0849531 0.380531 0.0457188 0.168271
0 0.613961 0.257073 0.0416719 0.114937
0 0.656117 0.280865 0.0487344 0.122479
0 0.0397031 0.80351 0.0794062 0.161229
0 0.077625 0.16174 0.03 0.108729
0 0.464422 0.189781 0.070625 0.0809792
0 0.468133 0.144927 0.0927031 0.103854
0 0.917828 0.219635 0.05425 0.105896
0 0.693625 0.31675 0.038625 0.08175
0 0.729773 0.101281 0.0878906 0.0830625
0 0.0589531 0.89799 0.0665313 0.119563
0 0.284148 0.110438 0.0267344 0.112042
0 0.984953 0.466156 0.0300938 0.0703125
0 0.484398 0.14099 0.0870781 0.104521
0 0.664328 0.327865 0.0752188 0.105646
0 0.537125 0.387594 0.0302812 0.102438
0 0.311453 0.17074 0.0376875 0.0856875
0 0.319773 0.881115 0.0542344 0.157938
0 0.699258 0.147781 0.0348906 0.123146
0 0.914383 0.31626 0.0909844 0.104729
0 0.972398 0.293208 0.0552031 0.0535833
0 0.0573203 0.085 0.0549531 0.0582083
0 0.247531 0.0668229 0.0284687 0.0830208
0 0.664508 0.136458 0.0403906 0.114875
0 0.316586 0.326656 0.0369531 0.116812
0 0.850695 0.76775 0.0465781 0.105875
0 0.0706406 0.145187 0.0433125 0.0922083
0 0.416086 0.0338437 0.0257656 0.0610208
0 0.846852 0.238062 0.0427969 0.0774167
0 0.148508 0.931479 0.0467969 0.0965833
0 0.939227 0.174365 0.0382656 0.0841042
0 0.911055 0.55526 0.0464219 0.135604
0 0.812023 0.52951 0.0404219 0.134937
0 0.73257 0.191156 0.0328906 0.0802708
0 0.262734 0.352677 0.0289687 0.0875208
0 0.906766 0.338854 0.072375 0.129292
0 0.591844 0.162958 0.0245938 0.0523333
0 0.973453 0.801823 0.0443438 0.176187
0 0.785203 0.209573 0.0255625 0.0847292
0 0.68325 0.647385 0.042125 0.0601875
0 0.553469 0.351208 0.0348437 0.127792
0 0.0323125 0.409958 0.0353125 0.119333
0 0.774586 0.350302 0.0332656 0.113854
0 0.818031 0.171937 0.0525 0.0879583
0 0.947875 0.494917 0.0809688 0.14
0 0.632703 0.388271 0.073 0.107292
0 0.244234 0.365583 0.044125 0.121583
0 0.0280781 0.880115 0.0561562 0.187479
0 0.672578 0.398521 0.0376875 0.0517917
0 0.649477 0.0310521 0.0586094 0.0605625
0 0.746266 0.310167 0.0678438 0.103375
0 0.497938 0.272823 0.0411562 0.0563958
0 0.156047 0.152333 0.061875 0.101542
0 0.0690156 0.799927 0.0800937 0.143687
0 0.779398 0.433333 0.0842344 0.0928333
0 0.577328 0.653677 0.0536563 0.137688
0 0.685523 0.90876 0.0459844 0.182479
0 0.117438 0.0675521 0.031875 0.0349375
0 0.576406 0.586823 0.0677188 0.188396
0 0.785727 0.952115 0.0409219 0.0957708
0 0.135883 0.401094 0.0353281 0.106604
0 0.661805 0.865667 0.0717656 0.198375
0 0.806383 0.877021 0.0789844 0.174583
0 0.50725 0.311406 0.049625 0.0679375
0 0.730742 0.270771 0.0365469 0.07025
0 0.991844 0.37351 0.01625 0.0972292
0 0.783375 0.508906 0.0412187 0.131521
