0 0.680023 0.37114 0.112922 0.107173
0 0.913016 0.165629 0.143813 0.0622328
0 0.719094 0.652827 0.117781 0.157102
0 0.637211 0.361793 0.0627969 0.105629
0 0.818453 0.538634 0.049375 0.220356
0 0.875125 0.0789667 0.126875 0.146912
0 0.858883 0.269002 0.0800156 0.228171
0 0.806805 0.263349 0.0527344 0.192779
0 0.831797 0.761081 0.125969 0.141354
0 0.780586 0.544739 0.0403281 0.212565
0 0.857883 0.676033 0.0965469 0.123325
0 0.840422 0.404739 0.0473438 0.0923278
0 0.772211 0.244834 0.0535156 0.211948
0 0.689227 0.273361 0.0799844 0.158979
0 0.73993 0.237138 0.0547656 0.177458
0 0.818922 0.748515 0.0712812 0.034228
0 0.639055 0.208765 0.0273594 0.067981
0 0.715016 0.551924 0.0796562 0.225891
0 0.694023 0.17772 0.0237969 0.0408076
0 0.673492 0.191128 0.0298281 0.102399
0 0.706578 0.341568 0.114937 0.133967
0 0.879531 0.440368 0.0678125 0.115321
0 0.63457 0.6462 0.118734 0.137957
0 0.829711 0.0616983 0.0567344 0.119216
0 0.861484 0.412447 0.0892187 0.174869
0 0.873172 0.496936 0.0561875 0.0714489
0 0.795148 0.640368 0.0503281 0.184062
0 0.641602 0.460024 0.0222031 0.119762
0 0.626984 0.268931 0.0612188 0.107648
0 0.857047 0.599252 0.0766875 0.155701
0 0.839914 0.58291 0.0445156 0.170475
0 0.701344 0.252874 0.0501875 0.175582
0 0.637883 0.259418 0.0385469 0.117743
0 0.659164 0.542447 0.0717656 0.155629
0 0.658422 0.484834 0.0428125 0.148765
0 0.90425 0.122886 0.0255937 0.0307601
0 0.736539 0.546793 0.0578906 0.217197
0 0.900898 0.195404 0.103953 0.0541805
0 0.812211 0.301223 0.0586406 0.185012
0 0.679805 0.650689 0.113609 0.152114
0 0.73393 0.31747 0.100359 0.166437
