0 0.21301 0.648375 0.153938 0.1115
0 0.26626 0.720594 0.129104 0.0475313
0 0.843354 0.721727 0.0849167 0.0577031
0 0.150927 0.89782 0.160687 0.0469219
0 0.700646 0.672773 0.1135 0.0907969
0 0.327323 0.627656 0.145062 0.127125
0 0.548865 0.616031 0.110437 0.0561562
0 0.140156 0.993242 0.0347708 0.0135156
0 0.88124 0.703523 0.128396 0.0951094
0 0.953125 0.705453 0.0915 0.0789375
0 0.883208 0.94882 0.0569167 0.0826406
0 0.759875 0.689219 0.0630417 0.0833438
0 0.685365 0.723594 0.0929792 0.0912813
0 0.347177 0.561719 0.0960208 0.0434688
0 0.372896 0.633828 0.153625 0.0635
0 0.240062 0.956406 0.094375 0.0389688
0 0.386313 0.728586 0.168417 0.0428281
0 0.122948 0.686758 0.0381875 0.0436406
0 0.777406 0.734109 0.0659792 0.0574375
0 0.761865 0.610898 0.210604 0.0541094
0 0.268958 0.588414 0.219333 0.0931094
0 0.128531 0.929187 0.174521 0.0446875
0 0.803802 0.685852 0.0634792 0.0625469
0 0.166552 0.710594 0.0540208 0.0281875
0 0.219667 0.981187 0.137583 0.037625
0 0.635167 0.709656 0.100458 0.1095
0 0.884167 0.638203 0.0970833 0.0415312
0 0.431427 0.683508 0.200813 0.0495156
0 0.439104 0.642148 0.19325 0.0623281
0 0.551583 0.738125 0.0899167 0.0512813
0 0.205448 0.664258 0.115146 0.0707031
0 0.257781 0.692937 0.173771 0.0721875
0 0.156021 0.642383 0.03175 0.0448906
0 0.471531 0.735219 0.200896 0.0565312
0 0.453656 0.594227 0.109063 0.0346094
0 0.868271 0.978398 0.02875 0.0432031
0 0.133063 0.970547 0.124625 0.0450938
0 0.980385 0.992641 0.0392292 0.0147187
0 0.128875 0.703141 0.028875 0.0320312
0 0.222198 0.882437 0.132979 0.0607812
0 0.765792 0.639742 0.21025 0.0641094
0 0.983542 0.69343 0.0329167 0.0189844
0 0.260344 0.922102 0.0577708 0.0307656
0 0.23451 0.928594 0.0523125 0.0264062
0 0.887229 0.87218 0.05675 0.0658906
0 0.490062 0.365625 0.135417 0.224219
0 0.601979 0.620078 0.119 0.0925938
0 0.538885 0.685438 0.164104 0.0579375
0 0.958417 0.94107 0.0831667 0.0437656
0 0.0862917 0.964438 0.1135 0.054625
0 0.618708 0.336438 0.193125 0.23225
0 0.951021 0.974289 0.0955417 0.0462656
0 0.323146 0.696141 0.086 0.0577187
0 0.890229 0.909102 0.0673333 0.107953
0 0.908271 0.98475 0.0775417 0.0305
