0 0.721194 0.646102 0.0467447 0.0582969
0 0.680386 0.603141 0.0322951 0.0310937
0 0.627892 0.629953 0.0419204 0.0370313
0 0.662974 0.576336 0.0562061 0.0467031
0 0.698244 0.602055 0.0196721 0.0336406
0 0.707775 0.666555 0.0716628 0.0648281
0 0.570164 0.591516 0.0384543 0.0389688
0 0.687026 0.627367 0.0208431 0.0224531
0 0.59541 0.629039 0.0369555 0.0402344
0 0.69589 0.557992 0.0519672 0.0259219
0 0.609087 0.595078 0.045808 0.043625
0 0.526979 0.655438 0.0253864 0.040375
0 0.617377 0.702383 0.0472131 0.0183281
0 0.636745 0.592938 0.0589227 0.0440625
0 0.700913 0.576898 0.0303981 0.0290156
0 0.543817 0.625656 0.0364871 0.0835937
0 0.614145 0.68118 0.0884778 0.0402969
0 0.637412 0.672492 0.0977752 0.0479844
0 0.568443 0.621352 0.0337002 0.0299531
0 0.658384 0.628562 0.0461827 0.0305312
0 0.518946 0.620664 0.0708665 0.0704531
