0 0.0817031 0.782697 0.0340937 0.0798472
0 0.556078 0.928504 0.0784688 0.134607
0 0.146391 0.778461 0.0198125 0.0394978
0 0.248867 0.939607 0.0446719 0.120786
0 0.590977 0.862948 0.0392344 0.100262
0 0.535008 0.848657 0.0502969 0.0694978
0 0.702672 0.790579 0.0430313 0.0400218
0 0.614727 0.839727 0.0239219 0.0747817
0 0.408898 0.919378 0.0425781 0.146092
0 0.0901172 0.939749 0.111953 0.120502
0 0.200469 0.857282 0.0606563 0.129454
0 0.364398 0.857303 0.0252969 0.094607
0 0.298852 0.840109 0.0889219 0.0825764
0 0.123164 0.942904 0.0628906 0.114192
0 0.72068 0.918581 0.0811719 0.130218
0 0.0650625 0.881878 0.0822813 0.14524
0 0.509695 0.938461 0.100953 0.123079
0 0.74325 0.919181 0.0910938 0.116135
0 0.362031 0.947227 0.0704375 0.105546
0 0.52057 0.921692 0.0746406 0.125
0 0.298047 0.970666 0.0190937 0.0572707
0 0.751898 0.857489 0.0641719 0.132314
0 0.554852 0.80369 0.0160781 0.0862445
0 0.441242 0.875557 0.0379531 0.0694978
0 0.655195 0.929487 0.0819531 0.141026
0 0.667109 0.793581 0.0319063 0.0482096
0 0.273719 0.895328 0.0647188 0.142183
0 0.118867 0.875066 0.0371719 0.114672
0 0.773414 0.865131 0.0780469 0.156769
0 0.0691953 0.792282 0.0337031 0.0968777
0 0.154984 0.942948 0.0544063 0.114105
0 0.435367 0.827991 0.0352031 0.0482096
0 0.392477 0.829007 0.0241719 0.055262
0 0.2025 0.920251 0.0293438 0.0687118
0 0.584109 0.896987 0.032625 0.139345
0 0.434094 0.884738 0.0385937 0.0855895
0 0.470945 0.844727 0.0186719 0.0666594
0 0.342391 0.807041 0.0469375 0.0310262
0 0.757758 0.913428 0.107578 0.111921
0 0.258617 0.868395 0.0264844 0.131419
0 0.45132 0.940535 0.0504219 0.11893
0 0.674852 0.889793 0.0268281 0.0686245
0 0.529117 0.870393 0.0463906 0.0816157
0 0.216984 0.852172 0.0377813 0.100764
0 0.530563 0.792183 0.0429062 0.0561572
0 0.619055 0.94036 0.0493906 0.119279
0 0.461766 0.850469 0.019 0.0962227
0 0.181594 0.933188 0.035 0.0902183
0 0.642758 0.834017 0.0242031 0.0643668
0 0.587078 0.775633 0.0331875 0.0466812
0 0.592289 0.800098 0.0297969 0.0691048
0 0.663539 0.855721 0.0470469 0.0948908
0 0.613406 0.988384 0.0406875 0.0223581
0 0.631852 0.823155 0.00592188 0.0211572
0 0.357539 0.868439 0.0311094 0.0681441
0 0.678984 0.932489 0.096125 0.116769
0 0.136859 0.815764 0.0469375 0.0648908
0 0.542984 0.801539 0.0207188 0.0610262
0 0.359016 0.825306 0.011625 0.0264192
0 0.390805 0.881736 0.0300781 0.0797162
0 0.490922 0.850568 0.021375 0.0544541
0 0.514531 0.912052 0.0320937 0.0838428
0 0.577547 0.902107 0.0524063 0.156092
0 0.177633 0.790415 0.0520156 0.0582096
0 0.446125 0.856921 0.0291563 0.0876856
0 0.521781 0.788188 0.0564063 0.0661135
0 0.155469 0.793788 0.0100625 0.0286681
0 0.338547 0.949902 0.04075 0.100197
0 0.660289 0.779421 0.0321719 0.0428603
0 0.67143 0.936332 0.0881094 0.120524
0 0.607094 0.787893 0.0126875 0.0394541
0 0.382102 0.943559 0.101141 0.112882
0 0.23568 0.86441 0.0265781 0.124105
0 0.707281 0.842129 0.0255625 0.07369
0 0.0900938 0.881507 0.0449688 0.13869
0 0.656664 0.757937 0.00770312 0.0169214
0 0.378977 0.842434 0.0196094 0.0663974
0 0.198969 0.973461 0.0537188 0.0525546
0 0.0454766 0.823417 0.0609531 0.125568
0 0.628703 0.748712 0.0245938 0.0287773
0 0.318148 0.969814 0.0532969 0.0562227
0 0.289406 0.980972 0.0105938 0.0345633
0 0.133406 0.835404 0.0284063 0.0868777
