0 0.638742 0.200711 0.0342733 0.0347969
0 0.765108 0.65357 0.0401085 0.0387656
0 0.547343 0.18368 0.0527332 0.0366406
0 0.8618 0.775008 0.0488069 0.0977031
0 0.62513 0.201594 0.0547289 0.0451562
0 0.81974 0.685188 0.0977874 0.0516875
0 0.635857 0.549742 0.0246421 0.0165781
0 0.410499 0.31525 0.0223861 0.0119063
0 0.657072 0.494109 0.0294143 0.0074375
0 0.353905 0.458352 0.0517137 0.0133906
0 0.593406 0.408078 0.0519306 0.0225
0 0.599176 0.513695 0.0773102 0.0348281
0 0.578861 0.336164 0.0109111 0.0157031
0 0.568774 0.96593 0.176811 0.0681406
0 0.383525 0.263289 0.0167679 0.00729687
0 0.92615 0.758906 0.0470065 0.108813
0 0.511453 0.279945 0.0320174 0.0188281
0 0.417354 0.411359 0.0464208 0.0125938
0 0.446508 0.255992 0.023167 0.00635938
0 0.439111 0.683625 0.12551 0.0573438
0 0.414284 0.260508 0.0177223 0.00420313
0 0.403384 0.325695 0.0315401 0.00917187
0 0.355716 0.293312 0.0267028 0.0104688
0 0.410304 0.612633 0.15449 0.0679531
0 0.291692 0.276313 0.0228633 0.00771875
0 0.355043 0.324828 0.0204989 0.00728125
0 0.654295 0.463883 0.0237744 0.0280781
0 0.671052 0.865719 0.196985 0.0882813
0 0.32756 0.22368 0.0179393 0.0127656
0 0.551659 0.631133 0.0720824 0.0344844
0 0.883894 0.610055 0.0260087 0.0253281
0 0.774902 0.820453 0.0604772 0.0355625
0 0.497126 0.550539 0.0710846 0.0353906
0 0.856453 0.893273 0.168915 0.100234
0 0.809653 0.696984 0.0968764 0.0507812
0 0.657744 0.791273 0.150369 0.0643281
0 0.406985 0.293359 0.0355315 0.0115625
0 0.506247 0.40907 0.0573102 0.0288281
0 0.483894 0.811078 0.179197 0.0684375
0 0.935933 0.65957 0.102017 0.0365469
0 0.680033 0.484641 0.0234924 0.0159688
0 0.927017 0.650633 0.104534 0.0452969
0 0.432603 0.844547 0.0835575 0.0503125
0 0.61269 0.527602 0.100911 0.0269844
0 0.381095 0.248773 0.0260954 0.00985938
0 0.672798 0.826766 0.176269 0.0710625
0 0.507939 0.601234 0.0568764 0.0479375
0 0.57205 0.685328 0.0996312 0.0304687
0 0.322028 0.352438 0.0529935 0.0117813
0 0.370065 0.27718 0.0239913 0.0126094
0 0.473308 0.505719 0.0801952 0.0361563
0 0.559696 0.37 0.0144035 0.0192187
0 0.487256 0.446719 0.0224946 0.0187187
0 0.580434 0.197594 0.0508894 0.0390313
0 0.522234 0.603305 0.0475488 0.0333281
0 0.396399 0.525609 0.0776573 0.0437813
0 0.629046 0.878648 0.115315 0.0669531
0 0.682473 0.641891 0.052885 0.0845
0 0.327614 0.312391 0.0303254 0.0165937
0 0.42064 0.267641 0.0308677 0.0109687
0 0.539479 0.641789 0.0724946 0.0401406
0 0.456573 0.706805 0.113059 0.0488594
0 0.955889 0.803703 0.0837093 0.0372813
0 0.62667 0.646898 0.0369848 0.0701094
0 0.466844 0.359937 0.03859 0.0230625
0 0.633753 0.394047 0.0259002 0.025
0 0.505336 0.184758 0.0242082 0.00976562
0 0.397321 0.402109 0.0569848 0.0140937
0 0.459458 0.356148 0.0272885 0.0164844
0 0.480315 0.525969 0.0623644 0.0231875
0 0.434306 0.343648 0.0106074 0.00698437
0 0.531193 0.437805 0.0412581 0.0109219
0 0.303579 0.229633 0.0121909 0.00729687
0 0.57128 0.951078 0.193362 0.0945
0 0.481833 0.389367 0.0207158 0.0133906
0 0.650119 0.351055 0.0579826 0.0141094
0 0.53462 0.357734 0.0327549 0.0253437
0 0.835965 0.923344 0.13449 0.0802812
0 0.424761 0.599125 0.102061 0.0365625
0 0.627581 0.434078 0.0254447 0.00690625
0 0.48936 0.761539 0.144924 0.0578906
0 0.541247 0.42857 0.0252711 0.0151094
0 0.938633 0.715781 0.116833 0.0501875
0 0.465868 0.387305 0.0205857 0.0166094
0 0.375228 0.520328 0.0649458 0.026625
0 0.362256 0.484234 0.0937527 0.0384688
0 0.948069 0.979703 0.100954 0.0405937
0 0.302733 0.264406 0.0308026 0.00965625
0 0.484328 0.372437 0.0262256 0.0035625
0 0.47102 0.558984 0.0748373 0.0423125
0 0.49526 0.178125 0.0539479 0.0294687
0 0.508059 0.451953 0.0219306 0.0220312
0 0.393644 0.279758 0.032321 0.00751562
0 0.55205 0.682648 0.0606725 0.0368594
0 0.72769 0.585773 0.0181562 0.0249531
0 0.800477 0.628344 0.0627766 0.0178437
0 0.302777 0.350281 0.0612148 0.0124375
0 0.795076 0.977961 0.180434 0.0440781
0 0.749132 0.994945 0.0716703 0.0101094
0 0.718915 0.777961 0.104859 0.0628281
0 0.546985 0.741539 0.0767896 0.0349844
0 0.752343 0.563016 0.0346204 0.0232812
0 0.823351 0.746133 0.0567679 0.0513906
0 0.492636 0.791328 0.149783 0.0716875
0 0.532039 0.34032 0.0167462 0.0172344
0 0.405358 0.749414 0.0809111 0.0811094
0 0.633796 0.443523 0.0331453 0.0160469
0 0.418221 0.645359 0.0938395 0.0510312
0 0.771106 0.589938 0.0629935 0.0213125
0 0.362874 0.373 0.03282 0.01475
0 0.813514 0.71025 0.0786985 0.0350937
0 0.485184 0.529609 0.0546638 0.014875
0 0.870195 0.651438 0.0317137 0.0404687
0 0.438373 0.480555 0.0525813 0.0241719
0 0.672614 0.729469 0.0732538 0.0561562
0 0.885412 0.761703 0.042321 0.103969
0 0.439881 0.66782 0.129436 0.0530156
0 0.737863 0.952633 0.116551 0.0947344
0 0.363286 0.636953 0.0732104 0.0707187
0 0.407885 0.919461 0.0439262 0.0845156
0 0.495683 0.360289 0.0196095 0.00585938
0 0.462939 0.300719 0.0172885 0.01025
0 0.959273 0.852852 0.0792842 0.0432344
0 0.542364 0.855406 0.0570065 0.039375
0 0.544187 0.971656 0.192538 0.0566875
0 0.289512 0.326883 0.0381128 0.0114844
0 0.382321 0.322531 0.0427332 0.0106875
0 0.569837 0.433812 0.0303471 0.00815625
0 0.841725 0.887687 0.107007 0.0258125
0 0.60949 0.650734 0.0441866 0.0805625
0 0.43397 0.384828 0.0375271 0.00996875
0 0.346497 0.231063 0.0190239 0.00434375
0 0.739544 0.765203 0.0916703 0.0616875
0 0.51628 0.356297 0.0218872 0.0136562
0 0.968341 0.930602 0.0633189 0.0461719
0 0.364881 0.759328 0.0349675 0.0604062
0 0.449328 0.385734 0.0265076 0.0129062
0 0.768156 0.966844 0.149458 0.065875
0 0.378612 0.709844 0.0361822 0.0240938
0 0.495336 0.192086 0.0176139 0.00560937
0 0.506605 0.33582 0.0207592 0.0111094
0 0.945336 0.626969 0.0160954 0.00609375
0 0.692028 0.864781 0.155076 0.0873437
0 0.544566 0.609086 0.0976356 0.0403906
0 0.5432 0.682891 0.0817137 0.0520625
0 0.458915 0.525102 0.0465944 0.0300469
0 0.431139 0.529539 0.0219306 0.0282656
0 0.5491 0.611422 0.0913883 0.0241563
0 0.970662 0.773602 0.0551193 0.0466719
0 0.453048 0.504242 0.088872 0.0241406
0 0.605933 0.889219 0.067744 0.069625
0 0.376258 0.50175 0.0742516 0.0209375
0 0.950846 0.873328 0.0960954 0.0766563
0 0.545282 0.351609 0.026269 0.00884375
0 0.556302 0.61982 0.0739913 0.0258281
0 0.687234 0.947187 0.0808026 0.105625
0 0.48244 0.293859 0.0139913 0.00678125
0 0.547961 0.335984 0.0305423 0.0221562
0 0.395358 0.633703 0.0761822 0.04725
0 0.470401 0.298031 0.0303037 0.013375
0 0.51192 0.282016 0.0140347 0.00965625
0 0.507386 0.403758 0.0260087 0.00795313
0 0.697191 0.490727 0.0168547 0.0118281
0 0.588471 0.700055 0.0974187 0.0407969
0 0.764425 0.742687 0.0683297 0.0491875
0 0.823764 0.656805 0.0909978 0.0236406
0 0.641345 0.929539 0.0260738 0.0289219
0 0.408915 0.287055 0.0332321 0.0135156
0 0.366182 0.23743 0.0111497 0.00451563
0 0.402722 0.339367 0.0346421 0.0126094
0 0.35769 0.23607 0.00969631 0.0114844
0 0.602072 0.440383 0.0378959 0.0167969
0 0.373666 0.335852 0.0356616 0.0153594
0 0.860477 0.967594 0.0197397 0.0141875
0 0.90295 0.974773 0.0813449 0.0504531
0 0.542809 0.384867 0.022321 0.00960937
0 0.294577 0.294922 0.0240781 0.0079375
0 0.485152 0.985094 0.0978525 0.0298125
0 0.438308 0.268664 0.018308 0.00935937
0 0.528818 0.442742 0.0509978 0.0162344
0 0.343503 0.247422 0.0160304 0.00875
0 0.673829 0.632609 0.00735358 0.019375
0 0.425553 0.274805 0.00715835 0.00551562
0 0.338449 0.339938 0.0342082 0.0105
0 0.531215 0.334148 0.0361388 0.0287031
0 0.965401 0.781594 0.0657267 0.0539375
0 0.475933 0.330633 0.0429718 0.0135156
0 0.470607 0.264266 0.0114534 0.0078125
0 0.385087 0.241742 0.0244902 0.0105469
0 0.580803 0.588078 0.0704989 0.0212812
0 0.778232 0.597867 0.076551 0.0203281
0 0.962798 0.821047 0.0744035 0.0211562
0 0.349892 0.273359 0.0367462 0.01225
0 0.36962 0.47768 0.0743818 0.0369219
0 0.542787 0.173578 0.0302603 0.0153125
0 0.668482 0.612688 0.0311063 0.0225938
0 0.585087 0.716406 0.104577 0.0554063
0 0.692364 0.592187 0.055705 0.020125
0 0.510217 0.401062 0.0295445 0.00559375
0 0.38577 0.348352 0.0229935 0.0102969
0 0.723764 0.618219 0.0324729 0.031
0 0.453427 0.823898 0.146811 0.0701406
0 0.43013 0.378477 0.0546204 0.00754687
0 0.935412 0.685195 0.111171 0.0425781
0 0.393265 0.370469 0.0318655 0.021375
0 0.810228 0.645945 0.0744685 0.0390469
0 0.333319 0.247477 0.0171367 0.0129844
0 0.703883 0.572484 0.0262473 0.0192812
0 0.533503 0.519375 0.037115 0.023125
0 0.316963 0.34182 0.0542299 0.00945312
0 0.469078 0.293039 0.0249241 0.0113594
0 0.416573 0.584688 0.113536 0.0556875
0 0.854067 0.916297 0.147137 0.07125
0 0.762397 0.584375 0.0592408 0.0369688
0 0.486584 0.320859 0.0533839 0.0176875
0 0.34936 0.523594 0.0498265 0.0266562
0 0.387202 0.555562 0.0724078 0.0467187
0 0.822505 0.769609 0.0309544 0.0165
0 0.83731 0.852047 0.138091 0.0503437
0 0.472787 0.308906 0.0327332 0.0100313
0 0.452039 0.297969 0.0072885 0.0085625
0 0.936931 0.696594 0.111779 0.0411875
0 0.400868 0.353359 0.0177874 0.00515625
0 0.432104 0.417391 0.0363557 0.0165313
0 0.464783 0.438844 0.0269197 0.0145625
0 0.403427 0.693039 0.108633 0.0439219
0 0.590792 0.553289 0.0769848 0.0318594
0 0.565076 0.198844 0.0633406 0.031625
0 0.509664 0.565625 0.0781562 0.0438125
0 0.506844 0.369141 0.0418004 0.00978125
0 0.684566 0.684695 0.0742082 0.0690156
0 0.351291 0.499555 0.0690456 0.0312344
0 0.313048 0.508891 0.0218872 0.0281563
0 0.529772 0.174836 0.0347289 0.0223281
0 0.826703 0.757961 0.0273319 0.0204219
0 0.497451 0.913477 0.125748 0.110516
0 0.537907 0.451492 0.0371584 0.0158906
0 0.704447 0.599352 0.068026 0.0220781
0 0.428275 0.371422 0.0481779 0.00765625
0 0.679046 0.493563 0.0251627 0.0155
0 0.429143 0.32482 0.0266594 0.00610938
0 0.454902 0.906852 0.0860738 0.100797
0 0.964414 0.988187 0.0711714 0.023625
0 0.338514 0.354945 0.0453145 0.0209844
0 0.94128 0.855742 0.0436009 0.0378906
0 0.648742 0.434734 0.0171367 0.0145625
0 0.473579 0.258867 0.0115835 0.00254687
0 0.356486 0.555258 0.0491106 0.0477969
0 0.430662 0.333258 0.031692 0.00854687
0 0.438145 0.650781 0.11538 0.0391562
0 0.429295 0.350023 0.0342516 0.0141719
0 0.365347 0.246734 0.0191974 0.0221562
0 0.566258 0.18643 0.0667028 0.0293281
0 0.473644 0.174344 0.0424295 0.01925
0 0.470239 0.180609 0.0364425 0.0156563
0 0.657299 0.359695 0.0362039 0.0166719
0 0.820228 0.787914 0.0391974 0.0292969
0 0.441941 0.311359 0.0298265 0.0179375
0 0.962516 0.83643 0.0749675 0.0253281
0 0.274534 0.269844 0.023167 0.00690625
0 0.652798 0.545078 0.0186551 0.0245938
0 0.510369 0.648125 0.044859 0.0370937
0 0.403926 0.405 0.0436876 0.00915625
0 0.570694 0.726984 0.110933 0.0543125
0 0.396453 0.328758 0.0246204 0.00495313
0 0.374382 0.256117 0.02 0.00629688
0 0.720651 0.560234 0.0197831 0.0280625
0 0.661009 0.452984 0.0260521 0.0224688
0 0.574024 0.563695 0.0836659 0.0492969
0 0.32897 0.268609 0.0187636 0.0102188
0 0.759284 0.696578 0.045987 0.06175
0 0.520228 0.375125 0.015987 0.00875
0 0.534761 0.394563 0.0286551 0.013375
0 0.61872 0.471531 0.0263774 0.0176563
0 0.569197 0.425344 0.0139262 0.008625
0 0.327039 0.563602 0.0291323 0.0387969
0 0.639989 0.208609 0.0725597 0.0563438
0 0.402082 0.264789 0.0112798 0.00376563
0 0.588406 0.425367 0.0303037 0.0178906
0 0.336855 0.254219 0.0104989 0.00659375
0 0.316757 0.220047 0.0187636 0.00675
0 0.665586 0.40818 0.019718 0.0154531
0 0.340043 0.284313 0.023731 0.00928125
0 0.360043 0.314789 0.044859 0.00873437
0 0.672516 0.364391 0.0222993 0.022625
0 0.654501 0.639602 0.0449241 0.0881406
0 0.331215 0.242313 0.0134924 0.00875
0 0.800759 0.613273 0.0678091 0.0202344
0 0.619881 0.781336 0.0879176 0.0754844
0 0.320163 0.299586 0.034295 0.00623438
0 0.413341 0.390312 0.0329718 0.0070625
0 0.431334 0.568672 0.125488 0.0449688
0 0.452787 0.355578 0.0272668 0.0117813
0 0.513471 0.32275 0.0154447 0.0145625
0 0.939382 0.728836 0.0675271 0.0301094
0 0.43398 0.317938 0.0329067 0.00971875
0 0.327202 0.241141 0.0142299 0.0117188
0 0.459957 0.265313 0.0241649 0.0108438
0 0.636963 0.486109 0.0141866 0.0100625
0 0.511941 0.420469 0.0525163 0.0286563
0 0.444957 0.285672 0.0253579 0.028875
0 0.876508 0.618766 0.0348807 0.021875
0 0.624349 0.397047 0.020846 0.0101563
0 0.426931 0.364641 0.0290456 0.00675
0 0.604631 0.463352 0.0636659 0.0327344
0 0.296616 0.309336 0.0541432 0.0131406
0 0.460824 0.416336 0.0209111 0.0303281
0 0.587842 0.456078 0.0498698 0.0184687
0 0.671291 0.796969 0.161453 0.043625
0 0.631345 0.58593 0.0367896 0.0257656
0 0.446269 0.397266 0.0310195 0.0168125
0 0.429685 0.291008 0.0139913 0.0125469
0 0.479262 0.610508 0.0250325 0.0267344
0 0.565824 0.510508 0.0586334 0.0271719
0 0.847462 0.676805 0.0688503 0.0340781
0 0.573612 0.782148 0.0456182 0.0698594
0 0.692017 0.501969 0.0315835 0.0187812
0 0.649317 0.343437 0.0474837 0.0163438
0 0.495629 0.436672 0.0206291 0.0151562
0 0.544273 0.413234 0.0351844 0.0303438
0 0.472191 0.398336 0.0122343 0.0121719
0 0.606898 0.536828 0.100174 0.0392813
0 0.452115 0.483898 0.0517354 0.0167656
0 0.508102 0.406516 0.0318221 0.0115625
0 0.570043 0.351672 0.0130586 0.0107188
0 0.526258 0.34607 0.025141 0.00854687
0 0.381117 0.364195 0.0356833 0.0118594
0 0.550304 0.461414 0.0314967 0.0126094
0 0.468167 0.33975 0.050564 0.00996875
0 0.729913 0.663625 0.0388286 0.069625
0 0.327614 0.534906 0.0375705 0.0244375
0 0.302885 0.250453 0.0181345 0.0078125
0 0.439501 0.747719 0.0937961 0.067
0 0.329382 0.484758 0.0502603 0.0196719
0 0.582495 0.443102 0.0462907 0.0153281
0 0.427321 0.278938 0.0119957 0.0118125
0 0.674111 0.587461 0.0379826 0.0295781
0 0.308492 0.462914 0.0210195 0.0221719
0 0.371302 0.263062 0.0185683 0.009
0 0.322614 0.328891 0.0518221 0.011625
0 0.338015 0.653227 0.0394143 0.0315156
0 0.484067 0.378914 0.0303037 0.0127344
0 0.486334 0.347969 0.03141 0.0145625
0 0.493764 0.389562 0.023102 0.00821875
0 0.497722 0.303687 0.0318872 0.0136875
0 0.334382 0.230555 0.023167 0.0106719
0 0.396247 0.268617 0.0102386 0.00495313
0 0.284154 0.284742 0.0405423 0.00801563
0 0.757072 0.624367 0.026551 0.0374219
0 0.310054 0.279539 0.0181562 0.00754687
0 0.358286 0.303258 0.0392191 0.00885937
0 0.669414 0.467852 0.00633406 0.00882813
