0 0.369102 0.284977 0.0107344 0.0238498
0 0.645398 0.492218 0.0105781 0.0146714
0 0.413086 0.294484 0.0203594 0.0137559
0 0.558258 0.433826 0.0277344 0.0168075
0 0.894211 0.196268 0.0130156 0.013615
0 0.286211 0.315775 0.0110469 0.0385446
0 0.622258 0.425962 0.0103281 0.0170423
0 0.707875 0.299707 0.0128438 0.0201643
0 0.66493 0.185364 0.0109844 0.0285211
0 0.650672 0.279202 0.0102813 0.0183099
0 0.599547 0.48034 0.028 0.0211972
0 0.730984 0.560939 0.01075 0.0215023
0 0.746195 0.324613 0.0155156 0.0210563
0 0.53257 0.211596 0.00767187 0.0138967
0 0.493031 0.209049 0.014 0.0162207
0 0.46407 0.206561 0.00776562 0.0201643
0 0.65075 0.220998 0.0106875 0.0217606
0 0.790625 0.235716 0.013625 0.0102113
0 0.663773 0.537958 0.0111094 0.0141315
0 0.336102 0.264589 0.0204531 0.019507
0 0.726844 0.5075 0.0124688 0.0243897
0 0.606055 0.586995 0.0216406 0.0143192
0 0.619203 0.644366 0.007625 0.0105634
0 0.831234 0.178991 0.00946875 0.015446
0 0.503656 0.258638 0.0109375 0.0226291
0 0.680547 0.559941 0.0117813 0.0199765
0 0.568547 0.308873 0.0118438 0.0225352
0 0.398383 0.251338 0.00907812 0.0210329
0 0.665703 0.568146 0.00996875 0.026338
0 0.438437 0.462477 0.0111875 0.01777
0 0.722633 0.539472 0.00735937 0.0180986
0 0.471258 0.169272 0.0167656 0.00849765
0 0.584906 0.25615 0.00965625 0.028169
0 0.607305 0.50669 0.0110469 0.00985915
0 0.309125 0.186526 0.0090625 0.0416901
0 0.628883 0.51358 0.0116094 0.017723
0 0.599156 0.535915 0.0180937 0.0376056
0 0.486148 0.302207 0.0111094 0.0252582
0 0.386719 0.287993 0.0101563 0.0170188
0 0.300375 0.18257 0.0132188 0.0325587
0 0.374508 0.177664 0.0114531 0.0143427
0 0.678906 0.625106 0.0093125 0.0165962
0 0.814164 0.254002 0.0169219 0.021385
0 0.303391 0.245376 0.0123125 0.0305164
0 0.818187 0.236901 0.0205625 0.015446
0 0.480187 0.446408 0.0112187 0.0121596
0 0.833586 0.537923 0.0116719 0.0285211
0 0.806938 0.692629 0.0194062 0.0161033
0 0.748695 0.203815 0.0105156 0.0143897
0 0.740945 0.589448 0.00876563 0.0203052
0 0.30668 0.220246 0.0144531 0.0115258
0 0.392273 0.188967 0.0162344 0.0192958
0 0.66307 0.466772 0.0120469 0.0163146
0 0.459477 0.368627 0.0102344 0.0115258
0 0.573477 0.507054 0.0149844 0.0362676
0 0.585086 0.624437 0.0105781 0.0333333
0 0.894844 0.329308 0.0130312 0.0263615
0 0.599219 0.429296 0.0110625 0.0380751
0 0.705727 0.538052 0.0179219 0.0125352
0 0.460492 0.451538 0.00970312 0.0260329
0 0.585328 0.57858 0.0115625 0.0254225
0 0.461828 0.253369 0.0128125 0.0368779
0 0.815297 0.545117 0.00846875 0.0322066
0 0.552914 0.47385 0.0214844 0.0185915
0 0.797719 0.184859 0.0115625 0.0275117
0 0.915375 0.332923 0.0115625 0.0229343
0 0.281641 0.259812 0.01 0.034554
0 0.436094 0.415739 0.0129688 0.00899061
0 0.65007 0.167312 0.00857813 0.0182394
0 0.752047 0.445387 0.0135 0.0170657
0 0.432125 0.385246 0.0209063 0.0152347
0 0.753484 0.500411 0.014375 0.0183803
0 0.450023 0.388615 0.00904687 0.0120657
0 0.775086 0.371725 0.0203906 0.0265493
0 0.406805 0.286655 0.0191094 0.0162207
0 0.927156 0.347347 0.0104375 0.0351174
0 0.733187 0.30189 0.00925 0.0163615
0 0.823695 0.163779 0.0105156 0.0161033
0 0.441695 0.535974 0.0101094 0.0269718
0 0.755055 0.564847 0.0145469 0.018662
0 0.76225 0.231033 0.0119063 0.0210329
0 0.78432 0.193415 0.0183906 0.0148592
0 0.791266 0.384871 0.0123438 0.043216
0 0.791867 0.207523 0.0161094 0.021385
0 0.565609 0.236491 0.00971875 0.0297418
0 0.823172 0.474331 0.02025 0.0238732
0 0.792375 0.531326 0.0146563 0.0275822
0 0.596227 0.203181 0.0120469 0.0174883
0 0.673008 0.477864 0.00929687 0.0216901
0 0.751352 0.611092 0.00926562 0.0301643
0 0.714266 0.469683 0.01125 0.014061
0 0.389398 0.309789 0.0106719 0.0219249
0 0.756437 0.494448 0.0179687 0.0120892
0 0.570695 0.218451 0.00895313 0.0188263
0 0.448516 0.218885 0.021625 0.00978873
0 0.706391 0.329354 0.0197188 0.0174883
0 0.659375 0.227805 0.0105313 0.035939
0 0.559453 0.507993 0.0169375 0.0297418
0 0.738687 0.448803 0.00640625 0.0241784
0 0.584562 0.430892 0.0204063 0.0414554
0 0.924219 0.285962 0.007875 0.0159155
0 0.697539 0.455153 0.00876563 0.0118545
0 0.614258 0.438697 0.00857813 0.0221831
0 0.788992 0.459648 0.0221094 0.0215962
0 0.696172 0.185739 0.00828125 0.021385
0 0.819742 0.338439 0.0218906 0.0198357
0 0.870516 0.283251 0.0113125 0.0127934
0 0.37332 0.227277 0.00929687 0.0207512
0 0.673625 0.261585 0.00971875 0.020446
0 0.459609 0.438122 0.00865625 0.0267136
0 0.690633 0.639789 0.0104531 0.0286854
0 0.331313 0.289472 0.0132188 0.0365493
0 0.640578 0.450915 0.0117813 0.0179812
0 0.787375 0.347324 0.017625 0.0192488
0 0.604922 0.190962 0.0133437 0.0152113
0 0.837859 0.532383 0.00665625 0.00955399
0 0.727914 0.200117 0.0115469 0.0123944
0 0.814352 0.523756 0.00948437 0.0234272
0 0.74693 0.643239 0.0101719 0.0148826
0 0.717109 0.204225 0.01975 0.0141784
0 0.702586 0.166995 0.00867187 0.0143192
0 0.621461 0.213216 0.0143906 0.0114085
0 0.574219 0.584214 0.0109063 0.021385
0 0.485141 0.249225 0.00746875 0.0121127
0 0.613625 0.216045 0.0115625 0.0136385
0 0.541547 0.266702 0.0206563 0.0176761
0 0.887062 0.256162 0.0247812 0.0188967
0 0.327594 0.171878 0.0169375 0.0102347
0 0.281266 0.176995 0.0197188 0.0228638
0 0.878437 0.307723 0.0118438 0.0291549
0 0.538453 0.430927 0.00784375 0.0102113
0 0.763922 0.330822 0.0225 0.0376526
0 0.796414 0.493592 0.0103281 0.0201408
0 0.317688 0.177523 0.013625 0.0257042
0 0.546617 0.223674 0.0134219 0.0121362
0 0.543289 0.514413 0.0238281 0.0168545
0 0.530164 0.467101 0.00698437 0.0229343
0 0.638211 0.266232 0.0123906 0.0210563
0 0.389328 0.241843 0.0130625 0.0262207
0 0.498258 0.238357 0.00964062 0.0204695
0 0.627648 0.183157 0.0171406 0.0154695
0 0.546922 0.168415 0.0120313 0.00730047
0 0.713898 0.584308 0.00598438 0.0157981
0 0.540133 0.688627 0.0135469 0.015892
0 0.795625 0.145775 0.0160938 0.0187793
0 0.749438 0.180305 0.0110625 0.010939
0 0.823188 0.310364 0.0100313 0.0278638
0 0.811789 0.304167 0.0141719 0.0287559
0 0.653516 0.235481 0.00778125 0.0143427
0 0.279266 0.213404 0.0194062 0.0356338
0 0.743617 0.247089 0.0127344 0.014554
0 0.594805 0.457312 0.0197344 0.0227465
0 0.723437 0.491303 0.0120938 0.0139671
0 0.641477 0.30196 0.0103906 0.0244366
0 0.483367 0.457477 0.00642188 0.0134977
0 0.288438 0.261338 0.013875 0.0376995
0 0.687508 0.234577 0.00954687 0.0143192
0 0.664641 0.262676 0.0169375 0.0207512
0 0.727594 0.249308 0.00959375 0.0148592
0 0.575523 0.234484 0.00970312 0.0232394
0 0.732187 0.483204 0.0086875 0.020446
0 0.613953 0.33757 0.0212812 0.0167371
0 0.527281 0.445223 0.0135 0.0154695
0 0.539789 0.209061 0.00929687 0.014554
0 0.783727 0.241092 0.0100469 0.0150939
0 0.76857 0.246326 0.00920312 0.0185681
0 0.558672 0.579624 0.0218125 0.0205164
0 0.890195 0.263592 0.0169531 0.012723
0 0.720039 0.458498 0.00876563 0.018169
0 0.823625 0.460411 0.0243438 0.0162676
0 0.898102 0.28723 0.0116406 0.0205634
0 0.778211 0.347406 0.0135781 0.0128404
0 0.788758 0.15311 0.0191094 0.0134507
0 0.501352 0.172136 0.00926562 0.0113615
0 0.601102 0.565915 0.0212031 0.0277465
0 0.400883 0.169624 0.0131406 0.0130047
0 0.671969 0.201502 0.0167187 0.0125352
0 0.744742 0.447312 0.00873437 0.018662
0 0.553461 0.186256 0.0133281 0.0184742
0 0.46625 0.424577 0.0121563 0.0162911
0 0.643266 0.193568 0.0146563 0.0176526
0 0.39468 0.211573 0.0153281 0.0148357
0 0.72382 0.644789 0.00704687 0.00887324
0 0.540227 0.424331 0.00839063 0.0138263
0 0.489938 0.245235 0.0152812 0.0185915
0 0.560648 0.483885 0.0212031 0.0199296
0 0.74718 0.278192 0.00820313 0.0210329
0 0.596742 0.255986 0.0139219 0.0147418
0 0.64032 0.472488 0.0138906 0.0213146
0 0.887641 0.319859 0.0193437 0.0202347
0 0.702953 0.249812 0.00846875 0.011784
0 0.759539 0.591045 0.0137031 0.0189437
0 0.497883 0.298075 0.0136094 0.0270423
0 0.35993 0.306009 0.0109531 0.0256338
0 0.601148 0.516585 0.0298281 0.0203991
0 0.802008 0.384495 0.0112031 0.0455634
0 0.3595 0.231831 0.0129062 0.0315962
0 0.816812 0.355352 0.0233125 0.0174648
0 0.618734 0.260059 0.0245625 0.021385
0 0.591953 0.594671 0.0166563 0.0168075
0 0.610172 0.495387 0.021 0.0224178
0 0.641336 0.502923 0.00942187 0.0150469
0 0.614828 0.326878 0.0212188 0.00680751
0 0.643719 0.43365 0.00875 0.0148592
0 0.808687 0.490423 0.0141875 0.0226291
0 0.498469 0.43858 0.0095625 0.0219484
0 0.643164 0.651831 0.0164844 0.0216901
0 0.373453 0.210411 0.009125 0.0155634
0 0.834961 0.52493 0.0119531 0.0103756
0 0.486664 0.212488 0.0110781 0.0186854
0 0.711508 0.240986 0.0135781 0.0139437
0 0.74818 0.541866 0.0109531 0.0238732
0 0.493516 0.422547 0.00553125 0.00528169
0 0.396789 0.297746 0.0123906 0.0164319
0 0.320352 0.287394 0.0132656 0.031831
0 0.615383 0.171725 0.0109531 0.0167371
0 0.736617 0.506021 0.00945312 0.0236385
0 0.359773 0.294531 0.0109844 0.0310329
0 0.669195 0.638967 0.00701563 0.027277
0 0.493063 0.198028 0.0200625 0.0132864
0 0.714953 0.214613 0.0134687 0.0154695
0 0.544273 0.238862 0.0162969 0.0219953
0 0.88518 0.283732 0.0144531 0.0230986
0 0.598258 0.328369 0.0127969 0.0183333
0 0.725305 0.632218 0.0112656 0.020446
0 0.880219 0.224812 0.011125 0.0110329
0 0.670148 0.274953 0.0184844 0.0233803
0 0.642383 0.348721 0.0148906 0.0888028
0 0.902789 0.261631 0.0113594 0.0462207
0 0.735922 0.605411 0.00784375 0.0287559
0 0.674422 0.420739 0.0108125 0.0162207
0 0.707492 0.564331 0.0134219 0.0179577
0 0.789039 0.485751 0.0131406 0.0165728
0 0.643094 0.538674 0.0115625 0.0173474
0 0.556789 0.173075 0.0100156 0.0125352
0 0.82868 0.198146 0.0138594 0.017277
0 0.277687 0.237113 0.012125 0.0270892
0 0.837898 0.192265 0.0107031 0.0126995
0 0.722313 0.561596 0.008 0.0205164
0 0.329828 0.239225 0.0219375 0.0179812
0 0.66793 0.311491 0.00726563 0.00899061
0 0.450766 0.268028 0.010875 0.00953052
0 0.453102 0.460434 0.00764062 0.0197418
0 0.539055 0.282629 0.0163906 0.021831
0 0.571969 0.621772 0.0152187 0.0537324
0 0.450477 0.43061 0.0123906 0.0170423
0 0.616133 0.286127 0.0132656 0.0147887
0 0.507016 0.296819 0.0136562 0.0209624
0 0.756125 0.460211 0.0116562 0.0138967
0 0.316953 0.316901 0.0113437 0.0455399
0 0.36925 0.198815 0.00984375 0.0233099
0 0.874273 0.289378 0.0130781 0.0272535
0 0.907016 0.339894 0.008375 0.0439202
0 0.43293 0.453615 0.0115781 0.0238498
0 0.510305 0.155246 0.0162031 0.0110563
0 0.564312 0.259871 0.0109687 0.015
0 0.902766 0.182418 0.00990625 0.0170423
0 0.757836 0.660047 0.00710937 0.00920188
