0 0.398947 0.72249 0.0877895 0.10346
0 0.971611 0.98128 0.0567789 0.03744
0 0.321021 0.82257 0.0784211 0.05342
0 0.386653 0.59214 0.0783579 0.10056
0 0.615305 0.62563 0.221263 0.08762
0 0.626337 0.66167 0.227832 0.0561
0 0.919147 0.66905 0.0562316 0.05006
0 0.864832 0.63585 0.0295368 0.0437
0 0.531621 0.59106 0.124 0.12648
0 0.588968 0.79944 0.0994105 0.07596
0 0.295558 0.64732 0.152884 0.1226
0 0.238842 0.74157 0.0834105 0.05386
0 0.961579 0.49843 0.0285053 0.0149
0 0.304547 0.73941 0.135116 0.08386
0 0.643337 0.78957 0.0491158 0.04542
0 0.436105 0.57753 0.0582316 0.12566
0 0.926979 0.79051 0.0280632 0.08154
0 0.454 0.89956 0.0460632 0.05092
0 0.475021 0.70542 0.0805263 0.10224
0 0.765842 0.86602 0.0428842 0.02128
0 0.726126 0.92718 0.0404632 0.04152
0 0.865568 0.60237 0.0171158 0.02782
0 0.493432 0.84904 0.0546947 0.04664
0 0.480842 0.57081 0.0685474 0.1271
0 0.276432 0.67543 0.166674 0.06666
0 0.255674 0.70418 0.160737 0.03724
0 0.836747 0.79033 0.0326105 0.02078
0 0.271716 0.81272 0.117832 0.06184
0 0.983947 0.46821 0.0250737 0.01642
0 0.936747 0.62615 0.0221263 0.02206
0 0.846063 0.88222 0.0512421 0.02884
0 0.727305 0.89905 0.0537684 0.03958
0 0.976189 0.92426 0.0476211 0.04848
0 0.794632 0.85641 0.0658105 0.04258
0 0.716442 0.74206 0.0405895 0.03532
0 0.729884 0.91698 0.0425053 0.03376
0 0.9794 0.79782 0.0412 0.06232
0 0.974789 0.89851 0.0504211 0.05078
0 0.983179 0.76997 0.0336421 0.05318
0 0.946358 0.80198 0.0293895 0.05944
0 0.630505 0.71273 0.0855579 0.08006
0 0.353726 0.89056 0.0533474 0.0534
0 0.975684 0.60707 0.0275789 0.01918
0 0.900316 0.8608 0.0561263 0.04872
0 0.888253 0.52203 0.0286316 0.03614
0 0.402547 0.84765 0.0617684 0.05706
0 0.795295 0.91278 0.0244842 0.0382
0 0.364074 0.77672 0.0886105 0.07656
0 0.955642 0.58748 0.0377263 0.0506
0 0.957442 0.60123 0.0527789 0.04066
0 0.768305 0.95366 0.0402316 0.03364
0 0.8438 0.83964 0.0262947 0.05004
0 0.9836 0.86937 0.0328 0.03634
0 0.505063 0.77083 0.0819579 0.0671
0 0.9364 0.75472 0.0201684 0.02548
0 0.354463 0.59482 0.133558 0.14368
0 0.909316 0.68972 0.0329895 0.02316
0 0.333537 0.60127 0.154484 0.14446
0 0.684937 0.72367 0.0893263 0.07866
0 0.532642 0.87124 0.0583789 0.06852
0 0.980684 0.71429 0.0222526 0.04814
0 0.935779 0.85344 0.0502105 0.06532
0 0.861937 0.97795 0.0585263 0.0441
0 0.487821 0.96569 0.0477263 0.03846
0 0.548253 0.69548 0.0864842 0.06936
0 0.799832 0.88937 0.0375579 0.03242
0 0.957074 0.75689 0.0267368 0.03418
0 0.903632 0.91992 0.0334947 0.03932
0 0.799537 0.9791 0.0350737 0.02116
0 0.860916 0.52771 0.0191789 0.03946
0 0.275284 0.8796 0.0656842 0.05836
0 0.839305 0.70836 0.0182316 0.03632
0 0.435495 0.78498 0.0704421 0.0716
0 0.966726 0.48725 0.0306316 0.02414
0 0.586947 0.59385 0.192968 0.13538
0 0.974442 0.48111 0.0334316 0.02366
0 0.678147 0.57702 0.0358316 0.03096
0 0.983463 0.55833 0.0133684 0.01402
