2 0.627688 0.448617 0.0494167 0.0218281
2 0.689229 0.863258 0.0620417 0.0323594
2 0.449208 0.893258 0.0437917 0.0552344
2 0.601052 0.875711 0.0388958 0.0224844
2 0.256135 0.564859 0.0317292 0.0229375
2 0.616323 0.780172 0.0466458 0.0412813
2 0.228604 0.728977 0.0345833 0.0245469
2 0.429198 0.659375 0.0419375 0.025625
2 0.286635 0.619141 0.0273958 0.0163125
2 0.620927 0.686148 0.0443125 0.0452656
2 0.375802 0.511445 0.0236458 0.0252656
2 0.287469 0.581727 0.0324375 0.0245781
2 0.284135 0.726844 0.0366875 0.0290938
2 0.690969 0.541 0.0160625 0.0150625
2 0.247906 0.669148 0.0641458 0.0222969
2 0.611667 0.602852 0.0299583 0.0300469
2 0.370813 0.874961 0.0334167 0.0304844
2 0.560656 0.593078 0.0344792 0.0242812
2 0.443698 0.459766 0.0484792 0.0320312
2 0.661479 0.600734 0.0434583 0.0322188
2 0.206708 0.695641 0.0398333 0.0264375
2 0.739271 0.510344 0.0407083 0.0327188
2 0.172823 0.669625 0.0581875 0.0194687
2 0.753979 0.666438 0.049125 0.0321875
2 0.854167 0.688312 0.026375 0.025
2 0.320177 0.58082 0.0268958 0.0228594
2 0.573958 0.796227 0.0304167 0.0235781
2 0.547917 0.744742 0.0322917 0.0193281
2 0.357667 0.556609 0.0410833 0.0519375
2 0.373344 0.808953 0.0343125 0.0273438
2 0.578365 0.849797 0.0328542 0.0265937
2 0.83626 0.698828 0.0310208 0.031625
2 0.324323 0.475359 0.0431875 0.0588437
2 0.462333 0.84293 0.0303333 0.0472969
2 0.506281 0.615859 0.0218958 0.0263125
2 0.373448 0.491969 0.0613542 0.025125
2 0.437615 0.713391 0.0377708 0.0228437
2 0.666281 0.580203 0.0263125 0.0187812
2 0.254812 0.644656 0.039125 0.03275
2 0.483417 0.668992 0.029125 0.0195156
2 0.43851 0.741703 0.0409375 0.031375
2 0.673917 0.684797 0.054625 0.0207813
2 0.656948 0.646984 0.0386875 0.0155
2 0.21276 0.770188 0.0456875 0.0231562
2 0.711938 0.741562 0.0342917 0.0221562
2 0.763708 0.549875 0.0442083 0.0261562
2 0.672937 0.515242 0.0201667 0.0137344
2 0.687094 0.811422 0.0527708 0.054625
2 0.4925 0.628937 0.029125 0.0177813
2 0.502427 0.554523 0.0411458 0.0459219
2 0.573833 0.697641 0.0349583 0.01975
2 0.47099 0.620625 0.0231458 0.0222188
2 0.696271 0.578289 0.0369583 0.0261094
2 0.347677 0.782781 0.0353542 0.0315
