0 0.65907 0.358647 0.0571719 0.0864706
0 0.578031 0.394353 0.0885312 0.0896
0 0.62543 0.322176 0.0738281 0.105576
0 0.595141 0.514365 0.080875 0.0968706
0 0.685867 0.253447 0.0742656 0.0682118
0 0.541969 0.313118 0.056625 0.0525882
0 0.705047 0.529329 0.0695313 0.101576
0 0.629586 0.570365 0.0858906 0.0815765
0 0.707477 0.380729 0.0765156 0.0889882
0 0.707469 0.289482 0.07925 0.0825882
0 0.302445 0.182729 0.148391 0.0999059
0 0.744055 0.4232 0.0846719 0.0930824
0 0.588359 0.453412 0.0715 0.0803765
0 0.800578 0.376153 0.0775312 0.0873176
0 0.579508 0.156788 0.346078 0.124588
0 0.654555 0.447235 0.0640781 0.0841176
0 0.550453 0.374929 0.04975 0.0799765
0 0.833352 0.419482 0.0847656 0.108047
0 0.736078 0.326859 0.07075 0.0641647
0 0.603891 0.274141 0.0434375 0.0666824
0 0.669469 0.490024 0.06575 0.0932706
0 0.77275 0.487235 0.0930938 0.133388
