0 0.330539 0.470234 0.0319531 0.0423419
0 0.850609 0.177248 0.0347812 0.0535129
0 0.336727 0.548864 0.0643906 0.20363
0 0.203109 0.66808 0.0905938 0.315129
0 0.408477 0.545773 0.0715469 0.163162
0 0.378266 0.597564 0.07025 0.219719
0 0.696555 0.335937 0.0675156 0.0243326
0 0.406773 0.463103 0.0688281 0.126674
0 0.425414 0.449602 0.0667656 0.244824
0 0.248789 0.672307 0.0492344 0.379508
0 0.810242 0.160867 0.0639844 0.0573302
0 0.513266 0.378115 0.0429062 0.0614286
0 0.785883 0.188279 0.0332656 0.0382904
0 0.402219 0.378185 0.0384688 0.0858782
0 0.212609 0.675562 0.0970625 0.334122
0 0.59032 0.307799 0.0427344 0.048993
0 0.045875 0.697541 0.09175 0.312927
0 0.623266 0.440703 0.0162188 0.047822
0 0.25475 0.653864 0.129312 0.38637
0 0.655195 0.362482 0.0431719 0.0437471
0 0.587836 0.427319 0.0485781 0.129719
0 0.500273 0.430351 0.0715781 0.0766276
0 0.484766 0.497237 0.039875 0.195363
0 0.433641 0.456276 0.098625 0.306511
0 0.4965 0.32959 0.036375 0.0585246
0 0.651398 0.253033 0.0776094 0.041007
0 0.720102 0.274871 0.0341406 0.0687119
0 0.365328 0.365867 0.0374375 0.0770726
0 0.0968906 0.672237 0.107625 0.346393
0 0.683508 0.278607 0.0313906 0.0357611
0 0.606695 0.288197 0.0567969 0.0371897
0 0.375195 0.432787 0.0529531 0.0900703
0 0.530008 0.445035 0.0275469 0.105808
0 0.700328 0.39397 0.031125 0.0320609
0 0.315648 0.556639 0.0807969 0.188361
0 0.545055 0.34411 0.0604531 0.0527635
0 0.838961 0.0693326 0.0574531 0.0912646
0 0.663805 0.418806 0.0370469 0.0803279
0 0.299914 0.65911 0.0969219 0.336674
0 0.768336 0.295902 0.0407656 0.102248
0 0.756312 0.225 0.0326562 0.0423185
0 0.813266 0.264625 0.0209375 0.0519672
0 0.616828 0.334063 0.0420937 0.0505621
0 0.351023 0.425269 0.0340156 0.0697892
0 0.688914 0.446311 0.0263281 0.0446136
0 0.974273 0.419496 0.0418281 0.0472365
0 0.710391 0.291276 0.0309687 0.071452
0 0.650922 0.320515 0.0403437 0.0297424
0 0.602313 0.400691 0.03675 0.0612881
0 0.587727 0.250386 0.0341094 0.0581967
0 0.645781 0.280457 0.0607812 0.037822
0 0.903328 0.626956 0.0152187 0.0363466
0 0.858258 0.0561593 0.0542656 0.050726
0 0.696016 0.362412 0.0429375 0.0363466
0 0.682078 0.407763 0.0519375 0.0472365
0 0.355516 0.521862 0.083625 0.17356
0 0.669312 0.312939 0.0589688 0.0397424
0 0.573063 0.260972 0.027125 0.0615222
0 0.828969 0.208981 0.0274375 0.0389461
0 0.550805 0.401136 0.0388594 0.0858314
0 0.70968 0.359567 0.0517969 0.0343091
0 0.39493 0.598653 0.0667656 0.22171
0 0.672578 0.358138 0.0395625 0.0528571
0 0.446891 0.332201 0.0641562 0.0518501
0 0.747266 0.310691 0.0275938 0.0898126
0 0.880156 0.655504 0.0411875 0.0540984
0 0.639398 0.449918 0.0201719 0.0623185
0 0.489906 0.38897 0.0538438 0.0594848
0 0.397773 0.450047 0.0376094 0.0676815
0 0.557141 0.461183 0.031 0.0937471
0 0.839305 0.120258 0.0350469 0.0287119
0 0.521266 0.303724 0.0280313 0.0638407
0 0.782828 0.246347 0.0383437 0.0748478
0 0.805102 0.221534 0.0353281 0.0427869
0 0.730625 0.18103 0.027 0.0476815
0 0.655117 0.463068 0.0168594 0.0572834
0 0.753227 0.180047 0.0238906 0.0373302
0 0.597055 0.357213 0.0538594 0.0702576
0 0.623945 0.39308 0.0269219 0.0564637
0 0.140953 0.685785 0.130187 0.395738
0 0.831102 0.131534 0.0685469 0.0564169
0 0.840703 0.664953 0.0290938 0.0462998
0 0.709813 0.2126 0.0355 0.0737237
0 0.862719 0.684625 0.0442813 0.074356
