0 0.91293 0.63616 0.0124844 0.0150125
0 0.380727 0.614102 0.0113906 0.025611
0 0.722734 0.692668 0.0364688 0.0165087
0 0.694125 0.643691 0.0404375 0.0211471
0 0.27775 0.679352 0.0280938 0.016808
0 0.238805 0.67091 0.0224844 0.0183292
0 0.369523 0.670561 0.0268906 0.0329925
0 0.304648 0.674875 0.0154531 0.0262594
0 0.663922 0.613416 0.0075625 0.0105237
0 0.703094 0.628603 0.0312187 0.0235411
0 0.54368 0.612107 0.0262656 0.0173815
0 0.69732 0.676796 0.00810938 0.00476309
0 0.940625 0.610212 0.0095 0.0246135
0 0.522195 0.654701 0.0136719 0.017182
0 0.520672 0.615337 0.0156875 0.0377057
0 0.345164 0.6449 0.0113281 0.0210723
0 0.443141 0.62207 0.0271875 0.0238404
0 0.256852 0.633691 0.0124531 0.0106234
0 0.428008 0.672319 0.0120781 0.02
0 0.535812 0.614214 0.0289687 0.0319701
0 0.434836 0.605212 0.0178594 0.0161596
0 0.939422 0.643541 0.0109375 0.0204988
0 0.414867 0.637207 0.0167969 0.017207
0 0.737609 0.636746 0.0271875 0.0176808
0 0.906539 0.599763 0.0109531 0.0394264
0 0.321719 0.65783 0.0183437 0.0412968
0 0.994969 0.633367 0.009125 0.0198504
0 0.353242 0.639651 0.0133281 0.025187
0 0.946148 0.597681 0.00570312 0.0115212
0 0.794648 0.604963 0.0134531 0.0214464
0 0.900172 0.587893 0.00771875 0.0153865
0 0.409867 0.660474 0.00795313 0.0230923
0 0.953547 0.606546 0.0169687 0.0196259
0 0.372664 0.650711 0.0230781 0.00900249
0 0.510609 0.602768 0.0275 0.0169077
0 0.322062 0.615723 0.014 0.0187282
0 0.959891 0.6352 0.0144687 0.03
0 0.692398 0.652394 0.0365156 0.0151122
0 0.744188 0.668803 0.031375 0.012818
0 0.445141 0.655935 0.018125 0.0136658
0 0.338867 0.621384 0.0188594 0.0134414
0 0.466406 0.621234 0.0229062 0.0246135
0 0.417539 0.624314 0.00804688 0.0138653
0 0.399359 0.613404 0.0144687 0.0120449
0 0.253383 0.644227 0.0156094 0.0115461
0 0.323008 0.671035 0.0116719 0.031197
0 0.493852 0.616796 0.0101406 0.0166833
0 0.793477 0.672444 0.0362031 0.0228429
0 0.488398 0.594701 0.0265469 0.0387282
0 0.926719 0.642307 0.0154375 0.0189776
0 0.477695 0.645449 0.0207344 0.0317456
0 0.338406 0.648915 0.00771875 0.0102494
0 0.436203 0.634364 0.0185 0.0196509
0 0.269125 0.618392 0.0289063 0.035586
0 0.263344 0.657905 0.0186562 0.0215461
0 0.691359 0.614364 0.0305937 0.0225436
0 0.42157 0.649264 0.0182031 0.0115461
0 0.703273 0.672369 0.0316406 0.0256359
0 0.444531 0.606484 0.0225312 0.0330673
0 0.792031 0.677182 0.0130312 0.0159102
0 0.674531 0.668379 0.0226875 0.0228429
0 0.452906 0.670399 0.0118125 0.0303741
0 0.414047 0.60798 0.0066875 0.0226434
0 0.273766 0.636708 0.0186875 0.0141147
0 0.349391 0.672419 0.0315312 0.0315212
0 0.915328 0.624776 0.0287187 0.0201247
0 0.329133 0.613466 0.0154531 0.0412968
0 0.393367 0.651746 0.0228281 0.0112219
0 0.369937 0.615511 0.01625 0.0197506
0 0.25125 0.661372 0.0138437 0.0238404
0 0.788047 0.624102 0.0098125 0.0112968
0 0.302445 0.622481 0.0267031 0.0207731
0 0.957812 0.612556 0.0119063 0.0117955
0 0.922031 0.604015 0.009 0.0161596
0 0.309578 0.645424 0.0135 0.0179302
0 0.713156 0.682781 0.0250937 0.0200249
0 0.943641 0.623579 0.0300625 0.0216209
0 0.722 0.640212 0.00853125 0.0174314
0 0.292867 0.642955 0.00917187 0.0223192
0 0.728648 0.68111 0.0182656 0.0104988
0 0.768828 0.671047 0.018875 0.0186035
0 0.83332 0.686022 0.0220781 0.0272569
0 0.942477 0.629439 0.0160781 0.0143392
0 0.393586 0.668853 0.0101406 0.0130673
0 0.221031 0.659314 0.0204375 0.017182
0 0.693633 0.625162 0.0276719 0.0240898
0 0.677352 0.60803 0.0203906 0.0141147
0 0.474602 0.603728 0.00823437 0.00875312
0 0.69868 0.661746 0.0360469 0.0148628
0 0.65293 0.598728 0.00798438 0.0127182
0 0.421398 0.637893 0.0265156 0.0218204
0 0.525602 0.69182 0.0190156 0.0113716
0 0.423242 0.602643 0.0142031 0.0273815
0 0.401938 0.604202 0.0230625 0.0105985
0 0.376875 0.642456 0.0349375 0.0165337
0 0.439602 0.666945 0.0236094 0.0158853
0 0.456992 0.605461 0.00914062 0.0153616
0 0.504297 0.659526 0.005875 0.0147631
0 0.898414 0.646808 0.00851563 0.0161596
0 0.52393 0.670561 0.0137031 0.0199252
0 0.277391 0.66682 0.019625 0.0210224
0 0.268891 0.645212 0.0167187 0.0084788
0 0.669039 0.64308 0.0107656 0.0297506
0 0.366586 0.618791 0.0134219 0.022818
0 0.663141 0.652082 0.00771875 0.00975062
0 0.36975 0.607195 0.0179063 0.02202
0 0.683656 0.608055 0.03375 0.0251372
0 0.796203 0.60485 0.0078125 0.029202
0 0.290125 0.630723 0.0149687 0.0240898
0 0.450375 0.639825 0.0130312 0.0197506
0 0.537695 0.662606 0.0126094 0.0253616
0 0.780117 0.665224 0.0193281 0.0132419
0 0.495922 0.635087 0.00659375 0.0159102
