2 0.777227 0.466 0.0978906 0.0839529
2 0.396469 0.676129 0.246312 0.291271
2 0.325125 0.271835 0.187062 0.2424
2 0.634656 0.599212 0.143156 0.110047
2 0.892164 0.702565 0.0613281 0.246165
2 0.474367 0.209788 0.120766 0.209553
2 0.790773 0.2428 0.234234 0.263388
2 0.213 0.538882 0.187688 0.188071
2 0.525727 0.896141 0.247141 0.145694
2 0.818227 0.717671 0.217891 0.222824
2 0.0122891 0.578859 0.0217969 0.0396471
2 0.668406 0.688224 0.22075 0.160353
2 0.101539 0.719906 0.0352344 0.0797647
2 0.306492 0.195847 0.101234 0.120071
2 0.690562 0.177953 0.0293125 0.124659
2 0.585984 0.336859 0.144125 0.125294
2 0.881492 0.377894 0.126422 0.143506
