2 0.407313 0.213323 0.046875 0.0611875
2 0.535539 0.221667 0.0443906 0.05125
2 0.592883 0.26826 0.0532656 0.0707708
2 0.502578 0.340208 0.0626562 0.0754167
2 0.406891 0.268896 0.042375 0.0664583
2 0.535523 0.280323 0.0568906 0.0599792
2 0.435383 0.332437 0.0419219 0.0638333
2 0.442789 0.260563 0.0406094 0.04575
2 0.46225 0.209 0.0553125 0.0804583
2 0.565953 0.318052 0.0384062 0.0583125
2 0.558383 0.158469 0.0302656 0.0218125
2 0.580961 0.191875 0.0519219 0.0680833
2 0.483703 0.275271 0.0504375 0.0544583
2 0.869516 0.168698 0.0334688 0.0371875
