2 0.572375 0.577553 0.0565312 0.0697658
2 0.723961 0.790515 0.0521406 0.0605152
2 0.470031 0.0476347 0.0573125 0.0783607
2 0.71593 0.752049 0.0358906 0.0533255
2 0.303125 0.0382553 0.0390313 0.0710304
2 0.429852 0.0140164 0.0374844 0.0280328
2 0.513414 0.568899 0.0463281 0.0453864
2 0.422383 0.269707 0.0442031 0.0430211
2 0.620133 0.304274 0.120703 0.0979157
2 0.59643 0.557705 0.0496406 0.0698829
2 0.656453 0.453208 0.0750313 0.0364871
2 0.511016 0.539684 0.0347812 0.0315457
2 0.727508 0.638712 0.0610156 0.0512881
2 0.472117 0.629157 0.0627344 0.0802342
2 0.439219 0.213724 0.0573438 0.048103
2 0.538016 0.406405 0.08 0.065644
2 0.304 0.117201 0.0552188 0.0710304
2 0.402523 0.118607 0.0351719 0.0359485
2 0.525453 0.13397 0.03025 0.0279391
2 0.574523 0.822693 0.0801719 0.0807494
2 0.349602 0.0612061 0.0547031 0.0624122
