0 0.399547 0.52351 0.002875 0.0141042
0 0.837781 0.638073 0.00615625 0.0110208
0 0.402773 0.550521 0.00539063 0.00641667
0 0.860477 0.38026 0.00826563 0.0256458
0 0.990516 0.726062 0.0119063 0.0145417
0 0.770102 0.38424 0.00964062 0.0175208
0 0.907391 0.649365 0.0192187 0.0207708
0 0.94643 0.415135 0.0188594 0.0307708
0 0.855727 0.673885 0.00539063 0.0156458
0 0.870766 0.692312 0.0051875 0.0110833
0 0.884813 0.378365 0.00940625 0.0125625
0 0.879813 0.607417 0.0127188 0.0221667
0 0.9565 0.687698 0.0109063 0.0198542
0 0.896047 0.647177 0.00615625 0.0241042
0 0.916219 0.669687 0.00946875 0.01225
0 0.78743 0.592875 0.00673437 0.0220417
0 0.148211 0.534104 0.0227031 0.05025
0 0.88143 0.35975 0.0103906 0.0215417
0 0.904117 0.425135 0.0194219 0.0174375
0 0.864945 0.401438 0.00504688 0.00929167
0 0.961195 0.615177 0.0157656 0.0125625
0 0.910516 0.61926 0.0114687 0.0249375
0 0.996391 0.664229 0.00721875 0.0187083
0 0.921141 0.414104 0.00903125 0.014375
0 0.509227 0.707979 0.00607813 0.022125
0 0.991117 0.690875 0.0152344 0.0136667
0 0.900414 0.405646 0.0165469 0.0235833
0 0.782852 0.63176 0.00479687 0.0115208
0 0.115828 0.512854 0.0302812 0.0759167
0 0.89957 0.71401 0.0141406 0.0192292
0 0.535758 0.708969 0.00789063 0.0174375
0 0.885523 0.753729 0.0218594 0.0182917
0 0.875031 0.371802 0.015 0.0123125
0 0.502391 0.682823 0.005375 0.0143542
0 0.427945 0.584208 0.00460938 0.00795833
0 0.917922 0.594615 0.0111562 0.0292292
0 0.800469 0.412042 0.00615625 0.00666667
0 0.877391 0.405896 0.0165313 0.0205
0 0.922695 0.400854 0.00535938 0.0239167
0 0.118383 0.433115 0.0280781 0.0423125
0 0.295328 0.415583 0.008125 0.00695833
0 0.818742 0.599615 0.00807813 0.0074375
0 0.295563 0.364875 0.00596875 0.01025
0 0.939953 0.450802 0.0084375 0.0136042
0 0.567008 0.708073 0.00923437 0.0238542
0 0.905398 0.596323 0.0187031 0.0164792
0 0.773688 0.616406 0.005 0.00872917
0 0.0384688 0.45174 0.0436875 0.0340208
0 0.905562 0.36075 0.0192812 0.028125
0 0.866523 0.64026 0.0171094 0.0210208
0 0.811172 0.651052 0.00865625 0.00814583
0 0.943172 0.399615 0.0153125 0.0183542
0 0.748352 0.619354 0.00654688 0.0130833
0 0.594164 0.719229 0.0230781 0.0164167
0 0.860898 0.616365 0.0118281 0.0274792
0 0.807953 0.654438 0.0095 0.0126667
0 0.86575 0.694385 0.0075 0.0138542
0 0.950031 0.672438 0.00384375 0.004375
0 0.767406 0.572573 0.00865625 0.00739583
0 0.100594 0.383896 0.0630625 0.0564167
0 0.892492 0.689229 0.00942187 0.00616667
0 0.886289 0.400031 0.00960937 0.00922917
0 0.785398 0.680656 0.00564062 0.0191042
0 0.777867 0.365521 0.0169219 0.0166667
0 0.0343672 0.411583 0.0246094 0.0478333
0 0.913258 0.452177 0.00442188 0.0110208
0 0.490195 0.682135 0.00689063 0.0238125
0 0.98457 0.669802 0.00673437 0.0210208
0 0.917469 0.67526 0.0188125 0.0193542
0 0.950273 0.647573 0.0107656 0.0125625
0 0.118023 0.476854 0.0276406 0.0432917
0 0.870227 0.408083 0.0115469 0.02025
0 0.522508 0.716271 0.00595313 0.0108333
0 0.790547 0.40926 0.006 0.00797917
0 0.821047 0.612563 0.00903125 0.0184583
0 0.839641 0.580406 0.012875 0.0106458
0 0.413422 0.577313 0.00471875 0.0172083
0 0.773586 0.415906 0.00917187 0.0089375
0 0.763937 0.640083 0.007125 0.012375
0 0.966336 0.406542 0.0144219 0.01
0 0.989023 0.741281 0.0159531 0.0276875
