1 0.953656 0.793805 0.0639375 0.0864219
1 0.457438 0.824594 0.06975 0.071375
1 0.514448 0.769102 0.0225625 0.0117969
1 0.0265104 0.83882 0.0374792 0.0634844
1 0.435562 0.786687 0.0245417 0.0245312
1 0.718115 0.852492 0.0932292 0.0969531
1 0.519333 0.802797 0.032125 0.0451875
1 0.794906 0.813602 0.0453958 0.0636094
1 0.632052 0.828094 0.0618542 0.0901563
1 0.33875 0.830898 0.079625 0.0667656
1 0.275188 0.820898 0.0738333 0.0694844
1 0.13325 0.803367 0.0220417 0.0145469
1 0.882792 0.761328 0.0125417 0.0148437
