2 0.80382 0.629656 0.0908906 0.121979
2 0.547305 0.516208 0.0896094 0.0830833
2 0.397297 0.402562 0.062875 0.074875
2 0.305992 0.541917 0.110578 0.0982083
2 0.501469 0.658521 0.114344 0.118042
2 0.673578 0.437906 0.0207813 0.0251875
2 0.765562 0.747208 0.120156 0.119708
2 0.850469 0.710969 0.121625 0.127812
2 0.760992 0.456844 0.0786094 0.0831458
2 0.409852 0.810156 0.178578 0.108521
2 0.91543 0.85175 0.0220469 0.01975
2 0.760844 0.550552 0.075 0.112896
2 0.333313 0.415531 0.0855313 0.0779792
2 0.604609 0.415687 0.0361563 0.035375
