1 0.810453 0.473292 0.109875 0.106125
1 0.775414 0.606417 0.0669219 0.12925
1 0.840906 0.669833 0.0917813 0.086625
1 0.899328 0.62926 0.117125 0.0821458
1 0.72593 0.46075 0.0576406 0.0781667
1 0.901781 0.698604 0.0635938 0.0662083
1 0.729477 0.609333 0.0482031 0.0666667
1 0.828953 0.724917 0.0543125 0.0765
1 0.734102 0.541313 0.0702969 0.0666667
1 0.862586 0.550271 0.0179219 0.0285833
1 0.874383 0.509729 0.0572344 0.0741667
1 0.760711 0.502281 0.0589531 0.0796042
1 0.888016 0.580958 0.0483125 0.0404167
1 0.813625 0.53249 0.052625 0.0532708
1 0.759773 0.732427 0.0655781 0.0747708
1 0.883969 0.738698 0.0370313 0.0308125
1 0.743039 0.68026 0.0511719 0.0869792
