2 0.319641 0.537304 0.116111 0.113301
2 0.708464 0.413799 0.0965033 0.0705392
2 0.604404 0.672892 0.195637 0.213824
2 0.824845 0.295261 0.0665196 0.0729085
2 0.761021 0.317672 0.069134 0.0794935
2 0.809559 0.618056 0.0830719 0.0864706
2 0.387328 0.260025 0.10567 0.0954412
2 0.264657 0.205384 0.104739 0.0576961
2 0.378529 0.352557 0.0912092 0.132108
2 0.281405 0.421364 0.104771 0.105735
2 0.514224 0.371364 0.174559 0.11969
2 0.522116 0.515605 0.0978268 0.0969935
2 0.863913 0.571242 0.104755 0.102288
2 0.644093 0.473832 0.115997 0.0614216
