0 0.758253 0.26563 0.0285067 0.05594
0 0.52304 0.14529 0.03744 0.04382
0 0.20576 0.08966 0.0221333 0.04784
0 0.15416 0.07931 0.0441067 0.05166
0 0.72552 0.22022 0.0137067 0.03132
0 0.81504 0.32192 0.0191467 0.04308
0 0.592013 0.23768 0.0164 0.0182
0 0.800667 0.32361 0.0168 0.0431
0 0.216213 0.07185 0.04384 0.04218
0 0.713467 0.22646 0.0216 0.05124
0 0.168813 0.1514 0.0176267 0.02648
0 0.740053 0.3589 0.02512 0.0388
0 0.737733 0.30141 0.0346667 0.0405
0 0.781187 0.25522 0.0244 0.03768
0 0.80392 0.21067 0.01776 0.04002
0 0.823653 0.31892 0.0291733 0.04328
0 0.541333 0.07527 0.04304 0.05642
0 0.76248 0.19896 0.0247467 0.05688
0 0.65196 0.1342 0.0378933 0.04308
0 0.101907 0.22731 0.0320267 0.0533
0 0.500933 0.05053 0.0279467 0.03766
0 0.13636 0.1172 0.0327733 0.03104
0 0.450933 0.05757 0.03824 0.04346
0 0.226333 0.12351 0.0229067 0.0469
0 0.69928 0.09383 0.0290133 0.04546
0 0.599187 0.11022 0.0157067 0.04128
0 0.343173 0.12994 0.0295467 0.04028
0 0.678173 0.0679 0.0222133 0.04796
0 0.135173 0.22158 0.0337067 0.06888
0 0.79272 0.13917 0.0201067 0.0429
0 0.81248 0.20421 0.02768 0.04206
0 0.734093 0.0865 0.02184 0.0518
0 0.366613 0.05898 0.0458133 0.04208
0 0.590987 0.219 0.0160533 0.03616
0 0.30944 0.08325 0.0176533 0.05994
0 0.52696 0.07803 0.0389333 0.04718
0 0.377733 0.15617 0.0187733 0.02846
0 0.484707 0.15387 0.0157067 0.0285
0 0.40916 0.24361 0.0332 0.05202
0 0.719693 0.33493 0.0300533 0.02282
0 0.6128 0.14792 0.0137067 0.00904
0 0.70728 0.30205 0.0211733 0.04078
0 0.692973 0.06795 0.0232267 0.04642
0 0.75816 0.33179 0.0338133 0.02026
0 0.661867 0.13932 0.0474667 0.0554
0 0.417 0.06782 0.05464 0.04668
0 0.769227 0.12182 0.03072 0.04388
0 0.743173 0.42289 0.0286933 0.02794
0 0.752227 0.34872 0.03016 0.03636
0 0.335347 0.22324 0.0276533 0.05232
0 0.360613 0.2245 0.0245333 0.05096
0 0.614787 0.18239 0.00861333 0.01966
0 0.806187 0.13912 0.0256 0.04668
0 0.327907 0.07645 0.0257333 0.05178
0 0.704 0.15774 0.0345067 0.05848
0 0.18396 0.16111 0.0186933 0.0265
0 0.748253 0.08412 0.02664 0.0536
0 0.699947 0.23678 0.0218667 0.04872
0 0.584493 0.09988 0.02904 0.04872
0 0.727013 0.37704 0.0210133 0.03904
0 0.794427 0.27946 0.03136 0.01456
0 0.720507 0.08669 0.0219733 0.05914
0 0.337347 0.06733 0.04376 0.04902
0 0.285133 0.08075 0.0342667 0.05622
0 0.669813 0.19128 0.0504 0.03412
0 0.735387 0.15678 0.0394133 0.05916
0 0.81968 0.19895 0.03904 0.0415
0 0.738053 0.39797 0.0290133 0.0403
0 0.72144 0.30289 0.0405333 0.05542
0 0.408227 0.0762 0.0183733 0.04196
0 0.4262 0.22806 0.02424 0.0118
0 0.802227 0.26935 0.0276533 0.0195
0 0.7584 0.13158 0.0264 0.05492
0 0.62856 0.1097 0.0348267 0.0418
0 0.102147 0.13889 0.0229067 0.05002
0 0.434267 0.21201 0.0304 0.0215
0 0.495227 0.07866 0.01968 0.02464
0 0.434973 0.0739 0.0256267 0.04388
0 0.781653 0.32179 0.0235733 0.04026
0 0.423133 0.1719 0.01672 0.02872
0 0.602773 0.17893 0.01808 0.0329
0 0.36956 0.19051 0.0121333 0.01398
0 0.63248 0.19216 0.0304 0.04412
0 0.2698 0.06467 0.04872 0.04766
0 0.738787 0.25345 0.0198133 0.03694
0 0.799547 0.234 0.0240533 0.02952
0 0.755947 0.07419 0.0498667 0.05334
0 0.243787 0.11183 0.0145067 0.05034
0 0.177293 0.08888 0.0172 0.04536
0 0.610107 0.11353 0.0164267 0.05202
0 0.56088 0.09642 0.0244267 0.02984
0 0.4558 0.20417 0.0177867 0.03506
0 0.68088 0.19449 0.0229333 0.05462
0 0.63644 0.23896 0.0116 0.02688
