2 0.320678 0.844453 0.0530882 0.0423039
2 0.167663 0.94759 0.0450327 0.0386765
2 0.418938 0.794894 0.0367647 0.036781
2 0.0591258 0.792141 0.0346242 0.0327451
2 0.0210539 0.848047 0.026683 0.0243301
2 0.21192 0.834583 0.0502778 0.0287745
2 0.139641 0.839485 0.00960784 0.0118791
2 0.128962 0.848374 0.0532843 0.0429248
2 0.149216 0.737198 0.0156536 0.0129248
2 0.607435 0.703129 0.0886275 0.0402124
2 0.140359 0.770302 0.00937908 0.0169771
2 0.10598 0.956912 0.0096732 0.0187255
2 0.304828 0.790515 0.0614869 0.0402124
2 0.128358 0.761716 0.0114216 0.01
2 0.172484 0.925343 0.0270261 0.0310131
2 0.331405 0.741577 0.0172549 0.028317
