0 0.406417 0.177453 0.02725 0.0045
0 0.387177 0.20968 0.0402708 0.0213906
0 0.369115 0.574836 0.0808542 0.0419531
0 0.468917 0.736477 0.126042 0.0624531
0 0.507125 0.417187 0.096875 0.0289063
0 0.534917 0.522852 0.0923333 0.0259844
0 0.41176 0.585656 0.0613125 0.07225
0 0.334104 0.831164 0.0865417 0.0553906
0 0.50426 0.556922 0.0806458 0.0443438
0 0.43251 0.316602 0.103104 0.0276094
0 0.474417 0.386617 0.0831667 0.0227344
0 0.380115 0.393594 0.0281458 0.05075
0 0.514646 0.535047 0.140708 0.0294063
0 0.420854 0.546414 0.0396667 0.0194844
0 0.226479 0.802039 0.0968333 0.0702656
0 0.461208 0.498773 0.1135 0.0276406
0 0.403833 0.274133 0.0485417 0.0243594
0 0.395802 0.709313 0.0814375 0.0960625
0 0.464281 0.318602 0.0926042 0.0247344
0 0.310615 0.750266 0.0972292 0.0959062
0 0.465781 0.520687 0.0926458 0.0438438
0 0.43949 0.20057 0.0690625 0.0143594
0 0.396042 0.791148 0.188708 0.0443594
0 0.405615 0.493914 0.0671042 0.0415781
0 0.479458 0.670516 0.108042 0.0384688
0 0.475927 0.561563 0.0579375 0.0651875
0 0.386031 0.42543 0.0572708 0.0424219
0 0.311938 0.689484 0.127875 0.06975
0 0.44199 0.827945 0.115312 0.0482656
0 0.381667 0.533297 0.0582083 0.0181875
0 0.324698 0.785742 0.0776042 0.0300781
0 0.307 0.846133 0.0332083 0.0142969
0 0.505646 0.337102 0.0287083 0.0210156
0 0.442563 0.836844 0.148042 0.094625
0 0.440146 0.293297 0.0790833 0.0166875
0 0.466979 0.261766 0.035625 0.0153125
0 0.420344 0.255945 0.0618958 0.0184531
0 0.541052 0.768484 0.135354 0.06725
0 0.471083 0.193586 0.0212083 0.0271719
0 0.44626 0.417125 0.0444375 0.0114687
0 0.340344 0.554289 0.0471875 0.0356406
0 0.356396 0.699797 0.0454583 0.028375
0 0.47899 0.227313 0.0408125 0.014125
0 0.337062 0.519492 0.108708 0.0379531
0 0.345635 0.415813 0.0312708 0.0273125
0 0.36424 0.265125 0.0526458 0.0138437
0 0.439073 0.424133 0.0912708 0.0502656
0 0.475469 0.190359 0.0471875 0.0169375
0 0.502802 0.745898 0.107354 0.0630781
0 0.491594 0.69675 0.136021 0.0385625
0 0.553552 0.796687 0.105188 0.0596875
0 0.378948 0.275766 0.0163958 0.03
0 0.438521 0.206727 0.06475 0.0117969
0 0.35326 0.499977 0.0852708 0.0190156
0 0.445875 0.732484 0.0441667 0.0413125
0 0.498188 0.309102 0.0266667 0.0110156
0 0.269375 0.795125 0.0782917 0.0189687
0 0.444417 0.593078 0.0612083 0.0789688
0 0.495312 0.606977 0.0626667 0.0908906
