1 0.796359649122807 0.3969662921348314 0.07982456140350877 0.09551966292134832
1 0.6891315789473684 0.44193820224719105 0.1475175438596491 0.21334269662921349
1 0.7706140350877193 0.5683707865168539 0.07685087719298246 0.1034691011235955
1 0.8300000000000001 0.8739887640449437 0.13962280701754384 0.21480337078651685
1 0.6649912280701755 0.8351123595505618 0.20168421052631577 0.31389044943820227
1 0.4497456140350877 0.6875561797752809 0.27243859649122804 0.4476544943820225
1 0.2650877192982456 0.49536516853932583 0.2131578947368421 0.3350140449438202
1 0.49046491228070177 0.36683988764044945 0.10862280701754386 0.1538483146067416
1 0.22209649122807018 0.17950842696629213 0.18360526315789474 0.3294943820224719
1 0.10475438596491228 0.34514044943820227 0.1333245614035088 0.2187640449438202
