1 0.78409375 0.8123004694835682 0.121140625 0.228943661971831
1 0.68665625 0.8388028169014085 0.11654687500000001 0.2832394366197183
1 0.49021875000000004 0.8507746478873239 0.127734375 0.2608920187793427
1 0.35 0.465962441314554 0.065625 0.14788732394366197
1 0.30234375 0.92018779342723 0.0765625 0.14553990610328638
1 0.1046875 0.5528169014084507 0.115625 0.15258215962441316
1 0.11640625 0.6091549295774648 0.0828125 0.16666666666666666
1 0.21790625000000002 0.6705399061032863 0.0985625 0.2468075117370892
1 0.309546875 0.7013615023474178 0.1015625 0.2286150234741784
1 0.502640625 0.5154460093896714 0.20121875 0.37896713615023475
1 0.41918749999999994 0.2705164319248826 0.09384375 0.2026056338028169
