1 0.9560777957860616 0.5755491329479768 0.08192868719611021 0.16917148362235068
1 0.8626094003241491 0.6216377649325626 0.13188006482982173 0.1348747591522158
1 0.9468233387358186 0.7220038535645472 0.10048622366288493 0.16568400770712907
1 0.8139222042139385 0.7615799614643545 0.08393841166936791 0.11067437379576107
1 0.8469854132901135 0.8101926782273603 0.08589951377633712 0.11684007707129095
1 0.7915072933549433 0.8884971098265896 0.12317666126418152 0.12770712909441234
1 0.7188816855753647 0.7594990366088632 0.11993517017828201 0.1464354527938343
1 0.636871961102107 0.6140269749518305 0.06940032414910859 0.08215799614643546
1 0.529967585089141 0.5541233140655105 0.09280388978930308 0.1599229287090559
1 0.4055267423014587 0.6279190751445086 0.06611021069692058 0.11560693641618497
1 0.47016207455429493 0.6889017341040463 0.09105348460291735 0.07863198458574182
1 0.48578606158833065 0.657552986512524 0.03889789303079417 0.06936416184971098
1 0.570032414910859 0.7517919075144509 0.12348460291734198 0.13878612716763006
1 0.30299837925445705 0.7409248554913295 0.11975688816855753 0.16007707129094412
1 0.28927066450567257 0.8915221579961464 0.09539708265802269 0.13603082851637763
1 0.23034035656401947 0.9115414258188824 0.04051863857374392 0.05088631984585742
1 0.21043760129659644 0.8167437379576108 0.113354943273906 0.15664739884393064
1 0.15359805510534846 0.7013487475915221 0.1166612641815235 0.1333140655105973
1 0.08808752025931929 0.5584007707129095 0.1252674230145867 0.1842389210019268
1 0.4516045380875202 0.765626204238921 0.06171799027552674 0.07911368015414258
1 0.014311183144246353 0.6514258188824662 0.028638573743922206 0.1030635838150289
1 0.024359805510534845 0.7815221579961464 0.04871961102106969 0.08705202312138728
1 0.23726094003241488 0.6955876685934489 0.04363047001620746 0.07572254335260115
