1 0.6004220779220779 0.40783549783549783 0.04707792207792208 0.07112554112554112
1 0.5746753246753247 0.4206060606060606 0.05194805194805195 0.07930735930735931
1 0.6377597402597402 0.43536796536796535 0.06587662337662338 0.10761904761904761
1 0.9729383116883118 0.6374242424242424 0.05412337662337663 0.10917748917748918
1 0.944788961038961 0.7236363636363636 0.1104383116883117 0.10876623376623376
1 0.9534577922077923 0.8056709956709958 0.09308441558441559 0.1030952380952381
1 0.6185876623376624 0.7391991341991342 0.05587662337662338 0.08441558441558442
1 0.6512987012987013 0.8282467532467532 0.08094155844155844 0.13456709956709956
1 0.5607467532467533 0.8394372294372294 0.09761363636363637 0.1387012987012987
1 0.5438311688311688 0.3756926406926407 0.045 0.07575757575757576
1 0.4298701298701299 0.3008658008658009 0.07952922077922078 0.10822510822510822
1 0.4988961038961039 0.5681818181818182 0.11582792207792207 0.18398268398268397
1 0.4007467532467533 0.5822727272727273 0.06426948051948053 0.0822943722943723
1 0.40193181818181817 0.6008008658008658 0.08436688311688312 0.11532467532467533
1 0.08837662337662337 0.7445670995670995 0.07676948051948052 0.06119047619047619
1 0.02839285714285714 0.7577056277056277 0.056801948051948055 0.13216450216450218
1 0.9754707792207792 0.1853030303030303 0.0490422077922078 0.07939393939393939
1 0.660340909090909 0.2083982683982684 0.06311688311688313 0.0733116883116883
1 0.39035714285714285 0.5018398268398269 0.0599512987012987 0.06941558441558442
1 0.22314935064935065 0.2740909090909091 0.05113636363636364 0.07603896103896104
