1 0.7075 0.45337500000000003 0.08454166666666667 0.0878125
1 0.7499166666666667 0.58765625 0.09093749999999999 0.16375
1 0.6693541666666667 0.66565625 0.05441666666666667 0.077125
1 0.6666666666666666 0.5575 0.075 0.11628125
1 0.5837916666666667 0.55809375 0.10522916666666667 0.1910625
1 0.5015416666666667 0.45565625 0.08929166666666667 0.1685625
1 0.5455 0.24809375 0.07520833333333334 0.11621875
1 0.41808333333333336 0.40928125 0.07910416666666667 0.17653125
1 0.3631041666666667 0.401625 0.0520625 0.1545625
1 0.2710208333333333 0.51721875 0.07352083333333333 0.10384374999999998
1 0.14852083333333335 0.53196875 0.07195833333333333 0.1471875
1 0.9332499999999999 0.318125 0.042520833333333334 0.05190625
1 0.9536041666666667 0.53203125 0.038125 0.0715625
1 0.8390000000000001 0.57421875 0.026895833333333334 0.0454375
