1 0.794433962264151 0.3322589531680441 0.19440251572327044 0.23702479338842977
1 0.9256289308176101 0.3365289256198347 0.11940251572327043 0.20236914600550962
1 0.8666037735849056 0.5040771349862259 0.06946540880503145 0.12785123966942147
1 0.792311320754717 0.5436363636363637 0.11542452830188679 0.19818181818181818
1 0.5580974842767296 0.6320661157024793 0.05745283018867924 0.11294765840220386
1 0.6604088050314465 0.3275206611570248 0.08490566037735849 0.17509641873278237
1 0.6924213836477987 0.2171900826446281 0.07544025157232703 0.166198347107438
1 0.7470754716981132 0.6847658402203857 0.0640251572327044 0.15151515151515152
1 0.6453930817610063 0.5440220385674931 0.12334905660377359 0.2534435261707989
1 0.6661320754716982 0.6826997245179063 0.11910377358490566 0.20110192837465565
1 0.5581446540880504 0.4392561983471074 0.15312893081761006 0.2765013774104683
1 0.635 0.03856749311294766 0.11231132075471699 0.07713498622589532
1 0.43809748427672957 0.12132231404958678 0.15127358490566037 0.24264462809917356
1 0.3582861635220126 0.43625344352617085 0.08333333333333333 0.1024517906336088
1 0.4161949685534591 0.5616528925619835 0.10849056603773585 0.13958677685950413
1 0.557688679245283 0.8594490358126722 0.22287735849056603 0.28110192837465564
1 0.3786006289308176 0.7509917355371901 0.14017295597484278 0.2662258953168044
1 0.2064622641509434 0.5698622589531681 0.09687106918238994 0.1706060606060606
1 0.03930817610062893 0.6234159779614326 0.07861635220125786 0.16421487603305784
1 0.11287735849056604 0.5147658402203857 0.11163522012578617 0.18181818181818182
1 0.4593867924528302 0.43619834710743804 0.04871069182389937 0.08991735537190083
