1 0.49756802721088433 0.8802177858439202 0.12971088435374148 0.2395644283121597
1 0.5627891156462586 0.7884573502722323 0.15426870748299318 0.3197640653357532
1 0.6731292517006803 0.6041197822141561 0.15625850340136055 0.35934664246823955
1 0.7177380952380952 0.8347005444646098 0.12535714285714283 0.24647912885662432
1 0.7943877551020408 0.9072232304900182 0.12051020408163265 0.1855535390199637
1 0.48726190476190473 0.5707441016333938 0.15136054421768708 0.29038112522686027
1 0.40219387755102043 0.5444646098003629 0.17517006802721088 0.3666061705989111
1 0.3775 0.21867513611615244 0.11386054421768708 0.27586206896551724
1 0.5650340136054421 0.15742286751361162 0.11141156462585035 0.31484573502722324
1 0.48214285714285715 0.1560617059891107 0.13435374149659865 0.29764065335753176
1 0.2708163265306123 0.20036297640653358 0.08753401360544218 0.17936479128856625
1 0.22874149659863946 0.8831215970961888 0.12348639455782313 0.22867513611615245
1 0.14539115646258502 0.49 0.18027210884353742 0.3666061705989111
1 0.04120748299319728 0.3394192377495463 0.0807312925170068 0.2558983666061706
1 0.2284013605442177 0.20471869328493647 0.058350340136054425 0.10408348457350272
