1 0.9253260869565217 0.06227118644067797 0.0737111801242236 0.12457627118644068
1 0.9515372670807453 0.912271186440678 0.09690993788819875 0.17545762711864407
1 0.8823136645962734 0.7596949152542374 0.08720496894409938 0.16291525423728814
1 0.7226242236024845 0.5771864406779661 0.06706521739130435 0.17627118644067796
1 0.8029037267080746 0.5505762711864406 0.10403726708074534 0.2542372881355932
1 0.8317857142857142 0.9322033898305084 0.14577639751552796 0.13559322033898305
1 0.421583850931677 0.18227118644067797 0.09472049689440994 0.17789830508474574
1 0.4131366459627329 0.45328813559322034 0.12577639751552794 0.26928813559322035
1 0.343555900621118 0.688915254237288 0.09472049689440994 0.20677966101694914
1 0.21040372670807453 0.7228135593220338 0.12577639751552794 0.24247457627118643
1 0.2598757763975155 0.09233898305084745 0.10944099378881988 0.18471186440677967
1 0.07916149068322981 0.17420338983050848 0.12925465838509315 0.2745762711864407
