1 0.49237931034482757 0.029143897996357013 0.11755172413793105 0.058287795992714025
1 0.25689655172413794 0.11657559198542805 0.11724137931034483 0.12386156648451731
1 0.8138275862068965 0.11508196721311476 0.12405172413793104 0.1268488160291439
1 0.6201379310344828 0.7456102003642987 0.13386206896551725 0.14754098360655737
1 0.6255689655172414 0.49491803278688523 0.11172413793103447 0.1237887067395264
1 0.38101724137931037 0.29162112932604733 0.06284482758620691 0.07096539162112933
1 0.1748103448275862 0.412896174863388 0.0901896551724138 0.08486338797814208
1 0.05008620689655172 0.4979963570127504 0.06310344827586208 0.06752276867030965
1 0.08651724137931034 0.9173224043715847 0.13167241379310346 0.1448087431693989
1 0.36181034482758617 0.5976502732240437 0.1378793103448276 0.1437704918032787
