1 0.93925 0.1125 0.12150000000000001 0.225
1 0.1764375 0.1025 0.352875 0.20496875
1 0.7066250000000001 0.533 0.5222187500000001 0.55703125
1 0.878125 0.929375 0.24375 0.14125000000000001
1 0.556875 0.87475 0.29128125 0.2505
1 0.1809375 0.833375 0.3603125 0.33321875
1 0.32556250000000003 0.42815624999999996 0.49303125000000003 0.57146875
1 0.07946875 0.530125 0.1589375 0.23937499999999998
1 0.93234375 0.75509375 0.13534375 0.26721875
1 0.9692187499999999 0.73096875 0.06159375 0.24953124999999998
