1 0.9806398104265402 0.7289437819420783 0.03869668246445497 0.0931175468483816
1 0.7792417061611374 0.9472231686541738 0.1384123222748815 0.10555366269165248
1 0.5930805687203792 0.9194207836456559 0.11374407582938388 0.07517887563884157
1 0.9307582938388625 0.8986371379897785 0.13850710900473934 0.14785349233390122
1 0.9268246445497631 0.1079045996592845 0.13507109004739337 0.10424190800681431
1 0.42869668246445497 0.4848211243611584 0.14056872037914692 0.10979557069846678
1 0.4905924170616114 0.5587734241908007 0.12310426540284361 0.09541737649063033
1 0.30945497630331753 0.590289608177172 0.11244075829383887 0.10064735945485519
1 0.20260663507109006 0.5536626916524702 0.17298578199052134 0.14310051107325383
1 0.2523696682464455 0.6814310051107325 0.13981042654028436 0.12265758091993186
1 0.14227488151658768 0.6753321976149915 0.0995260663507109 0.09180579216354344
1 0.03888625592417062 0.5174105621805792 0.07300947867298578 0.0817717206132879
1 0.053033175355450234 0.4496933560477002 0.10130331753554503 0.08868824531516184
1 0.6799999999999999 0.9030664395229984 0.08227488151658767 0.07042589437819421
1 0.8222748815165877 0.7641396933560477 0.08530805687203792 0.07495741056218058
1 0.8114928909952607 0.12616695059625213 0.07061611374407584 0.051754684838160134
