1 0.7997309417040358 0.5840821917808219 0.08300448430493274 0.17205479452054795
1 0.7922421524663676 0.7987123287671232 0.09485799701046338 0.1865753424657534
1 0.7047982062780269 0.7141369863013699 0.11880418535127056 0.2608219178082192
1 0.6101494768310912 0.6032328767123288 0.1057100149476831 0.21961643835616437
1 0.5428699551569507 0.34334246575342464 0.06756352765321376 0.12073972602739726
1 0.5721076233183857 0.47405479452054794 0.08738415545590433 0.12887671232876713
1 0.46086696562032886 0.3527671232876712 0.056532137518684605 0.08969863013698631
1 0.38360239162929743 0.3830684931506849 0.10575485799701047 0.1598904109589041
1 0.07301943198804185 0.30643835616438353 0.06225710014947683 0.11553424657534248
1 0.15159940209267564 0.3455890410958904 0.06385650224215246 0.09643835616438357
1 0.22846038863976084 0.46265753424657535 0.08621823617339312 0.19443835616438357
1 0.4376233183856502 0.6611506849315069 0.05943198804185351 0.12246575342465754
1 0.07303437967115096 0.910082191780822 0.06695067264573991 0.1072054794520548
1 0.16177877428998505 0.884986301369863 0.09587443946188341 0.12947945205479452
1 0.13853512705530643 0.7648219178082193 0.10759342301943199 0.16473972602739725
1 0.1756352765321375 0.6313698630136986 0.0903288490284006 0.19726027397260273
1 0.15956651718983558 0.5207945205479452 0.06949177877428998 0.15501369863013698
1 0.04877428998505232 0.5789041095890411 0.09753363228699552 0.27123287671232876
