1 0.28614666666666666 0.8002052238805971 0.08110666666666666 0.10899253731343284
1 0.2826133333333333 0.7288059701492537 0.11989333333333334 0.19865671641791047
1 0.026986666666666666 0.6013059701492538 0.05398666666666667 0.12891791044776119
1 0.08689333333333334 0.6749440298507462 0.09753333333333335 0.14949626865671642
1 0.3195866666666667 0.582089552238806 0.06396 0.10417910447761194
1 0.40780000000000005 0.7773320895522388 0.15481333333333333 0.19451492537313433
1 0.4057733333333333 0.6548507462686567 0.12710666666666667 0.2139365671641791
1 0.55308 0.811455223880597 0.147 0.2659141791044776
1 0.49 0.6669776119402985 0.068 0.10634328358208955
1 0.5537466666666667 0.5964925373134329 0.06690666666666667 0.09751865671641792
1 0.56496 0.45798507462686566 0.11766666666666667 0.19957089552238805
1 0.4491466666666667 0.4044402985074627 0.10814666666666667 0.0914179104477612
1 0.7014133333333332 0.4061567164179104 0.14776 0.29039179104477614
1 0.7794666666666668 0.4788059701492537 0.16352 0.327929104477612
1 0.8813066666666667 0.4762126865671642 0.057133333333333335 0.09078358208955223
1 0.8745733333333333 0.18516791044776118 0.06830666666666667 0.10934701492537313
1 0.8316666666666667 0.30399253731343284 0.09348 0.16610074626865673
1 0.6696133333333333 0.3719029850746269 0.06925333333333333 0.10145522388059702
