1 0.30192570869990226 0.14403817914831132 0.12429130009775172 0.172143906020558
1 0.2165884652981427 0.35864904552129223 0.07260019550342131 0.14148311306901615
1 0.15637341153470186 0.4590161527165932 0.10735092864125122 0.1890014684287812
1 0.06913000977517106 0.3995888399412629 0.08926686217008797 0.16766519823788548
1 0.1370381231671554 0.6027459618208517 0.05299120234604106 0.09665198237885461
1 0.1967350928641251 0.5976505139500734 0.07377321603128055 0.12377386196769458
1 0.6961094819159336 0.32350954478707783 0.187683284457478 0.28030837004405285
1 0.6810459433040078 0.7124669603524229 0.16663734115347018 0.26737151248164465
1 0.5330205278592375 0.6476064610866372 0.14240469208211146 0.2464757709251101
1 0.34236559139784944 0.3262114537444934 0.08130009775171065 0.14096916299559473
1 0.7955913978494623 0.8961527165932451 0.05173998044965787 0.09071953010279002
1 0.7511339198435972 0.8287665198237886 0.07732160312805474 0.1279295154185022
1 0.4471749755620723 0.6711160058737151 0.03801564027370479 0.098928046989721
