1 0.16361666666666666 0.4588721804511278 0.11616666666666667 0.18546365914786966
1 0.19743333333333332 0.5955889724310777 0.06976666666666667 0.12398496240601503
1 0.21723333333333333 0.3549122807017544 0.07218333333333334 0.13729323308270677
1 0.30143333333333333 0.1462907268170426 0.1262 0.1748370927318296
1 0.34373333333333334 0.32516290726817043 0.07833333333333334 0.14285714285714285
1 0.6941666666666667 0.32338345864661655 0.18833333333333332 0.2805513784461153
1 0.5332833333333333 0.6479448621553884 0.14146666666666666 0.2480701754385965
1 0.6808333333333333 0.7112280701754385 0.16833333333333333 0.2717794486215539
1 0.13711666666666666 0.6000751879699249 0.04711666666666667 0.09724310776942355
1 0.06841666666666667 0.388671679197995 0.08891666666666667 0.15288220551378445
1 0.4513 0.6653634085213033 0.04446666666666667 0.11135338345864662
1 0.7555166666666667 0.8264411027568922 0.08263333333333334 0.1324561403508772
1 0.79765 0.8917042606516291 0.05568333333333333 0.0987719298245614
1 0.30411666666666665 0.4459899749373433 0.06251666666666666 0.12323308270676692
