1 0.6519333333333334 0.2882142857142857 0.195 0.29529761904761903
1 0.6327 0.5694642857142858 0.10983333333333334 0.2373809523809524
1 0.8312999999999999 0.9345238095238095 0.12926666666666667 0.13095238095238096
1 0.8296333333333333 0.8263690476190477 0.15666666666666668 0.2519642857142857
1 0.7459333333333333 0.6001785714285715 0.16333333333333333 0.335297619047619
1 0.4899 0.5154166666666666 0.21943333333333334 0.3746428571428571
1 0.24796666666666667 0.8971428571428571 0.10776666666666666 0.18452380952380953
1 0.3039 0.5236309523809524 0.12776666666666667 0.21458333333333332
1 0.28323333333333334 0.2835714285714286 0.17056666666666667 0.30654761904761907
1 0.11443333333333333 0.35583333333333333 0.09186666666666667 0.18452380952380953
1 0.3669 0.10648809523809524 0.15296666666666667 0.21297619047619049
1 0.5095666666666667 0.04779761904761905 0.14716666666666667 0.0955357142857143
