1 0.7622181818181819 0.7512021857923498 0.21610909090909092 0.3825136612021858
1 0.8910181818181818 0.5690710382513661 0.21796363636363636 0.556120218579235
1 0.8094545454545454 0.9033879781420765 0.1634909090909091 0.19327868852459015
1 0.6455272727272727 0.6992349726775956 0.1945090909090909 0.41229508196721315
1 0.7163636363636363 0.38524590163934425 0.16727272727272727 0.2786885245901639
1 0.41825454545454543 0.7155737704918033 0.2909090909090909 0.5688524590163934
1 0.24578181818181818 0.8472131147540983 0.13461818181818183 0.3055191256830601
1 0.09905454545454545 0.3114754098360656 0.112 0.25426229508196724
1 0.05698181818181818 0.4021311475409836 0.037418181818181816 0.08415300546448087
1 0.08716363636363636 0.456775956284153 0.054654545454545456 0.07420765027322404
1 0.045890909090909086 0.5244808743169399 0.04134545454545454 0.08415300546448087
