1 0.6201811594202898 0.655464480874317 0.04130434782608696 0.08885245901639345
1 0.6084057971014493 0.36245901639344263 0.05855072463768116 0.09814207650273224
1 0.5344202898550725 0.5390710382513662 0.09913043478260869 0.17573770491803276
1 0.3114492753623188 0.7695081967213114 0.12811594202898552 0.22846994535519127
1 0.4110869565217391 0.6508196721311476 0.1297463768115942 0.23245901639344263
1 0.42228260869565215 0.4689071038251366 0.10489130434782608 0.11808743169398907
1 0.3756521739130435 0.34459016393442626 0.11163043478260869 0.1921857923497268
1 0.5535507246376812 0.18683060109289618 0.06681159420289856 0.13114754098360656
1 0.29742753623188406 0.10415300546448086 0.09083333333333334 0.15027322404371585
1 0.0672463768115942 0.08180327868852459 0.09963768115942029 0.16360655737704918
1 0.606195652173913 0.5065573770491804 0.06355072463768116 0.13316939890710383
