1 0.8088294314381271 0.2876785714285714 0.12979933110367894 0.23970238095238097
1 0.8311036789297659 0.47101190476190474 0.10535117056856187 0.14797619047619048
1 0.8528428093645485 0.755297619047619 0.06882943143812709 0.1757142857142857
1 0.9379264214046823 0.4938690476190476 0.10324414715719064 0.16999999999999998
1 0.4334113712374582 0.6130357142857142 0.17785953177257524 0.2707738095238095
1 0.30133779264214045 0.6136309523809524 0.10471571906354514 0.21303571428571427
1 0.06461538461538462 0.43529761904761904 0.06518394648829431 0.08779761904761904
1 0.055284280936454856 0.5926190476190476 0.07752508361204014 0.14946428571428572
1 0.10588628762541806 0.26160714285714287 0.07719063545150501 0.1343452380952381
1 0.03949832775919732 0.07470238095238095 0.07816053511705685 0.11773809523809524
1 0.5529765886287625 0.2911904761904762 0.08394648829431439 0.13797619047619047
1 0.5360200668896321 0.8696428571428572 0.03367892976588629 0.16065476190476188
