1 0.23889273356401386 0.6108571428571429 0.08480968858131488 0.21697142857142857
1 0.3375086505190312 0.5757142857142857 0.045847750865051905 0.09045714285714286
1 0.7301384083044983 0.7496571428571428 0.0629757785467128 0.13634285714285713
1 0.6262975778546713 0.8797142857142857 0.057543252595155706 0.09314285714285715
1 0.6478200692041522 0.6712 0.09833910034602077 0.17405714285714285
1 0.47363321799307956 0.6794857142857142 0.10069204152249135 0.17394285714285715
1 0.39833910034602077 0.6632 0.08221453287197232 0.17697142857142856
1 0.29415224913494814 0.7965714285714286 0.06996539792387543 0.1541142857142857
1 0.17283737024221454 0.8344571428571429 0.06951557093425606 0.118
1 0.04249134948096885 0.6946285714285715 0.08501730103806228 0.14708571428571426
1 0.43899653979238756 0.5641142857142857 0.03491349480968858 0.0688
