1 0.7434451219512195 0.4933116883116883 0.12625 0.2863636363636364
1 0.6271036585365853 0.4738961038961039 0.13033536585365854 0.31422077922077923
1 0.6376829268292683 0.6879220779220779 0.08969512195121952 0.16733766233766234
1 0.6051524390243903 0.8036363636363637 0.05573170731707317 0.12987012987012986
1 0.5633841463414634 0.9359740259740259 0.10228658536585365 0.12811688311688313
1 0.48204268292682934 0.7764285714285714 0.1399390243902439 0.37662337662337664
1 0.4925914634146341 0.5265584415584416 0.1476219512195122 0.32201298701298703
1 0.37890243902439025 0.4148701298701299 0.10670731707317073 0.2425974025974026
1 0.38875000000000004 0.5907792207792208 0.07103658536585367 0.16402597402597405
1 0.38692073170731706 0.5264285714285714 0.051829268292682924 0.14935064935064934
