1 0.4998545454545455 0.462568306010929 0.09290909090909091 0.14404371584699452
1 0.14672727272727273 0.5302185792349727 0.06385454545454546 0.13989071038251366
1 0.26898181818181816 0.5143169398907104 0.0745090909090909 0.10595628415300547
1 0.36319999999999997 0.398087431693989 0.04712727272727273 0.15579234972677597
1 0.4183636363636363 0.4090710382513661 0.08363636363636363 0.18546448087431694
1 0.7489454545454546 0.5817486338797814 0.08698181818181819 0.17169398907103825
1 0.6660727272727273 0.5557923497267759 0.06483636363636364 0.10972677595628415
1 0.5809090909090909 0.559672131147541 0.09818181818181818 0.18398907103825138
1 0.5443272727272728 0.24885245901639344 0.07498181818181819 0.11431693989071039
1 0.7073818181818182 0.4616393442622951 0.0844 0.12633879781420765
1 0.9553090909090909 0.5272677595628416 0.03898181818181819 0.08076502732240437
