1 0.5034265734265734 0.5602272727272727 0.059370629370629376 0.06789772727272726
1 0.49709790209790206 0.4788636363636364 0.04541958041958042 0.08522727272727272
1 0.485979020979021 0.36227272727272725 0.05244755244755245 0.11363636363636363
1 0.5592307692307692 0.2856818181818182 0.06832167832167832 0.12647727272727274
1 0.6315034965034966 0.32982954545454546 0.09398601398601399 0.20352272727272727
1 0.48625874125874124 0.07579545454545454 0.11125874125874126 0.15153409090909092
1 0.5715384615384616 0.10647727272727271 0.08741258741258741 0.17613636363636365
1 0.6835664335664335 0.20375 0.13779720279720278 0.23863636363636365
1 0.754055944055944 0.5729545454545455 0.23174825174825175 0.4684090909090909
1 0.8542307692307692 0.6596022727272728 0.16258741258741258 0.40045454545454545
1 0.4987412587412587 0.2555681818181818 0.05884615384615384 0.10482954545454545
