1 0.79872 0.29886138613861385 0.09916 0.13495049504950496
1 0.71484 0.40311881188118814 0.14632 0.1761881188118812
1 0.6359199999999999 0.4806435643564357 0.12276000000000001 0.14985148514851485
1 0.7874 0.6127227722772277 0.15884 0.16831683168316833
1 0.63524 0.6552970297029703 0.1536 0.19207920792079206
1 0.5322 0.5018316831683168 0.09040000000000001 0.13376237623762377
1 0.43856 0.5744059405940594 0.13796 0.21782178217821782
1 0.59396 0.3948019801980198 0.069 0.08163366336633662
1 0.5277200000000001 0.3599009900990099 0.1 0.13366336633663367
1 0.39808 0.29668316831683167 0.07759999999999999 0.1217821782178218
1 0.28084 0.5576732673267327 0.15852000000000002 0.195
1 0.26592 0.08356435643564356 0.0814 0.0704950495049505
