1 0.9647810218978103 0.20358695652173914 0.07043795620437956 0.2776630434782609
1 0.9115693430656935 0.29081521739130434 0.05726277372262774 0.09565217391304348
1 0.7445255474452555 0.2529347826086957 0.06569343065693431 0.10364130434782609
1 0.6846350364963504 0.3647826086956522 0.06138686131386861 0.1842391304347826
1 0.7698175182481752 0.49918478260869564 0.15777372262773723 0.2766304347826087
1 0.6466423357664234 0.6444565217391304 0.1563868613138686 0.24195652173913046
1 0.5165693430656934 0.8409782608695653 0.16058394160583941 0.27461956521739134
1 0.5212043795620438 0.5658695652173913 0.1641970802919708 0.2554347826086957
1 0.319051094890511 0.4694021739130435 0.17708029197080294 0.3030434782608696
1 0.25886861313868614 0.7071739130434783 0.145985401459854 0.20771739130434783
1 0.10558394160583942 0.6116304347826087 0.1386861313868613 0.21739130434782608
1 0.8606569343065693 0.15233695652173915 0.17715328467153285 0.2644021739130435
1 0.7578467153284671 0.12614130434782608 0.04945255474452555 0.07315217391304349
1 0.5946715328467154 0.13940217391304346 0.11233576642335767 0.14396739130434782
