1 0.9776657060518732 0.8900689655172414 0.04463976945244957 0.16882758620689656
1 0.9468011527377522 0.5822068965517242 0.10086455331412104 0.2827586206896552
1 0.7912968299711816 0.9302068965517241 0.07798270893371757 0.1395862068965517
1 0.7364265129682996 0.8251034482758621 0.0775792507204611 0.11917241379310346
1 0.65 0.9447586206896552 0.07798270893371757 0.11048275862068965
1 0.7706628242074929 0.611448275862069 0.08400576368876081 0.21958620689655173
1 0.7438904899135447 0.4490344827586207 0.06291066282420749 0.13206896551724137
1 0.6570605187319885 0.5708275862068966 0.08279538904899135 0.1890344827586207
1 0.6376657060518732 0.7531724137931034 0.08250720461095101 0.17855172413793105
1 0.5789337175792507 0.46055172413793105 0.0932564841498559 0.24848275862068966
1 0.6181556195965417 0.630551724137931 0.04899135446685879 0.11820689655172414
1 0.5779538904899135 0.7072413793103448 0.06628242074927954 0.16075862068965516
1 0.53671469740634 0.7326896551724138 0.032593659942363115 0.09827586206896552
1 0.48279538904899133 0.5949655172413792 0.08489913544668588 0.18979310344827585
1 0.5039769452449567 0.07413793103448275 0.07708933717579251 0.1482758620689655
1 0.2331700288184438 0.6851034482758621 0.05273775216138329 0.13324137931034483
