1 0.5885947712418301 0.09448484848484848 0.17973856209150327 0.18890909090909092
1 0.8690849673202614 0.12121212121212122 0.21604575163398693 0.24242424242424243
1 0.9738562091503268 0.3767878787878788 0.05228758169934641 0.36363636363636365
1 0.7629738562091504 0.9363636363636364 0.23147058823529412 0.12727272727272726
1 0.9158496732026143 0.8203636363636364 0.16830065359477125 0.35587878787878785
1 0.9137581699346405 0.5848484848484848 0.13290849673202615 0.19254545454545455
1 0.7687908496732027 0.32357575757575757 0.19627450980392158 0.4666666666666667
1 0.51 0.28145454545454546 0.085 0.26127272727272727
1 0.5348366013071896 0.8666666666666667 0.2549019607843137 0.26666666666666666
1 0.6395098039215686 0.6633333333333333 0.185 0.5036969696969696
1 0.25372549019607843 0.9515151515151515 0.15669934640522876 0.09696969696969697
1 0.3605555555555556 0.7835151515151515 0.21241830065359477 0.3151515151515151
1 0.3077450980392157 0.5227272727272727 0.17647058823529413 0.302
1 0.3657516339869281 0.286 0.21225490196078434 0.43
1 0.12173202614379085 0.16345454545454544 0.1730392156862745 0.32696969696969697
1 0.28535947712418297 0.7284848484848485 0.2549019607843137 0.5215151515151515
1 0.02676470588235294 0.8435757575757575 0.053562091503267975 0.3127878787878788
1 0.9375490196078431 0.9626060606060607 0.12486928104575164 0.07472727272727273
