1 0.9514909090909092 0.4108743169398907 0.09698181818181818 0.40710382513661203
1 0.9154181818181818 0.19748633879781421 0.1691272727272727 0.20262295081967213
1 0.8070909090909091 0.3525683060109289 0.18963636363636363 0.2807650273224044
1 0.6857818181818182 0.14234972677595628 0.16934545454545455 0.2044262295081967
1 0.818509090909091 0.6449180327868852 0.2232 0.31103825136612023
1 0.6452363636363636 0.4968852459016394 0.19356363636363635 0.3333333333333333
1 0.6036 0.36579234972677593 0.19654545454545452 0.30245901639344264
1 0.5126545454545454 0.10715846994535519 0.19272727272727272 0.21431693989071038
1 0.30127272727272725 0.1185792349726776 0.1825090909090909 0.2355191256830601
1 0.2221090909090909 0.0787431693989071 0.14843636363636364 0.15754098360655736
1 0.40145454545454545 0.27459016393442626 0.23156363636363636 0.37590163934426235
1 0.6890545454545455 0.764207650273224 0.20556363636363637 0.36065573770491804
