1 0.7070545454545455 0.8176502732240437 0.08363636363636363 0.15956284153005465
1 0.5491272727272727 0.6440983606557378 0.06778181818181818 0.1610928961748634
1 0.49770909090909093 0.520327868852459 0.15934545454545454 0.2772131147540983
1 0.44796363636363634 0.7173770491803279 0.16021818181818182 0.23114754098360654
1 0.3633818181818182 0.55 0.16007272727272728 0.23879781420765028
1 0.18858181818181818 0.7603825136612022 0.08254545454545455 0.15114754098360655
1 0.07378181818181818 0.7759562841530054 0.1278181818181818 0.20781420765027322
1 0.11639999999999999 0.6297814207650273 0.14083636363636362 0.21311475409836064
1 0.05287272727272727 0.5721311475409836 0.10574545454545455 0.24415300546448088
1 0.031163636363636366 0.5207103825136612 0.06232727272727273 0.16825136612021857
