1 0.29246376811594205 0.15027322404371585 0.06873188405797101 0.10382513661202186
1 0.9012681159420289 0.06830601092896176 0.08764492753623189 0.1366120218579235
1 0.9676811594202898 0.7481420765027322 0.06463768115942028 0.15032786885245902
1 0.8976449275362319 0.7745355191256831 0.07065217391304347 0.1521311475409836
1 0.9003260869565217 0.914863387978142 0.07728260869565216 0.14666666666666667
1 0.8182246376811595 0.7945901639344262 0.07608695652173914 0.1648633879781421
1 0.22797101449275364 0.03830601092896175 0.08014492753623188 0.0766120218579235
1 0.5564855072463768 0.5767213114754098 0.09344202898550724 0.21196721311475408
1 0.48583333333333334 0.7335519125683061 0.08695652173913043 0.19486338797814207
1 0.4344927536231884 0.6016939890710382 0.09681159420289855 0.1644808743169399
1 0.36539855072463767 0.46486338797814203 0.09713768115942029 0.16792349726775957
1 0.3273550724637681 0.6531147540983606 0.06884057971014493 0.13601092896174863
1 0.27416666666666667 0.6203825136612022 0.08333333333333333 0.193224043715847
1 0.06659420289855073 0.1366666666666667 0.05260869565217391 0.09076502732240437
1 0.02355072463768116 0.40109289617486343 0.04710144927536232 0.12153005464480873
