1 0.8152380952380952 0.72905 0.04214285714285714 0.08689999999999999
1 0.7725793650793651 0.75185 0.0530952380952381 0.09
1 0.723452380952381 0.7422 0.051111111111111114 0.0969
1 0.6597222222222222 0.7256 0.08035714285714286 0.17
1 0.5530555555555555 0.895 0.06849206349206349 0.0625
1 0.5461111111111111 0.77185 0.07742063492063493 0.09625
1 0.47170634920634924 0.8556 0.09428571428571429 0.1413
1 0.48166666666666663 0.68245 0.12698412698412698 0.12875
1 0.3253968253968254 0.78155 0.11416666666666667 0.17315000000000003
1 0.29884920634920636 0.8896999999999999 0.06698412698412698 0.0732
1 0.16492063492063494 0.86625 0.17015873015873018 0.11755
