1 0.6932363636363635 0.32027322404371583 0.18181818181818182 0.28382513661202186
1 0.6816363636363636 0.7129508196721311 0.1625818181818182 0.2618032786885246
1 0.5314909090909091 0.6492349726775957 0.13818181818181818 0.24786885245901638
1 0.29992727272727276 0.14278688524590163 0.1232 0.17836065573770493
1 0.3442545454545455 0.32398907103825136 0.07574545454545453 0.1333879781420765
1 0.2133090909090909 0.35956284153005463 0.0717090909090909 0.13295081967213113
1 0.1573090909090909 0.46103825136612026 0.09454545454545454 0.18032786885245902
1 0.19701818181818181 0.5996721311475409 0.06981818181818182 0.12131147540983606
1 0.06738181818181818 0.39644808743169396 0.08363636363636363 0.17486338797814208
1 0.1361090909090909 0.5944262295081967 0.044909090909090905 0.10508196721311476
1 0.2639636363636364 0.6166666666666666 0.05196363636363636 0.07120218579234973
