1 0.15338645418326693 0.8333333333333334 0.05976095617529881 0.08706467661691543
1 0.14398406374501993 0.6012935323383084 0.035856573705179286 0.04975124378109453
1 0.08896414342629481 0.8387064676616917 0.043824701195219126 0.06467661691542288
1 0.03386454183266932 0.689452736318408 0.027888446215139442 0.04477611940298507
1 0.04792828685258964 0.7559701492537313 0.0397609561752988 0.050447761194029855
1 0.897410358565737 0.7508457711442785 0.06374501992031872 0.1127860696517413
1 0.952191235059761 0.797910447761194 0.055776892430278883 0.09577114427860696
1 0.9840637450199203 0.7452238805970148 0.03187250996015936 0.12064676616915423
1 0.9614741035856574 0.7193034825870648 0.027888446215139442 0.04477611940298507
1 0.9206374501992033 0.7676119402985074 0.027888446215139442 0.048507462686567165
1 0.33398406374501993 0.760995024875622 0.08366533864541832 0.0991044776119403
1 0.29254980079681275 0.7178606965174129 0.05976095617529881 0.07462686567164178
1 0.419003984063745 0.7924875621890547 0.08764940239043825 0.1372139303482587
1 0.4945019920318725 0.7937313432835821 0.06605577689243027 0.11233830845771144
1 0.5687250996015937 0.8022388059701493 0.07501992031872509 0.11606965174129352
1 0.5378486055776892 0.884726368159204 0.05645418326693227 0.08373134328358207
1 0.5801593625498008 0.9046268656716419 0.03884462151394422 0.05970149253731343
1 0.6334661354581673 0.7904477611940298 0.055776892430278883 0.08164179104477612
1 0.6674900398406374 0.7450248756218906 0.04151394422310757 0.05970149253731343
1 0.603585657370518 0.3870646766169154 0.029840637450199204 0.056716417910447764
1 0.5426693227091633 0.34870646766169155 0.044143426294820716 0.0554726368159204
