1 0.0356140350877193 0.9548022598870056 0.060596491228070176 0.0903954802259887
1 0.4148421052631579 0.936723163841808 0.1483859649122807 0.12655367231638417
1 0.44287719298245615 0.688361581920904 0.06971929824561404 0.11638418079096045
1 0.15585964912280703 0.6290960451977401 0.09435087719298246 0.15593220338983052
1 0.09543859649122807 0.5202259887005649 0.1147719298245614 0.14757062146892655
1 0.0331578947368421 0.02 0.0663157894736842 0.040056497175141245
1 0.15642105263157893 0.020677966101694915 0.0823859649122807 0.041299435028248586
1 0.2563157894736842 0.08276836158192091 0.08291228070175438 0.12056497175141243
1 0.3740701754385965 0.028192090395480228 0.07336842105263158 0.056384180790960456
1 0.2869122807017544 0.2064971751412429 0.07396491228070175 0.10451977401129943
1 0.403859649122807 0.19926553672316386 0.0683859649122807 0.11265536723163842
1 0.48978947368421055 0.13790960451977402 0.08498245614035087 0.12248587570621469
1 0.637438596491228 0.1787005649717514 0.07719298245614035 0.1136723163841808
1 0.7568771929824561 0.12621468926553672 0.06635087719298245 0.10813559322033899
1 0.818140350877193 0.10062146892655366 0.07477192982456139 0.1292090395480226
1 0.7885614035087719 0.037118644067796615 0.08950877192982457 0.07418079096045198
1 0.9156491228070175 0.06525423728813559 0.06529824561403509 0.10276836158192092
1 0.9056842105263158 0.15197740112994348 0.06308771929824561 0.11943502824858758
1 0.9724912280701755 0.4584180790960452 0.05505263157894737 0.10491525423728813
1 0.7825614035087719 0.563502824858757 0.08564912280701754 0.1370056497175141
1 0.7902105263157895 0.8922598870056497 0.06947368421052631 0.11853107344632768
1 0.5950877192982456 0.5596610169491526 0.07971929824561404 0.12926553672316385
1 0.318140350877193 0.4392655367231638 0.08663157894736842 0.15033898305084745
1 0.39494736842105266 0.4227118644067796 0.07105263157894737 0.1484180790960452
1 0.013157894736842105 0.32022598870056496 0.026280701754385967 0.09141242937853107
1 0.4607719298245614 0.266271186440678 0.07336842105263158 0.11587570621468928
1 0.789719298245614 0.38107344632768364 0.08182456140350877 0.13186440677966102
1 0.9288771929824562 0.5175706214689265 0.0436140350877193 0.08090395480225988
