1 0.5502577319587629 0.19277992277992279 0.24783505154639174 0.13270270270270268
1 0.07252577319587629 0.47922779922779923 0.0715979381443299 0.08953667953667954
1 0.10118556701030927 0.5446718146718147 0.0947422680412371 0.09791505791505792
1 0.17448453608247425 0.6060231660231661 0.12530927835051545 0.10247104247104247
1 0.2993298969072165 0.6406949806949807 0.1504639175257732 0.10166023166023165
1 0.44407216494845364 0.663938223938224 0.14103092783505156 0.07127413127413128
1 0.5890721649484536 0.6651737451737452 0.1529381443298969 0.08158301158301158
1 0.7348453608247423 0.6501544401544401 0.14396907216494845 0.08938223938223938
1 0.8511340206185567 0.6209266409266408 0.10896907216494846 0.08555984555984555
1 0.9481443298969072 0.5652123552123551 0.103659793814433 0.11895752895752895
1 0.15608247422680413 0.8535907335907337 0.27139175257731957 0.21575289575289577
1 0.02649484536082474 0.7880694980694981 0.05304123711340206 0.16312741312741313
