1 0.8999366666666666 0.237965 0.07054666666666666 0.137005
1 0.8504366666666666 0.36945 0.08833333333333333 0.16923500000000002
1 0.7618766666666668 0.425185 0.08358666666666667 0.162435
1 0.5782200000000001 0.6926950000000001 0.07202333333333333 0.12875999999999999
1 0.6345433333333333 0.80037 0.09333333333333334 0.188945
1 0.6956600000000001 0.712595 0.08742666666666665 0.14907499999999999
1 0.6655 0.352 0.09166666666666666 0.17
1 0.6065066666666666 0.5113 0.09266666666666666 0.169935
1 0.47851 0.428445 0.08583666666666666 0.15631
1 0.34833333333333333 0.348585 0.07316333333333333 0.1345
1 0.2638 0.35508 0.07550666666666667 0.127105
1 0.19430999999999998 0.326815 0.07916 0.144705
1 0.09166666666666666 0.761255 0.07376 0.13312000000000002
1 0.05049666666666667 0.679265 0.07011 0.1301
