1 0.3595089285714286 0.1760267857142857 0.1115625 0.07674107142857144
1 0.2501339285714286 0.22678571428571428 0.08116071428571428 0.10866071428571429
1 0.17660714285714288 0.3242857142857143 0.10200892857142858 0.11879464285714285
1 0.1522767857142857 0.4275892857142857 0.10781249999999999 0.09955357142857144
1 0.1559375 0.5444196428571428 0.11687499999999999 0.12607142857142856
1 0.26553571428571426 0.48861607142857144 0.11111607142857143 0.10370535714285714
1 0.2624107142857143 0.6003571428571428 0.09950892857142857 0.11294642857142857
1 0.16352678571428572 0.6601785714285714 0.110625 0.10758928571428572
1 0.2396875 0.7424107142857144 0.1263392857142857 0.12200892857142856
1 0.35245535714285714 0.6952678571428572 0.10901785714285715 0.10986607142857142
1 0.3380357142857143 0.8104464285714286 0.13651785714285714 0.13669642857142858
1 0.3651339285714286 0.5754017857142857 0.10687500000000001 0.10852678571428571
1 0.36794642857142856 0.48129464285714285 0.11232142857142857 0.08196428571428571
1 0.2702678571428571 0.42214285714285715 0.06790178571428572 0.047589285714285716
