1 0.8405384615384616 0.21128571428571427 0.20176923076923076 0.3246428571428572
1 0.656 0.2380357142857143 0.17430769230769233 0.2656071428571429
1 0.7374615384615385 0.7279285714285714 0.11533333333333333 0.22342857142857145
1 0.6684615384615384 0.4357857142857143 0.1282051282051282 0.18571428571428572
1 0.7523589743589744 0.4172857142857143 0.07041025641025642 0.1700357142857143
1 0.6588461538461539 0.6446428571428572 0.14502564102564103 0.2587857142857143
1 0.5980512820512821 0.7688214285714287 0.13346153846153846 0.19092857142857142
1 0.5274102564102564 0.3904285714285714 0.12464102564102564 0.223
1 0.37046153846153845 0.61475 0.09592307692307692 0.10617857142857143
1 0.5368974358974359 0.05 0.12307692307692308 0.1
