1 0.13393333333333332 0.3244642857142857 0.08481666666666667 0.10931547619047619
1 0.7525499999999999 0.06720238095238094 0.09775 0.134375
1 0.6762333333333334 0.18217261904761906 0.16246666666666668 0.31669642857142855
1 0.82735 0.4979166666666667 0.2557 0.42857142857142855
1 0.6066666666666667 0.8167559523809524 0.22356666666666664 0.3664880952380952
1 0.40136666666666665 0.6613095238095238 0.14273333333333332 0.2949702380952381
1 0.56325 0.46467261904761903 0.10848333333333333 0.22473214285714288
1 0.45899999999999996 0.43255952380952384 0.07351666666666666 0.1667857142857143
1 0.35378333333333334 0.26964285714285713 0.10395 0.23214285714285715
1 0.3228333333333333 0.041666666666666664 0.058333333333333334 0.08333333333333333
1 0.2527833333333333 0.1418154761904762 0.054033333333333336 0.13988095238095238
1 0.2773 0.5121428571428572 0.16108333333333336 0.28273809523809523
