1 0.17337777777777777 0.15097777777777777 0.23146666666666665 0.25386666666666663
1 0.05782222222222222 0.5061777777777777 0.11564444444444444 0.2664444444444445
1 0.5059555555555556 0.19026666666666667 0.23537777777777777 0.2248888888888889
1 0.6704888888888889 0.5106666666666667 0.2189333333333333 0.24795555555555554
1 0.3658222222222222 0.4842666666666666 0.2525777777777778 0.23399999999999999
1 0.1624 0.8017333333333333 0.2210222222222222 0.23973333333333333
1 0.5127555555555556 0.8212888888888888 0.24666666666666667 0.24453333333333335
1 0.8400888888888889 0.8082222222222222 0.25151111111111113 0.22297777777777777
1 0.9429777777777777 0.5088 0.11404444444444445 0.2648
1 0.8455555555555555 0.19693333333333335 0.22586666666666666 0.24968888888888888
