1 0.12487046632124353 0.9523282442748091 0.21922279792746116 0.09538167938931297
1 0.044663212435233156 0.9080916030534351 0.08932642487046631 0.14698473282442748
1 0.6958549222797928 0.39606870229007635 0.1909844559585492 0.16068702290076337
1 0.9217616580310881 0.35053435114503817 0.15642487046632125 0.12587786259541983
1 0.9641968911917098 0.2654961832061069 0.0716580310880829 0.11229007633587787
1 0.8987564766839379 0.22137404580152673 0.1445077720207254 0.11465648854961832
1 0.6611917098445595 0.19072519083969466 0.14020725388601035 0.10141221374045802
1 0.4116062176165803 0.19061068702290077 0.15347150259067358 0.11080152671755726
1 0.4174093264248705 0.3603435114503817 0.18373056994818654 0.16748091603053436
1 0.2822279792746114 0.303587786259542 0.17616580310880828 0.13221374045801526
1 0.2783419689119171 0.22061068702290076 0.16839378238341968 0.08984732824427481
