1 0.027567567567567567 0.3746907216494845 0.053397683397683395 0.10252577319587629
1 0.3161776061776062 0.3806701030927835 0.08084942084942086 0.10762886597938144
1 0.15092664092664093 0.6076288659793814 0.13934362934362934 0.14778350515463917
1 0.4047104247104247 0.5179381443298969 0.10355212355212355 0.15402061855670102
1 0.5138996138996139 0.4895360824742268 0.09482625482625483 0.13128865979381443
1 0.3570656370656371 0.2395360824742268 0.09498069498069499 0.1029381443298969
1 0.31772200772200776 0.10798969072164948 0.09926640926640927 0.12938144329896908
1 0.4601158301158301 0.037680412371134016 0.09185328185328186 0.07541237113402062
1 0.6039382239382239 0.14896907216494845 0.11038610038610039 0.1211340206185567
1 0.5031274131274132 0.2379896907216495 0.08351351351351351 0.11350515463917525
1 0.5680308880308881 0.30077319587628865 0.07806949806949806 0.11994845360824742
1 0.22054054054054054 0.6978865979381442 0.09308880308880309 0.14680412371134022
1 0.34756756756756757 0.932680412371134 0.0894980694980695 0.11185567010309277
1 0.4949420849420849 0.9598969072164948 0.12177606177606178 0.08025773195876289
1 0.5925868725868726 0.6906701030927835 0.08741312741312741 0.1129381443298969
1 0.7260617760617761 0.6416494845360825 0.0850965250965251 0.12237113402061855
1 0.7815057915057915 0.18103092783505154 0.10467181467181468 0.11835051546391753
1 0.927027027027027 0.11268041237113402 0.08297297297297297 0.11886597938144329
1 0.9597683397683399 0.39603092783505156 0.08050193050193051 0.11474226804123712
1 0.9456756756756757 0.5792268041237114 0.09911196911196912 0.14231958762886598
1 0.971081081081081 0.7125257731958763 0.05783783783783784 0.11845360824742268
1 0.9490733590733591 0.9213402061855671 0.08478764478764479 0.11458762886597938
1 0.1966023166023166 0.025515463917525773 0.08942084942084942 0.05108247422680413
1 0.04007722007722008 0.025515463917525773 0.08015444015444016 0.05108247422680413
