1 0.7356370656370657 0.10046153846153846 0.09343629343629344 0.13974358974358975
1 0.4191119691119691 0.20394871794871797 0.09498069498069499 0.13030769230769232
1 0.6221235521235521 0.44158974358974357 0.11335907335907336 0.2343076923076923
1 0.83996138996139 0.12230769230769231 0.1133976833976834 0.16066666666666665
1 0.7769498069498069 0.2083076923076923 0.06799227799227799 0.12538461538461537
1 0.705907335907336 0.2215897435897436 0.08718146718146717 0.12917948717948718
1 0.8497683397683398 0.24210256410256412 0.09525096525096526 0.14512820512820512
1 0.9756756756756756 0.23497435897435898 0.048648648648648644 0.13092307692307692
1 0.6390733590733592 0.2867692307692308 0.06833976833976833 0.08415384615384615
1 0.6804247104247104 0.34789743589743594 0.09277992277992278 0.12897435897435897
1 0.7775289575289576 0.3249230769230769 0.10861003861003861 0.14451282051282052
1 0.8972972972972973 0.3501025641025641 0.09772200772200772 0.1378974358974359
1 0.8583397683397683 0.4545128205128205 0.11416988416988418 0.14174358974358975
1 0.9551737451737451 0.4592820512820513 0.08482625482625482 0.18543589743589742
1 0.7242471042471043 0.43364102564102563 0.10664092664092664 0.12276923076923077
1 0.7066023166023165 0.5563076923076923 0.10907335907335908 0.16989743589743592
1 0.7856756756756758 0.5063589743589744 0.08374517374517375 0.11784615384615385
1 0.798957528957529 0.6153333333333333 0.11204633204633205 0.1444102564102564
1 0.9073745173745174 0.584 0.09386100386100385 0.1387179487179487
1 0.6002702702702702 0.6942051282051283 0.10509652509652509 0.17466666666666666
1 0.6545559845559845 0.8094871794871794 0.09081081081081081 0.17964102564102566
1 0.6888030888030888 0.9307179487179488 0.11806949806949807 0.12364102564102564
1 0.7757528957528957 0.929897435897436 0.09988416988416988 0.14025641025641025
1 0.9190733590733591 0.733897435897436 0.10185328185328185 0.18107692307692308
1 0.8592277992277992 0.7042051282051282 0.07301158301158302 0.1422051282051282
1 0.7723938223938225 0.7542051282051282 0.11374517374517375 0.16938461538461538
