1 0.4755076923076923 0.1568958742632613 0.064 0.10029469548133595
1 0.6792692307692307 0.16221021611001965 0.08536923076923077 0.17482318271119843
1 0.6345615384615384 0.24603143418467585 0.10757692307692307 0.15146365422396857
1 0.5072846153846154 0.45965618860510804 0.11449999999999999 0.15029469548133595
1 0.6497 0.4879862475442043 0.08546923076923077 0.1257563850687623
1 0.5275692307692308 0.5747249508840865 0.09206153846153847 0.07256385068762279
1 0.5068076923076923 0.6577210216110019 0.10496153846153845 0.1368762278978389
1 0.6183538461538461 0.5683988212180746 0.052015384615384616 0.06581532416502947
1 0.5901615384615385 0.6697445972495087 0.08930769230769231 0.1692632612966601
1 0.665776923076923 0.7148919449901768 0.15365384615384614 0.21351669941060905
1 0.8141692307692309 0.5411394891944991 0.20077692307692308 0.26222003929273086
1 0.8556846153846155 0.4099410609037328 0.09216153846153846 0.11643418467583497
1 0.7396692307692309 0.6980550098231827 0.04443846153846154 0.15350687622789785
1 0.7637923076923077 0.7097445972495088 0.04666923076923077 0.08702357563850688
1 0.3951153846153846 0.3312966601178782 0.02663076923076923 0.04207269155206287
1 0.3684076923076923 0.0999901768172888 0.020284615384615387 0.040461689587426325
