1 0.7301777777777777 0.10236607142857143 0.17337777777777777 0.17375000000000002
1 0.6112888888888889 0.039419642857142854 0.12986666666666666 0.07879464285714285
1 0.4939111111111111 0.2228125 0.16577777777777777 0.18267857142857144
1 0.05942222222222222 0.2050892857142857 0.11884444444444443 0.14258928571428572
1 0.2543111111111111 0.4304017857142857 0.17004444444444444 0.1447767857142857
1 0.42035555555555554 0.37656249999999997 0.1713333333333333 0.16723214285714286
1 0.06657777777777778 0.5549999999999999 0.13315555555555555 0.16629464285714285
1 0.06608888888888889 0.7145982142857142 0.1322222222222222 0.1648214285714286
1 0.45439999999999997 0.8617410714285715 0.14231111111111114 0.1524107142857143
1 0.5966666666666667 0.8936160714285714 0.13533333333333333 0.12549107142857144
1 0.7692444444444445 0.7354017857142857 0.14275555555555555 0.14361607142857144
1 0.7546222222222222 0.58375 0.14124444444444445 0.15633928571428574
1 0.6352 0.5291964285714286 0.1545777777777778 0.1471875
